bcdms,sig_r,p target
converted from 10018.xlsx
*
 0.0300  0
x      Q2       F2  Ebeam     stat  sys_tot  dummy  dummy
0.070    7.50  0.38934    0.0  0.00600  0.00412    0.0    0.0
0.070    8.75  0.37624    0.0  0.00521  0.00488    0.0    0.0
0.100    7.50  0.38055    0.0  0.00424  0.00277    0.0    0.0
0.100    8.75  0.38347    0.0  0.00351  0.00303    0.0    0.0
0.100   10.25  0.37960    0.0  0.00362  0.00297    0.0    0.0
0.140    8.75  0.37560    0.0  0.00390  0.00246    0.0    0.0
0.140   10.25  0.37676    0.0  0.00396  0.00258    0.0    0.0
0.140   11.75  0.37259    0.0  0.00430  0.00263    0.0    0.0
0.140   13.25  0.36575    0.0  0.00468  0.00228    0.0    0.0
0.140   15.00  0.37196    0.0  0.00481  0.00250    0.0    0.0
0.180    8.75  0.36786    0.0  0.00489  0.00274    0.0    0.0
0.180   10.25  0.36457    0.0  0.00474  0.00236    0.0    0.0
0.180   11.75  0.36492    0.0  0.00501  0.00239    0.0    0.0
0.180   13.25  0.36270    0.0  0.00534  0.00252    0.0    0.0
0.180   15.00  0.36228    0.0  0.00521  0.00231    0.0    0.0
0.180   17.00  0.35350    0.0  0.00571  0.00218    0.0    0.0
0.225   10.25  0.34051    0.0  0.00481  0.00228    0.0    0.0
0.225   11.75  0.34545    0.0  0.00501  0.00223    0.0    0.0
0.225   13.25  0.33693    0.0  0.00520  0.00214    0.0    0.0
0.225   15.00  0.33517    0.0  0.00490  0.00213    0.0    0.0
0.225   17.00  0.31962    0.0  0.00522  0.00197    0.0    0.0
0.225   19.00  0.32172    0.0  0.00578  0.00209    0.0    0.0
0.225   21.50  0.31154    0.0  0.00552  0.00196    0.0    0.0
0.225   24.50  0.32112    0.0  0.00522  0.00059    0.0    0.0
0.225   28.00  0.31410    0.0  0.00529  0.00077    0.0    0.0
0.275   10.25  0.30440    0.0  0.00536  0.00299    0.0    0.0
0.275   11.75  0.29925    0.0  0.00545  0.00216    0.0    0.0
0.275   13.25  0.30155    0.0  0.00574  0.00195    0.0    0.0
0.275   15.00  0.30341    0.0  0.00527  0.00187    0.0    0.0
0.275   17.00  0.30373    0.0  0.00564  0.00185    0.0    0.0
0.275   19.00  0.28923    0.0  0.00592  0.00181    0.0    0.0
0.275   21.50  0.29763    0.0  0.00559  0.00180    0.0    0.0
0.275   24.50  0.27886    0.0  0.00498  0.00048    0.0    0.0
0.275   28.00  0.28971    0.0  0.00507  0.00084    0.0    0.0
0.275   32.50  0.28090    0.0  0.00471  0.00061    0.0    0.0
0.275   37.50  0.26784    0.0  0.00583  0.00046    0.0    0.0
0.350   11.75  0.24001    0.0  0.00427  0.00220    0.0    0.0
0.350   13.25  0.23349    0.0  0.00434  0.00185    0.0    0.0
0.350   15.00  0.23093    0.0  0.00383  0.00167    0.0    0.0
0.350   17.00  0.23689    0.0  0.00410  0.00158    0.0    0.0
0.350   19.00  0.22257    0.0  0.00416  0.00143    0.0    0.0
0.350   21.50  0.23218    0.0  0.00388  0.00142    0.0    0.0
0.350   24.50  0.22318    0.0  0.00283  0.00074    0.0    0.0
0.350   28.00  0.22454    0.0  0.00353  0.00064    0.0    0.0
0.350   32.50  0.21917    0.0  0.00320  0.00044    0.0    0.0
0.350   37.50  0.21761    0.0  0.00344  0.00038    0.0    0.0
0.350   43.00  0.21422    0.0  0.00367  0.00035    0.0    0.0
0.450   11.75  0.16020    0.0  0.00409  0.00150    0.0    0.0
0.450   13.25  0.15598    0.0  0.00430  0.00144    0.0    0.0
0.450   15.00  0.15493    0.0  0.00378  0.00140    0.0    0.0
0.450   17.00  0.15323    0.0  0.00403  0.00121    0.0    0.0
0.450   19.00  0.15558    0.0  0.00429  0.00121    0.0    0.0
0.450   21.50  0.14470    0.0  0.00362  0.00112    0.0    0.0
0.450   24.50  0.14443    0.0  0.00256  0.00069    0.0    0.0
0.450   28.00  0.13996    0.0  0.00313  0.00054    0.0    0.0
0.450   32.50  0.14332    0.0  0.00282  0.00060    0.0    0.0
0.450   37.50  0.14506    0.0  0.00310  0.00046    0.0    0.0
0.450   43.00  0.14063    0.0  0.00311  0.00053    0.0    0.0
0.450   49.50  0.13379    0.0  0.00310  0.00042    0.0    0.0
0.450   57.00  0.13603    0.0  0.00354  0.00038    0.0    0.0
0.550   11.75  0.09286    0.0  0.00316  0.00225    0.0    0.0
0.550   13.25  0.08784    0.0  0.00329  0.00183    0.0    0.0
0.550   15.00  0.08998    0.0  0.00306  0.00165    0.0    0.0
0.550   17.00  0.08469    0.0  0.00308  0.00138    0.0    0.0
0.550   19.00  0.08286    0.0  0.00319  0.00121    0.0    0.0
0.550   21.50  0.08279    0.0  0.00289  0.00105    0.0    0.0
0.550   24.50  0.08513    0.0  0.00206  0.00094    0.0    0.0
0.550   28.00  0.08099    0.0  0.00199  0.00084    0.0    0.0
0.550   32.50  0.08516    0.0  0.00236  0.00070    0.0    0.0
0.550   37.50  0.08100    0.0  0.00247  0.00058    0.0    0.0
0.550   43.00  0.08005    0.0  0.00251  0.00046    0.0    0.0
0.550   49.50  0.07690    0.0  0.00250  0.00040    0.0    0.0
0.550   57.00  0.07387    0.0  0.00267  0.00039    0.0    0.0
0.550   65.50  0.07196    0.0  0.00287  0.00035    0.0    0.0
0.650   13.25  0.04389    0.0  0.00187  0.00277    0.0    0.0
0.650   15.00  0.04264    0.0  0.00166  0.00233    0.0    0.0
0.650   17.00  0.04166    0.0  0.00184  0.00202    0.0    0.0
0.650   19.00  0.04150    0.0  0.00198  0.00173    0.0    0.0
0.650   21.50  0.04010    0.0  0.00178  0.00144    0.0    0.0
0.650   24.50  0.04115    0.0  0.00121  0.00113    0.0    0.0
0.650   28.00  0.03869    0.0  0.00121  0.00095    0.0    0.0
0.650   32.50  0.03826    0.0  0.00143  0.00079    0.0    0.0
0.650   37.50  0.03662    0.0  0.00161  0.00062    0.0    0.0
0.650   43.00  0.03524    0.0  0.00166  0.00050    0.0    0.0
0.650   49.50  0.03303    0.0  0.00166  0.00040    0.0    0.0
0.650   57.00  0.03363    0.0  0.00184  0.00035    0.0    0.0
0.650   65.50  0.02980    0.0  0.00186  0.00027    0.0    0.0
0.650   75.00  0.03194    0.0  0.00217  0.00026    0.0    0.0
0.750   24.50  0.01357    0.0  0.00064  0.00096    0.0    0.0
0.750   28.00  0.01365    0.0  0.00068  0.00090    0.0    0.0
0.750   32.50  0.01307    0.0  0.00065  0.00069    0.0    0.0
0.750   37.50  0.01169    0.0  0.00074  0.00051    0.0    0.0
0.750   43.00  0.01105    0.0  0.00079  0.00043    0.0    0.0
0.750   49.50  0.01082    0.0  0.00084  0.00035    0.0    0.0
0.750   57.00  0.01148    0.0  0.00100  0.00030    0.0    0.0
0.750   65.50  0.00966    0.0  0.00102  0.00022    0.0    0.0
0.750   75.00  0.01031    0.0  0.00119  0.00020    0.0    0.0
0.070    8.75  0.37824    0.0  0.00583  0.00405    0.0    0.0
0.070   10.25  0.37381    0.0  0.00596  0.00431    0.0    0.0
0.100   10.25  0.38707    0.0  0.00456  0.00285    0.0    0.0
0.100   11.75  0.38341    0.0  0.00476  0.00292    0.0    0.0
0.100   13.25  0.38291    0.0  0.00516  0.00272    0.0    0.0
0.140   11.75  0.38246    0.0  0.00571  0.00251    0.0    0.0
0.140   13.25  0.37607    0.0  0.00583  0.00253    0.0    0.0
0.140   15.00  0.37557    0.0  0.00564  0.00246    0.0    0.0
0.140   17.00  0.37197    0.0  0.00627  0.00229    0.0    0.0
0.140   19.00  0.36233    0.0  0.00684  0.00219    0.0    0.0
0.180   11.75  0.36009    0.0  0.00686  0.00244    0.0    0.0
0.180   13.25  0.35608    0.0  0.00688  0.00230    0.0    0.0
0.180   15.00  0.34792    0.0  0.00643  0.00224    0.0    0.0
0.180   17.00  0.35021    0.0  0.00693  0.00223    0.0    0.0
0.180   19.00  0.34539    0.0  0.00745  0.00218    0.0    0.0
0.180   21.50  0.35670    0.0  0.00694  0.00220    0.0    0.0
0.180   24.50  0.33272    0.0  0.00798  0.00201    0.0    0.0
0.225   11.75  0.32274    0.0  0.00660  0.00219    0.0    0.0
0.225   13.25  0.34040    0.0  0.00703  0.00223    0.0    0.0
0.225   15.00  0.32526    0.0  0.00632  0.00207    0.0    0.0
0.225   17.00  0.33403    0.0  0.00678  0.00211    0.0    0.0
0.225   19.00  0.31631    0.0  0.00705  0.00195    0.0    0.0
0.225   21.50  0.32392    0.0  0.00648  0.00204    0.0    0.0
0.225   24.50  0.31374    0.0  0.00709  0.00191    0.0    0.0
0.225   28.00  0.31301    0.0  0.00592  0.00077    0.0    0.0
0.225   32.50  0.31897    0.0  0.00582  0.00066    0.0    0.0
0.275   13.25  0.30041    0.0  0.00785  0.00197    0.0    0.0
0.275   15.00  0.31094    0.0  0.00731  0.00222    0.0    0.0
0.275   17.00  0.29574    0.0  0.00722  0.00182    0.0    0.0
0.275   19.00  0.29560    0.0  0.00754  0.00198    0.0    0.0
0.275   21.50  0.29235    0.0  0.00676  0.00176    0.0    0.0
0.275   24.50  0.28614    0.0  0.00484  0.00096    0.0    0.0
0.275   28.00  0.28387    0.0  0.00463  0.00088    0.0    0.0
0.275   32.50  0.28255    0.0  0.00472  0.00061    0.0    0.0
0.275   37.50  0.28359    0.0  0.00609  0.00075    0.0    0.0
0.275   43.00  0.26798    0.0  0.00615  0.00099    0.0    0.0
0.350   13.25  0.23697    0.0  0.00604  0.00164    0.0    0.0
0.350   15.00  0.23426    0.0  0.00545  0.00162    0.0    0.0
0.350   17.00  0.23448    0.0  0.00534  0.00141    0.0    0.0
0.350   19.00  0.22909    0.0  0.00549  0.00147    0.0    0.0
0.350   21.50  0.22136    0.0  0.00466  0.00138    0.0    0.0
0.350   24.50  0.23127    0.0  0.00351  0.00084    0.0    0.0
0.350   28.00  0.22575    0.0  0.00332  0.00075    0.0    0.0
0.350   32.50  0.22033    0.0  0.00319  0.00052    0.0    0.0
0.350   37.50  0.22098    0.0  0.00413  0.00036    0.0    0.0
0.350   43.00  0.21710    0.0  0.00418  0.00061    0.0    0.0
0.350   49.50  0.20737    0.0  0.00422  0.00036    0.0    0.0
0.350   57.00  0.21152    0.0  0.00496  0.00060    0.0    0.0
0.450   13.25  0.15958    0.0  0.00593  0.00160    0.0    0.0
0.450   15.00  0.16145    0.0  0.00548  0.00153    0.0    0.0
0.450   17.00  0.15240    0.0  0.00528  0.00138    0.0    0.0
0.450   19.00  0.15374    0.0  0.00554  0.00141    0.0    0.0
0.450   21.50  0.15342    0.0  0.00480  0.00122    0.0    0.0
0.450   24.50  0.14968    0.0  0.00319  0.00078    0.0    0.0
0.450   28.00  0.14585    0.0  0.00303  0.00072    0.0    0.0
0.450   32.50  0.14579    0.0  0.00291  0.00057    0.0    0.0
0.450   37.50  0.14296    0.0  0.00316  0.00053    0.0    0.0
0.450   43.00  0.14187    0.0  0.00365  0.00053    0.0    0.0
0.450   49.50  0.13688    0.0  0.00367  0.00047    0.0    0.0
0.450   57.00  0.13681    0.0  0.00386  0.00068    0.0    0.0
0.450   65.50  0.13381    0.0  0.00421  0.00038    0.0    0.0
0.450   75.00  0.12253    0.0  0.00479  0.00032    0.0    0.0
0.550   15.00  0.08494    0.0  0.00385  0.00193    0.0    0.0
0.550   17.00  0.07999    0.0  0.00362  0.00162    0.0    0.0
0.550   19.00  0.09073    0.0  0.00451  0.00151    0.0    0.0
0.550   21.50  0.08537    0.0  0.00371  0.00132    0.0    0.0
0.550   24.50  0.09156    0.0  0.00433  0.00124    0.0    0.0
0.550   28.00  0.08154    0.0  0.00229  0.00091    0.0    0.0
0.550   32.50  0.07923    0.0  0.00220  0.00074    0.0    0.0
0.550   37.50  0.07860    0.0  0.00247  0.00068    0.0    0.0
0.550   43.00  0.07617    0.0  0.00285  0.00056    0.0    0.0
0.550   49.50  0.07888    0.0  0.00300  0.00052    0.0    0.0
0.550   57.00  0.07464    0.0  0.00309  0.00044    0.0    0.0
0.550   65.50  0.06671    0.0  0.00320  0.00035    0.0    0.0
0.550   75.00  0.07039    0.0  0.00357  0.00033    0.0    0.0
0.550   86.00  0.07020    0.0  0.00379  0.00030    0.0    0.0
0.650   17.00  0.04111    0.0  0.00214  0.00227    0.0    0.0
0.650   19.00  0.04282    0.0  0.00238  0.00208    0.0    0.0
0.650   21.50  0.04106    0.0  0.00218  0.00181    0.0    0.0
0.650   24.50  0.03654    0.0  0.00230  0.00138    0.0    0.0
0.650   28.00  0.03692    0.0  0.00225  0.00121    0.0    0.0
0.650   32.50  0.03679    0.0  0.00136  0.00095    0.0    0.0
0.650   37.50  0.04065    0.0  0.00170  0.00088    0.0    0.0
0.650   43.00  0.03612    0.0  0.00184  0.00067    0.0    0.0
0.650   49.50  0.03589    0.0  0.00198  0.00057    0.0    0.0
0.650   57.00  0.03042    0.0  0.00193  0.00041    0.0    0.0
0.650   65.50  0.03560    0.0  0.00231  0.00043    0.0    0.0
0.650   75.00  0.03168    0.0  0.00243  0.00033    0.0    0.0
0.650   86.00  0.03041    0.0  0.00251  0.00029    0.0    0.0
0.650   99.00  0.03436    0.0  0.00295  0.00028    0.0    0.0
0.750   32.50  0.01335    0.0  0.00075  0.00084    0.0    0.0
0.750   37.50  0.01194    0.0  0.00084  0.00066    0.0    0.0
0.750   43.00  0.01238    0.0  0.00091  0.00061    0.0    0.0
0.750   49.50  0.01155    0.0  0.00097  0.00050    0.0    0.0
0.750   57.00  0.01169    0.0  0.00105  0.00043    0.0    0.0
0.750   65.50  0.01056    0.0  0.00117  0.00034    0.0    0.0
0.750   75.00  0.00992    0.0  0.00124  0.00026    0.0    0.0
0.750   86.00  0.00961    0.0  0.00134  0.00022    0.0    0.0
0.750   99.00  0.00815    0.0  0.00131  0.00016    0.0    0.0
0.070    8.75  0.37824    0.0  0.00583  0.00405    0.0    0.0
0.070   17.00  0.39928    0.0  0.00521  0.00383    0.0    0.0
0.070   19.00  0.39989    0.0  0.00527  0.00386    0.0    0.0
0.100   19.00  0.39548    0.0  0.00407  0.00199    0.0    0.0
0.100   21.50  0.39338    0.0  0.00317  0.00223    0.0    0.0
0.100   24.50  0.39402    0.0  0.00339  0.00189    0.0    0.0
0.140   21.50  0.37841    0.0  0.00361  0.00183    0.0    0.0
0.140   24.50  0.37991    0.0  0.00378  0.00205    0.0    0.0
0.140   28.00  0.37499    0.0  0.00362  0.00144    0.0    0.0
0.140   32.50  0.36709    0.0  0.00356  0.00151    0.0    0.0
0.180   21.50  0.35061    0.0  0.00419  0.00175    0.0    0.0
0.180   24.50  0.36077    0.0  0.00434  0.00146    0.0    0.0
0.180   28.00  0.36004    0.0  0.00413  0.00143    0.0    0.0
0.180   32.50  0.34712    0.0  0.00288  0.00119    0.0    0.0
0.180   37.50  0.34052    0.0  0.00302  0.00083    0.0    0.0
0.180   43.00  0.34255    0.0  0.00301  0.00074    0.0    0.0
0.225   28.00  0.32246    0.0  0.00384  0.00137    0.0    0.0
0.225   32.50  0.32715    0.0  0.00365  0.00118    0.0    0.0
0.225   37.50  0.31302    0.0  0.00276  0.00070    0.0    0.0
0.225   43.00  0.31337    0.0  0.00269  0.00085    0.0    0.0
0.225   49.50  0.30607    0.0  0.00264  0.00109    0.0    0.0
0.225   57.00  0.31349    0.0  0.00363  0.00065    0.0    0.0
0.275   28.00  0.28822    0.0  0.00409  0.00110    0.0    0.0
0.275   32.50  0.28252    0.0  0.00372  0.00115    0.0    0.0
0.275   37.50  0.27908    0.0  0.00290  0.00068    0.0    0.0
0.275   43.00  0.27264    0.0  0.00272  0.00065    0.0    0.0
0.275   49.50  0.27001    0.0  0.00272  0.00084    0.0    0.0
0.275   57.00  0.27276    0.0  0.00292  0.00061    0.0    0.0
0.275   65.50  0.26985    0.0  0.00361  0.00071    0.0    0.0
0.275   75.00  0.26068    0.0  0.00385  0.00111    0.0    0.0
0.350   32.50  0.22221    0.0  0.00276  0.00078    0.0    0.0
0.350   37.50  0.21985    0.0  0.00209  0.00058    0.0    0.0
0.350   43.00  0.21666    0.0  0.00201  0.00066    0.0    0.0
0.350   49.50  0.21473    0.0  0.00196  0.00057    0.0    0.0
0.350   57.00  0.21410    0.0  0.00203  0.00075    0.0    0.0
0.350   65.50  0.20758    0.0  0.00210  0.00043    0.0    0.0
0.350   75.00  0.20193    0.0  0.00258  0.00035    0.0    0.0
0.350   86.00  0.20554    0.0  0.00273  0.00079    0.0    0.0
0.350   99.00  0.20033    0.0  0.00297  0.00048    0.0    0.0
0.450   32.50  0.14298    0.0  0.00266  0.00106    0.0    0.0
0.450   37.50  0.13689    0.0  0.00276  0.00086    0.0    0.0
0.450   43.00  0.13873    0.0  0.00183  0.00074    0.0    0.0
0.450   49.50  0.13676    0.0  0.00179  0.00058    0.0    0.0
0.450   57.00  0.13594    0.0  0.00185  0.00055    0.0    0.0
0.450   65.50  0.13030    0.0  0.00183  0.00053    0.0    0.0
0.450   75.00  0.12735    0.0  0.00225  0.00040    0.0    0.0
0.450   86.00  0.13085    0.0  0.00235  0.00054    0.0    0.0
0.450   99.00  0.12724    0.0  0.00243  0.00037    0.0    0.0
0.450  115.50  0.12334    0.0  0.00239  0.00038    0.0    0.0
0.550   32.50  0.07733    0.0  0.00202  0.00155    0.0    0.0
0.550   37.50  0.08019    0.0  0.00227  0.00137    0.0    0.0
0.550   43.00  0.07591    0.0  0.00135  0.00104    0.0    0.0
0.550   49.50  0.07558    0.0  0.00136  0.00093    0.0    0.0
0.550   57.00  0.07589    0.0  0.00145  0.00073    0.0    0.0
0.550   65.50  0.07090    0.0  0.00142  0.00055    0.0    0.0
0.550   75.00  0.07022    0.0  0.00155  0.00050    0.0    0.0
0.550   86.00  0.07299    0.0  0.00191  0.00050    0.0    0.0
0.550   99.00  0.06683    0.0  0.00188  0.00039    0.0    0.0
0.550  115.50  0.06513    0.0  0.00185  0.00034    0.0    0.0
0.550  137.50  0.06621    0.0  0.00196  0.00033    0.0    0.0
0.650   32.50  0.03721    0.0  0.00122  0.00171    0.0    0.0
0.650   37.50  0.03407    0.0  0.00130  0.00141    0.0    0.0
0.650   43.00  0.03538    0.0  0.00078  0.00125    0.0    0.0
0.650   49.50  0.03512    0.0  0.00083  0.00108    0.0    0.0
0.650   57.00  0.03327    0.0  0.00086  0.00084    0.0    0.0
0.650   65.50  0.03248    0.0  0.00092  0.00067    0.0    0.0
0.650   75.00  0.03213    0.0  0.00100  0.00054    0.0    0.0
0.650   86.00  0.03359    0.0  0.00126  0.00048    0.0    0.0
0.650   99.00  0.03080    0.0  0.00128  0.00041    0.0    0.0
0.650  115.50  0.02839    0.0  0.00125  0.00031    0.0    0.0
0.650  137.50  0.02780    0.0  0.00130  0.00025    0.0    0.0
0.750   43.00  0.01252    0.0  0.00042  0.00108    0.0    0.0
0.750   49.50  0.01189    0.0  0.00044  0.00091    0.0    0.0
0.750   57.00  0.01076    0.0  0.00046  0.00075    0.0    0.0
0.750   65.50  0.01068    0.0  0.00052  0.00066    0.0    0.0
0.750   75.00  0.01117    0.0  0.00058  0.00063    0.0    0.0
0.750   86.00  0.00999    0.0  0.00058  0.00048    0.0    0.0
0.750   99.00  0.00905    0.0  0.00060  0.00039    0.0    0.0
0.750  115.50  0.00813    0.0  0.00061  0.00029    0.0    0.0
0.750  137.50  0.00903    0.0  0.00068  0.00026    0.0    0.0
0.070    8.75  0.37824    0.0  0.00583  0.00405    0.0    0.0
0.100   32.50  0.39629    0.0  0.00559  0.00255    0.0    0.0
0.100   37.50  0.39408    0.0  0.00630  0.00190    0.0    0.0
0.140   37.50  0.37285    0.0  0.00654  0.00167    0.0    0.0
0.140   43.00  0.37063    0.0  0.00645  0.00153    0.0    0.0
0.140   49.50  0.35668    0.0  0.00661  0.00146    0.0    0.0
0.140   57.00  0.37001    0.0  0.00802  0.00143    0.0    0.0
0.180   37.50  0.34630    0.0  0.00695  0.00140    0.0    0.0
0.180   43.00  0.35894    0.0  0.00694  0.00124    0.0    0.0
0.180   49.50  0.33701    0.0  0.00706  0.00122    0.0    0.0
0.180   57.00  0.34082    0.0  0.00475  0.00081    0.0    0.0
0.180   65.50  0.33512    0.0  0.00504  0.00080    0.0    0.0
0.225   37.50  0.31199    0.0  0.00658  0.00141    0.0    0.0
0.225   43.00  0.30882    0.0  0.00631  0.00127    0.0    0.0
0.225   49.50  0.31671    0.0  0.00659  0.00110    0.0    0.0
0.225   57.00  0.30994    0.0  0.00435  0.00067    0.0    0.0
0.225   65.50  0.31282    0.0  0.00470  0.00074    0.0    0.0
0.225   75.00  0.30247    0.0  0.00499  0.00063    0.0    0.0
0.225   86.00  0.30229    0.0  0.00533  0.00068    0.0    0.0
0.275   37.50  0.27396    0.0  0.00704  0.00105    0.0    0.0
0.275   43.00  0.27856    0.0  0.00659  0.00094    0.0    0.0
0.275   49.50  0.26652    0.0  0.00657  0.00101    0.0    0.0
0.275   57.00  0.27485    0.0  0.00459  0.00098    0.0    0.0
0.275   65.50  0.26066    0.0  0.00471  0.00081    0.0    0.0
0.275   75.00  0.27476    0.0  0.00518  0.00087    0.0    0.0
0.275   86.00  0.25960    0.0  0.00508  0.00045    0.0    0.0
0.275   99.00  0.25794    0.0  0.00630  0.00045    0.0    0.0
0.275  115.50  0.25851    0.0  0.00693  0.00045    0.0    0.0
0.350   43.00  0.20759    0.0  0.00472  0.00091    0.0    0.0
0.350   49.50  0.21481    0.0  0.00480  0.00080    0.0    0.0
0.350   57.00  0.21242    0.0  0.00329  0.00075    0.0    0.0
0.350   65.50  0.20092    0.0  0.00333  0.00061    0.0    0.0
0.350   75.00  0.20936    0.0  0.00360  0.00055    0.0    0.0
0.350   86.00  0.20583    0.0  0.00358  0.00072    0.0    0.0
0.350   99.00  0.20313    0.0  0.00375  0.00062    0.0    0.0
0.350  115.50  0.20358    0.0  0.00441  0.00041    0.0    0.0
0.350  137.50  0.20044    0.0  0.00472  0.00040    0.0    0.0
0.450   43.00  0.12927    0.0  0.00441  0.00124    0.0    0.0
0.450   49.50  0.13776    0.0  0.00453  0.00126    0.0    0.0
0.450   57.00  0.13211    0.0  0.00296  0.00084    0.0    0.0
0.450   65.50  0.12867    0.0  0.00308  0.00068    0.0    0.0
0.450   75.00  0.13325    0.0  0.00326  0.00058    0.0    0.0
0.450   86.00  0.12660    0.0  0.00317  0.00055    0.0    0.0
0.450   99.00  0.13142    0.0  0.00336  0.00051    0.0    0.0
0.450  115.50  0.11975    0.0  0.00329  0.00045    0.0    0.0
0.450  137.50  0.11797    0.0  0.00388  0.00035    0.0    0.0
0.450  175.00  0.11841    0.0  0.00365  0.00033    0.0    0.0
0.550   43.00  0.07503    0.0  0.00349  0.00132    0.0    0.0
0.550   49.50  0.07680    0.0  0.00348  0.00120    0.0    0.0
0.550   57.00  0.07392    0.0  0.00221  0.00098    0.0    0.0
0.550   65.50  0.06995    0.0  0.00234  0.00079    0.0    0.0
0.550   75.00  0.07265    0.0  0.00258  0.00071    0.0    0.0
0.550   86.00  0.06750    0.0  0.00247  0.00061    0.0    0.0
0.550   99.00  0.06949    0.0  0.00262  0.00054    0.0    0.0
0.550  115.50  0.06775    0.0  0.00263  0.00048    0.0    0.0
0.550  137.50  0.07042    0.0  0.00324  0.00046    0.0    0.0
0.550  175.00  0.05990    0.0  0.00273  0.00034    0.0    0.0
0.550  230.00  0.06091    0.0  0.00366  0.00029    0.0    0.0
0.650   49.50  0.03371    0.0  0.00212  0.00129    0.0    0.0
0.650   57.00  0.03359    0.0  0.00136  0.00109    0.0    0.0
0.650   65.50  0.03077    0.0  0.00138  0.00082    0.0    0.0
0.650   75.00  0.03236    0.0  0.00156  0.00075    0.0    0.0
0.650   86.00  0.03091    0.0  0.00160  0.00061    0.0    0.0
0.650   99.00  0.03182    0.0  0.00173  0.00054    0.0    0.0
0.650  115.50  0.02900    0.0  0.00167  0.00044    0.0    0.0
0.650  137.50  0.03160    0.0  0.00221  0.00041    0.0    0.0
0.650  175.00  0.02724    0.0  0.00189  0.00030    0.0    0.0
0.650  230.00  0.02965    0.0  0.00248  0.00027    0.0    0.0
0.750   57.00  0.01165    0.0  0.00077  0.00112    0.0    0.0
0.750   65.50  0.01225    0.0  0.00087  0.00103    0.0    0.0
0.750   75.00  0.01111    0.0  0.00091  0.00080    0.0    0.0
0.750   86.00  0.00985    0.0  0.00088  0.00061    0.0    0.0
0.750   99.00  0.01010    0.0  0.00098  0.00049    0.0    0.0
0.750  115.50  0.00833    0.0  0.00093  0.00036    0.0    0.0
0.750  137.50  0.00925    0.0  0.00106  0.00033    0.0    0.0
0.750  175.00  0.00832    0.0  0.00098  0.00025    0.0    0.0
0.750  230.00  0.00798    0.0  0.00130  0.00016    0.0    0.0