bonus,F2,n target
converted from 10061.xlsx
*
 0.0300  0
x     Q2      F2  Ebeam   stat  sys_tot  dummy  dummy
0.079  0.423   0.002  4.223  0.002    0.109    0.0    0.0
0.113  0.505   0.107  4.223  0.130    0.067    0.0    0.0
0.111  0.508   0.050  4.223  0.084    0.095    0.0    0.0
0.104  0.513   0.172  4.223  0.191    0.033    0.0    0.0
0.102  0.513   0.333  4.223  0.166    0.051    0.0    0.0
0.257  0.611   0.277  4.223  0.451    0.037    0.0    0.0
0.218  0.629   0.381  4.223  0.210    0.082    0.0    0.0
0.212  0.628   0.205  4.223  0.144    0.013    0.0    0.0
0.204  0.624   0.392  4.223  0.175    0.086    0.0    0.0
0.197  0.627   0.364  4.223  0.157    0.071    0.0    0.0
0.191  0.624   0.187  4.223  0.099    0.024    0.0    0.0
0.188  0.626   0.182  4.223  0.094    0.027    0.0    0.0
0.185  0.625   0.134  4.223  0.072    0.051    0.0    0.0
0.179  0.626   0.181  4.223  0.072    0.030    0.0    0.0
0.177  0.625   0.135  4.223  0.061    0.054    0.0    0.0
0.171  0.626   0.241  4.223  0.074    0.012    0.0    0.0
0.167  0.625   0.132  4.223  0.050    0.058    0.0    0.0
0.164  0.625   0.156  4.223  0.048    0.048    0.0    0.0
0.162  0.625   0.247  4.223  0.055    0.013    0.0    0.0
0.159  0.624   0.158  4.223  0.041    0.049    0.0    0.0
0.154  0.624   0.213  4.223  0.043    0.025    0.0    0.0
0.150  0.623   0.209  4.223  0.039    0.027    0.0    0.0
0.147  0.623   0.266  4.223  0.039    0.014    0.0    0.0
0.144  0.622   0.154  4.223  0.030    0.053    0.0    0.0
0.142  0.621   0.203  4.223  0.031    0.030    0.0    0.0
0.138  0.620   0.209  4.223  0.029    0.027    0.0    0.0
0.136  0.619   0.232  4.223  0.028    0.017    0.0    0.0
0.133  0.618   0.233  4.223  0.027    0.016    0.0    0.0
0.130  0.617   0.220  4.223  0.024    0.021    0.0    0.0
0.127  0.616   0.212  4.223  0.023    0.023    0.0    0.0
0.125  0.615   0.199  4.223  0.021    0.028    0.0    0.0
0.122  0.614   0.195  4.223  0.020    0.028    0.0    0.0
0.120  0.612   6.332  4.223  7.339    3.061    0.0    0.0
0.117  0.610  10.758  4.223  3.198    5.286    0.0    0.0
0.625  0.755   0.043  4.223  0.058    0.014    0.0    0.0
0.599  0.753   0.127  4.223  0.076    0.011    0.0    0.0
0.585  0.752   0.072  4.223  0.071    0.060    0.0    0.0
0.556  0.751   0.417  4.223  0.113    0.084    0.0    0.0
0.537  0.752   0.216  4.223  0.079    0.020    0.0    0.0
0.519  0.751   0.286  4.223  0.077    0.039    0.0    0.0
0.498  0.750   0.236  4.223  0.067    0.033    0.0    0.0
0.488  0.750   0.134  4.223  0.047    0.014    0.0    0.0
0.467  0.750   0.054  4.223  0.030    0.044    0.0    0.0
0.451  0.749   0.064  4.223  0.033    0.036    0.0    0.0
0.440  0.749   0.105  4.223  0.034    0.015    0.0    0.0
0.428  0.748   0.090  4.223  0.032    0.022    0.0    0.0
0.412  0.747   0.102  4.223  0.034    0.018    0.0    0.0
0.396  0.748   0.063  4.223  0.028    0.038    0.0    0.0
0.388  0.747   0.167  4.223  0.035    0.013    0.0    0.0
0.376  0.746   0.132  4.223  0.033    0.015    0.0    0.0
0.365  0.746   0.154  4.223  0.034    0.014    0.0    0.0
0.355  0.745   0.212  4.223  0.037    0.014    0.0    0.0
0.345  0.744   0.182  4.223  0.033    0.011    0.0    0.0
0.336  0.743   0.163  4.223  0.030    0.015    0.0    0.0
0.326  0.742   0.153  4.223  0.027    0.018    0.0    0.0
0.317  0.742   0.248  4.223  0.032    0.034    0.0    0.0
0.308  0.741   0.170  4.223  0.027    0.011    0.0    0.0
0.300  0.739   0.220  4.223  0.029    0.020    0.0    0.0
0.291  0.738   0.195  4.223  0.027    0.010    0.0    0.0
0.284  0.738   0.175  4.223  0.025    0.017    0.0    0.0
0.277  0.737   0.194  4.223  0.026    0.017    0.0    0.0
0.269  0.736   0.232  4.223  0.026    0.013    0.0    0.0
0.262  0.735   0.234  4.223  0.026    0.013    0.0    0.0
0.256  0.734   0.240  4.223  0.024    0.013    0.0    0.0
0.249  0.733   0.253  4.223  0.024    0.020    0.0    0.0
0.244  0.732   0.188  4.223  0.020    0.018    0.0    0.0
0.238  0.731   0.211  4.223  0.021    0.011    0.0    0.0
0.231  0.730   0.201  4.223  0.019    0.013    0.0    0.0
0.226  0.729   0.187  4.223  0.019    0.020    0.0    0.0
0.221  0.728   0.209  4.223  0.019    0.013    0.0    0.0
0.216  0.727   0.250  4.223  0.020    0.017    0.0    0.0
0.210  0.726   0.258  4.223  0.020    0.019    0.0    0.0
0.206  0.725   0.236  4.223  0.019    0.012    0.0    0.0
0.202  0.723   0.255  4.223  0.019    0.015    0.0    0.0
0.196  0.722   0.251  4.223  0.019    0.013    0.0    0.0
0.192  0.721   0.259  4.223  0.019    0.015    0.0    0.0
0.188  0.719   0.247  4.223  0.018    0.012    0.0    0.0
0.183  0.718   0.233  4.223  0.017    0.015    0.0    0.0
0.180  0.717   0.245  4.223  0.017    0.013    0.0    0.0
0.176  0.716   0.247  4.223  0.017    0.013    0.0    0.0
0.173  0.714   0.222  4.223  0.016    0.022    0.0    0.0
0.169  0.713   0.252  4.223  0.017    0.013    0.0    0.0
0.165  0.712   0.240  4.223  0.016    0.016    0.0    0.0
0.163  0.712   0.249  4.223  0.016    0.014    0.0    0.0
0.159  0.711   0.260  4.223  0.016    0.013    0.0    0.0
0.156  0.712   0.250  4.223  0.016    0.014    0.0    0.0
0.153  0.711   0.242  4.223  0.015    0.015    0.0    0.0
0.150  0.711   0.208  4.223  0.014    0.028    0.0    0.0
0.147  0.710   0.227  4.223  0.015    0.020    0.0    0.0
0.145  0.709   0.239  4.223  0.015    0.015    0.0    0.0
0.142  0.709   0.260  4.223  0.016    0.013    0.0    0.0
0.139  0.708   0.266  4.223  0.016    0.015    0.0    0.0
0.700  0.865   0.014  4.223  0.004    0.002    0.0    0.0
0.676  0.863   0.043  4.223  0.008    0.005    0.0    0.0
0.652  0.863   0.082  4.223  0.012    0.008    0.0    0.0
0.629  0.862   0.161  4.223  0.016    0.021    0.0    0.0
0.609  0.861   0.205  4.223  0.018    0.018    0.0    0.0
0.590  0.861   0.261  4.223  0.019    0.026    0.0    0.0
0.571  0.859   0.275  4.223  0.019    0.034    0.0    0.0
0.552  0.859   0.218  4.223  0.016    0.020    0.0    0.0
0.534  0.858   0.168  4.223  0.013    0.012    0.0    0.0
0.518  0.858   0.151  4.223  0.012    0.010    0.0    0.0
0.501  0.857   0.135  4.223  0.011    0.008    0.0    0.0
0.486  0.857   0.136  4.223  0.011    0.010    0.0    0.0
0.473  0.856   0.121  4.223  0.011    0.007    0.0    0.0
0.457  0.855   0.105  4.223  0.010    0.011    0.0    0.0
0.444  0.854   0.119  4.223  0.011    0.007    0.0    0.0
0.431  0.853   0.118  4.223  0.011    0.009    0.0    0.0
0.419  0.853   0.136  4.223  0.012    0.007    0.0    0.0
0.408  0.852   0.160  4.223  0.013    0.010    0.0    0.0
0.396  0.851   0.149  4.223  0.013    0.011    0.0    0.0
0.384  0.850   0.199  4.223  0.014    0.012    0.0    0.0
0.374  0.849   0.195  4.223  0.014    0.012    0.0    0.0
0.365  0.849   0.197  4.223  0.014    0.013    0.0    0.0
0.356  0.848   0.178  4.223  0.013    0.009    0.0    0.0
0.345  0.847   0.168  4.223  0.012    0.009    0.0    0.0
0.338  0.847   0.177  4.223  0.013    0.009    0.0    0.0
0.329  0.846   0.184  4.223  0.013    0.010    0.0    0.0
0.321  0.846   0.198  4.223  0.014    0.013    0.0    0.0
0.313  0.845   0.218  4.223  0.014    0.016    0.0    0.0
0.304  0.845   0.236  4.223  0.015    0.015    0.0    0.0
0.298  0.845   0.229  4.223  0.015    0.013    0.0    0.0
0.293  0.845   0.251  4.223  0.015    0.014    0.0    0.0
0.284  0.845   0.223  4.223  0.014    0.012    0.0    0.0
0.277  0.845   0.200  4.223  0.013    0.013    0.0    0.0
0.272  0.845   0.219  4.223  0.014    0.012    0.0    0.0
0.266  0.845   0.195  4.223  0.013    0.013    0.0    0.0
0.259  0.845   0.202  4.223  0.013    0.012    0.0    0.0
0.254  0.845   0.208  4.223  0.014    0.011    0.0    0.0
0.248  0.845   0.218  4.223  0.014    0.011    0.0    0.0
0.243  0.845   0.242  4.223  0.015    0.015    0.0    0.0
0.237  0.845   0.218  4.223  0.014    0.012    0.0    0.0
0.232  0.844   0.237  4.223  0.015    0.013    0.0    0.0
0.227  0.844   0.256  4.223  0.015    0.017    0.0    0.0
0.223  0.843   0.242  4.223  0.015    0.012    0.0    0.0
0.218  0.843   0.248  4.223  0.015    0.013    0.0    0.0
0.214  0.842   0.239  4.223  0.015    0.012    0.0    0.0
0.210  0.842   0.247  4.223  0.015    0.012    0.0    0.0
0.205  0.842   0.248  4.223  0.015    0.013    0.0    0.0
0.202  0.842   0.215  4.223  0.014    0.023    0.0    0.0
0.198  0.842   0.237  4.223  0.014    0.016    0.0    0.0
0.193  0.842   0.270  4.223  0.015    0.015    0.0    0.0
0.190  0.843   0.254  4.223  0.015    0.013    0.0    0.0
0.187  0.842   0.228  4.223  0.014    0.020    0.0    0.0
0.183  0.843   0.234  4.223  0.015    0.018    0.0    0.0
0.180  0.843   0.250  4.223  0.015    0.014    0.0    0.0
0.177  0.843   0.268  4.223  0.015    0.014    0.0    0.0
0.174  0.843   0.242  4.223  0.015    0.015    0.0    0.0
0.170  0.842   0.250  4.223  0.015    0.014    0.0    0.0
0.167  0.842   0.253  4.223  0.015    0.013    0.0    0.0
0.734  1.007   0.014  4.223  0.003    0.001    0.0    0.0
0.710  1.007   0.033  4.223  0.005    0.003    0.0    0.0
0.687  1.006   0.087  4.223  0.009    0.015    0.0    0.0
0.668  1.006   0.138  4.223  0.011    0.021    0.0    0.0
0.645  1.006   0.193  4.223  0.013    0.023    0.0    0.0
0.628  1.005   0.213  4.223  0.014    0.019    0.0    0.0
0.609  1.006   0.236  4.223  0.014    0.030    0.0    0.0
0.591  1.006   0.177  4.223  0.011    0.014    0.0    0.0
0.575  1.006   0.158  4.223  0.010    0.015    0.0    0.0
0.558  1.006   0.126  4.223  0.009    0.008    0.0    0.0
0.543  1.007   0.124  4.223  0.009    0.010    0.0    0.0
0.527  1.006   0.114  4.223  0.009    0.007    0.0    0.0
0.513  1.006   0.105  4.223  0.009    0.006    0.0    0.0
0.498  1.006   0.106  4.223  0.009    0.006    0.0    0.0
0.485  1.006   0.119  4.223  0.009    0.007    0.0    0.0
0.470  1.006   0.101  4.223  0.009    0.010    0.0    0.0
0.459  1.005   0.125  4.223  0.010    0.007    0.0    0.0
0.447  1.005   0.121  4.223  0.010    0.009    0.0    0.0
0.436  1.005   0.156  4.223  0.012    0.009    0.0    0.0
0.425  1.004   0.168  4.223  0.012    0.009    0.0    0.0
0.415  1.003   0.166  4.223  0.012    0.009    0.0    0.0
0.406  1.003   0.175  4.223  0.012    0.011    0.0    0.0
0.395  1.002   0.190  4.223  0.012    0.018    0.0    0.0
0.386  1.003   0.147  4.223  0.011    0.009    0.0    0.0
0.377  1.003   0.180  4.223  0.012    0.014    0.0    0.0
0.368  1.003   0.181  4.223  0.012    0.013    0.0    0.0
0.360  1.003   0.186  4.223  0.012    0.013    0.0    0.0
0.351  1.004   0.224  4.223  0.014    0.023    0.0    0.0
0.344  1.003   0.191  4.223  0.013    0.013    0.0    0.0
0.336  1.004   0.220  4.223  0.014    0.012    0.0    0.0
0.327  1.005   0.213  4.223  0.014    0.013    0.0    0.0
0.322  1.006   0.187  4.223  0.013    0.017    0.0    0.0
0.315  1.006   0.197  4.223  0.013    0.011    0.0    0.0
0.307  1.006   0.188  4.223  0.013    0.012    0.0    0.0
0.301  1.007   0.202  4.223  0.013    0.010    0.0    0.0
0.294  1.007   0.159  4.223  0.012    0.023    0.0    0.0
0.289  1.007   0.213  4.223  0.013    0.012    0.0    0.0
0.283  1.007   0.199  4.223  0.013    0.011    0.0    0.0
0.276  1.007   0.201  4.223  0.013    0.012    0.0    0.0
0.271  1.007   0.221  4.223  0.014    0.011    0.0    0.0
0.266  1.007   0.239  4.223  0.014    0.015    0.0    0.0
0.260  1.007   0.256  4.223  0.015    0.020    0.0    0.0
0.255  1.006   0.257  4.223  0.015    0.019    0.0    0.0
0.249  1.005   0.238  4.223  0.015    0.012    0.0    0.0
0.244  1.005   0.219  4.223  0.014    0.014    0.0    0.0
0.240  1.004   0.227  4.223  0.014    0.013    0.0    0.0
0.236  1.004   0.267  4.223  0.015    0.018    0.0    0.0
0.231  1.003   0.209  4.223  0.014    0.021    0.0    0.0
0.227  1.003   0.239  4.223  0.015    0.013    0.0    0.0
0.223  1.003   0.233  4.223  0.015    0.015    0.0    0.0
0.219  1.003   0.254  4.223  0.015    0.013    0.0    0.0
0.215  1.004   0.244  4.223  0.015    0.013    0.0    0.0
0.212  1.004   0.240  4.223  0.015    0.014    0.0    0.0
0.208  1.005   0.237  4.223  0.015    0.015    0.0    0.0
0.204  1.006   0.255  4.223  0.015    0.013    0.0    0.0
0.765  1.198   0.011  4.223  0.002    0.001    0.0    0.0
0.745  1.199   0.039  4.223  0.005    0.007    0.0    0.0
0.724  1.199   0.049  4.223  0.007    0.005    0.0    0.0
0.704  1.198   0.101  4.223  0.010    0.012    0.0    0.0
0.686  1.198   0.155  4.223  0.013    0.019    0.0    0.0
0.668  1.198   0.158  4.223  0.012    0.013    0.0    0.0
0.651  1.198   0.149  4.223  0.012    0.011    0.0    0.0
0.633  1.199   0.166  4.223  0.012    0.021    0.0    0.0
0.616  1.199   0.115  4.223  0.010    0.008    0.0    0.0
0.601  1.200   0.096  4.223  0.009    0.006    0.0    0.0
0.585  1.200   0.101  4.223  0.009    0.008    0.0    0.0
0.570  1.200   0.089  4.223  0.009    0.006    0.0    0.0
0.556  1.200   0.087  4.223  0.008    0.006    0.0    0.0
0.542  1.200   0.102  4.223  0.009    0.007    0.0    0.0
0.528  1.199   0.102  4.223  0.009    0.007    0.0    0.0
0.517  1.199   0.116  4.223  0.010    0.010    0.0    0.0
0.505  1.199   0.127  4.223  0.010    0.012    0.0    0.0
0.491  1.198   0.124  4.223  0.011    0.008    0.0    0.0
0.480  1.198   0.129  4.223  0.011    0.008    0.0    0.0
0.470  1.198   0.154  4.223  0.012    0.009    0.0    0.0
0.458  1.198   0.166  4.223  0.012    0.012    0.0    0.0
0.448  1.197   0.155  4.223  0.012    0.009    0.0    0.0
0.439  1.197   0.153  4.223  0.011    0.010    0.0    0.0
0.429  1.198   0.151  4.223  0.011    0.010    0.0    0.0
0.418  1.198   0.159  4.223  0.012    0.012    0.0    0.0
0.409  1.198   0.143  4.223  0.012    0.008    0.0    0.0
0.400  1.198   0.172  4.223  0.012    0.013    0.0    0.0
0.392  1.198   0.174  4.223  0.013    0.010    0.0    0.0
0.384  1.198   0.186  4.223  0.013    0.010    0.0    0.0
0.376  1.199   0.196  4.223  0.014    0.013    0.0    0.0
0.368  1.198   0.207  4.223  0.014    0.011    0.0    0.0
0.360  1.199   0.194  4.223  0.014    0.010    0.0    0.0
0.353  1.198   0.184  4.223  0.013    0.010    0.0    0.0
0.347  1.198   0.186  4.223  0.013    0.010    0.0    0.0
0.338  1.198   0.187  4.223  0.013    0.010    0.0    0.0
0.331  1.198   0.204  4.223  0.014    0.013    0.0    0.0
0.325  1.198   0.221  4.223  0.014    0.020    0.0    0.0
0.319  1.198   0.209  4.223  0.014    0.013    0.0    0.0
0.312  1.198   0.193  4.223  0.014    0.010    0.0    0.0
0.307  1.197   0.228  4.223  0.015    0.017    0.0    0.0
0.301  1.197   0.233  4.223  0.015    0.018    0.0    0.0
0.295  1.198   0.255  4.223  0.016    0.026    0.0    0.0
0.290  1.198   0.234  4.223  0.016    0.015    0.0    0.0
0.285  1.199   0.245  4.223  0.016    0.018    0.0    0.0
0.280  1.200   0.226  4.223  0.015    0.012    0.0    0.0
0.275  1.201   0.209  4.223  0.015    0.013    0.0    0.0
0.270  1.202   0.233  4.223  0.015    0.012    0.0    0.0
0.265  1.203   0.211  4.223  0.014    0.015    0.0    0.0
0.261  1.203   0.230  4.223  0.015    0.012    0.0    0.0
0.255  1.202   0.237  4.223  0.015    0.012    0.0    0.0
0.251  1.203   0.227  4.223  0.014    0.013    0.0    0.0
0.247  1.203   0.220  4.223  0.014    0.016    0.0    0.0
0.796  1.425   0.008  4.223  0.002    0.001    0.0    0.0
0.776  1.424   0.031  4.223  0.005    0.006    0.0    0.0
0.759  1.424   0.043  4.223  0.007    0.005    0.0    0.0
0.739  1.423   0.075  4.223  0.009    0.008    0.0    0.0
0.722  1.423   0.129  4.223  0.012    0.019    0.0    0.0
0.703  1.423   0.125  4.223  0.012    0.011    0.0    0.0
0.688  1.422   0.122  4.223  0.011    0.010    0.0    0.0
0.672  1.423   0.111  4.223  0.010    0.009    0.0    0.0
0.656  1.423   0.099  4.223  0.009    0.008    0.0    0.0
0.641  1.425   0.089  4.223  0.009    0.008    0.0    0.0
0.626  1.424   0.103  4.223  0.009    0.015    0.0    0.0
0.612  1.423   0.080  4.223  0.008    0.006    0.0    0.0
0.597  1.424   0.081  4.223  0.009    0.006    0.0    0.0
0.584  1.424   0.080  4.223  0.009    0.005    0.0    0.0
0.572  1.424   0.084  4.223  0.009    0.006    0.0    0.0
0.558  1.424   0.084  4.223  0.009    0.005    0.0    0.0
0.548  1.424   0.091  4.223  0.010    0.006    0.0    0.0
0.535  1.424   0.108  4.223  0.011    0.008    0.0    0.0
0.524  1.424   0.118  4.223  0.011    0.007    0.0    0.0
0.513  1.424   0.136  4.223  0.012    0.008    0.0    0.0
0.502  1.425   0.153  4.223  0.012    0.014    0.0    0.0
0.491  1.425   0.148  4.223  0.012    0.013    0.0    0.0
0.481  1.426   0.141  4.223  0.012    0.012    0.0    0.0
0.473  1.425   0.148  4.223  0.012    0.016    0.0    0.0
0.462  1.425   0.135  4.223  0.012    0.010    0.0    0.0
0.452  1.425   0.127  4.223  0.012    0.007    0.0    0.0
0.443  1.425   0.138  4.223  0.012    0.008    0.0    0.0
0.434  1.425   0.156  4.223  0.013    0.009    0.0    0.0
0.426  1.424   0.173  4.223  0.014    0.009    0.0    0.0
0.416  1.425   0.161  4.223  0.014    0.018    0.0    0.0
0.409  1.425   0.175  4.223  0.014    0.013    0.0    0.0
0.402  1.426   0.152  4.223  0.013    0.016    0.0    0.0
0.394  1.426   0.173  4.223  0.014    0.009    0.0    0.0
0.386  1.425   0.157  4.223  0.013    0.009    0.0    0.0
0.380  1.427   0.158  4.223  0.013    0.009    0.0    0.0
0.373  1.426   0.158  4.223  0.013    0.010    0.0    0.0
0.366  1.428   0.172  4.223  0.014    0.009    0.0    0.0
0.358  1.430   0.160  4.223  0.013    0.011    0.0    0.0
0.352  1.429   0.188  4.223  0.014    0.011    0.0    0.0
0.346  1.430   0.195  4.223  0.014    0.012    0.0    0.0
0.340  1.430   0.189  4.223  0.014    0.010    0.0    0.0
0.332  1.430   0.187  4.223  0.014    0.010    0.0    0.0
0.326  1.429   0.203  4.223  0.015    0.011    0.0    0.0
0.321  1.428   0.209  4.223  0.015    0.012    0.0    0.0
0.315  1.428   0.210  4.223  0.015    0.011    0.0    0.0
0.311  1.428   0.218  4.223  0.015    0.012    0.0    0.0
0.305  1.428   0.235  4.223  0.015    0.017    0.0    0.0
0.299  1.428   0.182  4.223  0.014    0.019    0.0    0.0
0.822  1.699   0.007  4.223  0.002    0.001    0.0    0.0
0.805  1.696   0.021  4.223  0.004    0.004    0.0    0.0
0.786  1.697   0.034  4.223  0.006    0.005    0.0    0.0
0.769  1.696   0.055  4.223  0.008    0.006    0.0    0.0
0.754  1.694   0.069  4.223  0.010    0.008    0.0    0.0
0.740  1.695   0.112  4.223  0.012    0.014    0.0    0.0
0.724  1.695   0.087  4.223  0.010    0.009    0.0    0.0
0.710  1.695   0.075  4.223  0.009    0.007    0.0    0.0
0.695  1.696   0.083  4.223  0.010    0.009    0.0    0.0
0.679  1.695   0.066  4.223  0.008    0.005    0.0    0.0
0.665  1.698   0.064  4.223  0.008    0.006    0.0    0.0
0.653  1.697   0.062  4.223  0.008    0.005    0.0    0.0
0.638  1.697   0.062  4.223  0.008    0.005    0.0    0.0
0.628  1.699   0.066  4.223  0.009    0.005    0.0    0.0
0.612  1.698   0.065  4.223  0.009    0.004    0.0    0.0
0.604  1.700   0.080  4.223  0.010    0.009    0.0    0.0
0.590  1.700   0.092  4.223  0.010    0.011    0.0    0.0
0.581  1.701   0.066  4.223  0.010    0.009    0.0    0.0
0.568  1.702   0.083  4.223  0.010    0.008    0.0    0.0
0.555  1.703   0.114  4.223  0.012    0.008    0.0    0.0
0.546  1.703   0.120  4.223  0.012    0.009    0.0    0.0
0.535  1.703   0.112  4.223  0.011    0.007    0.0    0.0
0.527  1.704   0.108  4.223  0.011    0.007    0.0    0.0
0.517  1.704   0.109  4.223  0.011    0.007    0.0    0.0
0.507  1.705   0.114  4.223  0.012    0.009    0.0    0.0
0.497  1.705   0.116  4.223  0.012    0.008    0.0    0.0
0.486  1.704   0.118  4.223  0.012    0.007    0.0    0.0
0.478  1.704   0.116  4.223  0.012    0.009    0.0    0.0
0.470  1.704   0.151  4.223  0.013    0.009    0.0    0.0
0.460  1.704   0.163  4.223  0.014    0.009    0.0    0.0
0.452  1.704   0.156  4.223  0.013    0.010    0.0    0.0
0.444  1.702   0.143  4.223  0.013    0.011    0.0    0.0
0.436  1.704   0.157  4.223  0.013    0.010    0.0    0.0
0.429  1.704   0.146  4.223  0.013    0.008    0.0    0.0
0.421  1.704   0.129  4.223  0.012    0.010    0.0    0.0
0.413  1.703   0.140  4.223  0.013    0.008    0.0    0.0
0.406  1.704   0.159  4.223  0.013    0.010    0.0    0.0
0.401  1.704   0.141  4.223  0.013    0.009    0.0    0.0
0.392  1.703   0.162  4.223  0.013    0.009    0.0    0.0
0.385  1.704   0.170  4.223  0.014    0.010    0.0    0.0
0.379  1.704   0.173  4.223  0.014    0.010    0.0    0.0
0.372  1.702   0.175  4.223  0.014    0.010    0.0    0.0
0.368  1.701   0.207  4.223  0.016    0.020    0.0    0.0
0.847  2.030   0.004  4.223  0.002    0.001    0.0    0.0
0.831  2.035   0.010  4.223  0.004    0.002    0.0    0.0
0.816  2.034   0.020  4.223  0.006    0.003    0.0    0.0
0.801  2.035   0.040  4.223  0.008    0.005    0.0    0.0
0.789  2.032   0.058  4.223  0.010    0.007    0.0    0.0
0.771  2.030   0.056  4.223  0.009    0.010    0.0    0.0
0.759  2.032   0.074  4.223  0.010    0.008    0.0    0.0
0.745  2.034   0.071  4.223  0.010    0.009    0.0    0.0
0.730  2.031   0.073  4.223  0.010    0.012    0.0    0.0
0.721  2.032   0.054  4.223  0.008    0.006    0.0    0.0
0.706  2.031   0.044  4.223  0.007    0.004    0.0    0.0
0.693  2.030   0.049  4.223  0.008    0.005    0.0    0.0
0.678  2.032   0.040  4.223  0.007    0.004    0.0    0.0
0.668  2.032   0.041  4.223  0.008    0.004    0.0    0.0
0.654  2.030   0.051  4.223  0.008    0.004    0.0    0.0
0.642  2.035   0.047  4.223  0.009    0.004    0.0    0.0
0.633  2.031   0.061  4.223  0.010    0.005    0.0    0.0
0.622  2.030   0.078  4.223  0.011    0.009    0.0    0.0
0.611  2.031   0.070  4.223  0.011    0.006    0.0    0.0
0.600  2.032   0.102  4.223  0.012    0.010    0.0    0.0
0.589  2.032   0.085  4.223  0.011    0.006    0.0    0.0
0.580  2.033   0.108  4.223  0.012    0.012    0.0    0.0
0.570  2.034   0.089  4.223  0.011    0.006    0.0    0.0
0.559  2.034   0.097  4.223  0.012    0.009    0.0    0.0
0.548  2.031   0.103  4.223  0.012    0.011    0.0    0.0
0.539  2.034   0.103  4.223  0.012    0.009    0.0    0.0
0.530  2.033   0.083  4.223  0.011    0.008    0.0    0.0
0.522  2.033   0.122  4.223  0.013    0.010    0.0    0.0
0.513  2.031   0.138  4.223  0.014    0.010    0.0    0.0
0.506  2.030   0.121  4.223  0.014    0.012    0.0    0.0
0.494  2.030   0.143  4.223  0.014    0.008    0.0    0.0
0.487  2.030   0.126  4.223  0.013    0.008    0.0    0.0
0.479  2.030   0.102  4.223  0.013    0.013    0.0    0.0
0.472  2.031   0.121  4.223  0.013    0.007    0.0    0.0
0.465  2.029   0.138  4.223  0.014    0.011    0.0    0.0
0.456  2.031   0.140  4.223  0.014    0.011    0.0    0.0
0.449  2.030   0.138  4.223  0.014    0.010    0.0    0.0
0.867  2.420   0.003  4.223  0.002    0.001    0.0    0.0
0.860  2.421   0.003  4.223  0.003    0.002    0.0    0.0
0.840  2.420   0.021  4.223  0.006    0.004    0.0    0.0
0.829  2.417   0.033  4.223  0.008    0.005    0.0    0.0
0.814  2.417   0.039  4.223  0.009    0.006    0.0    0.0
0.801  2.414   0.063  4.223  0.011    0.009    0.0    0.0
0.790  2.419   0.045  4.223  0.009    0.007    0.0    0.0
0.778  2.417   0.049  4.223  0.009    0.006    0.0    0.0
0.760  2.420   0.052  4.223  0.009    0.009    0.0    0.0
0.750  2.416   0.032  4.223  0.008    0.004    0.0    0.0
0.739  2.415   0.040  4.223  0.008    0.005    0.0    0.0
0.727  2.418   0.047  4.223  0.009    0.008    0.0    0.0
0.715  2.416   0.037  4.223  0.008    0.004    0.0    0.0
0.703  2.419   0.026  4.223  0.007    0.004    0.0    0.0
0.692  2.419   0.035  4.223  0.009    0.003    0.0    0.0
0.681  2.416   0.047  4.223  0.010    0.006    0.0    0.0
0.673  2.420   0.047  4.223  0.010    0.004    0.0    0.0
0.663  2.419   0.063  4.223  0.011    0.009    0.0    0.0
0.653  2.421   0.055  4.223  0.011    0.004    0.0    0.0
0.642  2.420   0.061  4.223  0.011    0.006    0.0    0.0
0.631  2.418   0.088  4.223  0.013    0.010    0.0    0.0
0.621  2.419   0.062  4.223  0.011    0.005    0.0    0.0
0.613  2.419   0.062  4.223  0.011    0.005    0.0    0.0
0.600  2.418   0.057  4.223  0.011    0.006    0.0    0.0
0.593  2.420   0.057  4.223  0.011    0.006    0.0    0.0
0.585  2.418   0.077  4.223  0.013    0.006    0.0    0.0
0.575  2.417   0.107  4.223  0.015    0.016    0.0    0.0
0.566  2.415   0.093  4.223  0.014    0.007    0.0    0.0
0.554  2.412   0.109  4.223  0.015    0.007    0.0    0.0
0.887  2.877   0.007  4.223  0.003    0.003    0.0    0.0
0.872  2.875   0.008  4.223  0.004    0.002    0.0    0.0
0.862  2.875   0.014  4.223  0.006    0.003    0.0    0.0
0.851  2.880   0.032  4.223  0.009    0.007    0.0    0.0
0.838  2.875   0.022  4.223  0.008    0.006    0.0    0.0
0.824  2.870   0.021  4.223  0.008    0.009    0.0    0.0
0.815  2.873   0.031  4.223  0.009    0.005    0.0    0.0
0.802  2.870   0.031  4.223  0.009    0.004    0.0    0.0
0.790  2.867   0.042  4.223  0.010    0.009    0.0    0.0
0.778  2.873   0.017  4.223  0.007    0.004    0.0    0.0
0.767  2.863   0.019  4.223  0.007    0.003    0.0    0.0
0.759  2.874   0.019  4.223  0.008    0.003    0.0    0.0
0.752  2.867   0.027  4.223  0.009    0.004    0.0    0.0
0.742  2.874   0.030  4.223  0.010    0.004    0.0    0.0
0.725  2.870   0.036  4.223  0.010    0.006    0.0    0.0
0.715  2.864   0.043  4.223  0.011    0.008    0.0    0.0
0.703  2.870   0.040  4.223  0.011    0.005    0.0    0.0
0.701  2.863   0.027  4.223  0.011    0.005    0.0    0.0
0.896  3.418   0.002  4.223  0.002    0.000    0.0    0.0
0.877  3.414   0.002  4.233  0.002    0.004    0.0    0.0
0.090  0.602   0.123  5.262  0.165    0.074    0.0    0.0
0.147  0.732   0.209  5.262  0.114    0.038    0.0    0.0
0.146  0.736   0.056  5.262  0.095    0.112    0.0    0.0
0.142  0.737   0.117  5.262  0.082    0.082    0.0    0.0
0.139  0.741   0.234  5.262  0.092    0.027    0.0    0.0
0.135  0.743   0.133  5.262  0.067    0.075    0.0    0.0
0.134  0.742   0.174  5.262  0.067    0.055    0.0    0.0
0.132  0.743   0.184  5.262  0.062    0.051    0.0    0.0
0.119  0.745   0.109  5.262  0.041    0.088    0.0    0.0
0.110  0.742   0.134  5.262  0.032    0.075    0.0    0.0
0.105  0.739   0.186  5.262  0.027    0.050    0.0    0.0
0.298  0.887   0.527  5.262  0.281    0.141    0.0    0.0
0.293  0.892   0.282  5.262  0.161    0.026    0.0    0.0
0.287  0.896   0.528  5.262  0.221    0.150    0.0    0.0
0.270  0.892   0.248  5.262  0.127    0.015    0.0    0.0
0.264  0.896   0.039  5.262  0.074    0.098    0.0    0.0
0.260  0.897   0.120  5.262  0.069    0.060    0.0    0.0
0.251  0.897   0.250  5.262  0.090    0.013    0.0    0.0
0.248  0.895   0.366  5.262  0.094    0.061    0.0    0.0
0.245  0.895   0.206  5.262  0.062    0.025    0.0    0.0
0.238  0.894   0.280  5.262  0.070    0.018    0.0    0.0
0.234  0.894   0.276  5.262  0.063    0.016    0.0    0.0
0.228  0.894   0.256  5.262  0.056    0.014    0.0    0.0
0.224  0.893   0.238  5.262  0.048    0.020    0.0    0.0
0.221  0.893   0.274  5.262  0.048    0.014    0.0    0.0
0.214  0.893   0.262  5.262  0.042    0.015    0.0    0.0
0.211  0.892   0.241  5.262  0.038    0.023    0.0    0.0
0.206  0.892   0.215  5.262  0.035    0.036    0.0    0.0
0.202  0.891   0.247  5.262  0.033    0.023    0.0    0.0
0.199  0.890   0.244  5.262  0.031    0.024    0.0    0.0
0.193  0.889   0.238  5.262  0.028    0.028    0.0    0.0
0.190  0.888   0.269  5.262  0.028    0.017    0.0    0.0
0.187  0.887   0.223  5.262  0.025    0.035    0.0    0.0
0.183  0.885   0.261  5.262  0.024    0.019    0.0    0.0
0.180  0.883   0.280  5.262  0.024    0.015    0.0    0.0
0.175  0.881   0.236  5.262  0.021    0.028    0.0    0.0
0.173  0.880   0.254  5.262  0.020    0.021    0.0    0.0
0.169  0.879   0.221  5.262  0.018    0.034    0.0    0.0
0.166  0.877   0.259  5.262  0.018    0.018    0.0    0.0
0.163  0.876   0.231  5.262  0.017    0.028    0.0    0.0
0.160  0.874   0.238  5.262  0.016    0.026    0.0    0.0
0.157  0.873   0.244  5.262  0.016    0.024    0.0    0.0
0.154  0.871   0.230  5.262  0.015    0.030    0.0    0.0
0.151  0.869   0.267  5.262  0.015    0.017    0.0    0.0
0.148  0.868   0.227  5.262  0.013    0.032    0.0    0.0
0.146  0.866   0.252  5.262  0.014    0.022    0.0    0.0
0.143  0.864   0.230  5.262  0.013    0.032    0.0    0.0
0.140  0.861   0.261  5.262  0.019    0.019    0.0    0.0
0.123  0.850   0.033  5.262  0.006    0.129    0.0    0.0
0.747  1.076   0.025  5.262  0.015    0.006    0.0    0.0
0.722  1.077   0.032  5.262  0.018    0.003    0.0    0.0
0.704  1.075   0.071  5.262  0.032    0.008    0.0    0.0
0.681  1.075   0.098  5.262  0.041    0.009    0.0    0.0
0.659  1.076   0.155  5.262  0.046    0.012    0.0    0.0
0.644  1.075   0.166  5.262  0.039    0.017    0.0    0.0
0.623  1.074   0.168  5.262  0.039    0.014    0.0    0.0
0.606  1.074   0.206  5.262  0.039    0.025    0.0    0.0
0.589  1.072   0.083  5.262  0.024    0.028    0.0    0.0
0.575  1.072   0.086  5.262  0.023    0.020    0.0    0.0
0.557  1.071   0.095  5.262  0.023    0.012    0.0    0.0
0.541  1.070   0.093  5.262  0.022    0.012    0.0    0.0
0.530  1.069   0.118  5.262  0.023    0.007    0.0    0.0
0.514  1.067   0.099  5.262  0.020    0.010    0.0    0.0
0.499  1.067   0.109  5.262  0.021    0.008    0.0    0.0
0.488  1.067   0.080  5.262  0.018    0.022    0.0    0.0
0.475  1.065   0.102  5.262  0.019    0.015    0.0    0.0
0.463  1.064   0.123  5.262  0.020    0.012    0.0    0.0
0.450  1.063   0.148  5.262  0.022    0.011    0.0    0.0
0.439  1.061   0.165  5.262  0.022    0.012    0.0    0.0
0.429  1.060   0.193  5.262  0.022    0.012    0.0    0.0
0.415  1.059   0.135  5.262  0.019    0.021    0.0    0.0
0.408  1.058   0.177  5.262  0.019    0.010    0.0    0.0
0.395  1.056   0.147  5.262  0.017    0.013    0.0    0.0
0.387  1.055   0.121  5.262  0.016    0.026    0.0    0.0
0.379  1.054   0.151  5.262  0.017    0.014    0.0    0.0
0.369  1.053   0.207  5.262  0.019    0.016    0.0    0.0
0.360  1.051   0.178  5.262  0.017    0.014    0.0    0.0
0.352  1.050   0.207  5.262  0.018    0.013    0.0    0.0
0.344  1.049   0.208  5.262  0.018    0.023    0.0    0.0
0.337  1.047   0.226  5.262  0.017    0.016    0.0    0.0
0.329  1.046   0.209  5.262  0.016    0.017    0.0    0.0
0.322  1.045   0.188  5.262  0.015    0.020    0.0    0.0
0.314  1.044   0.187  5.262  0.014    0.019    0.0    0.0
0.307  1.042   0.181  5.262  0.014    0.021    0.0    0.0
0.301  1.041   0.224  5.262  0.015    0.012    0.0    0.0
0.294  1.039   0.217  5.262  0.014    0.012    0.0    0.0
0.288  1.038   0.224  5.262  0.014    0.012    0.0    0.0
0.282  1.036   0.203  5.262  0.013    0.018    0.0    0.0
0.275  1.035   0.214  5.262  0.014    0.016    0.0    0.0
0.271  1.033   0.242  5.262  0.014    0.012    0.0    0.0
0.264  1.032   0.239  5.262  0.014    0.013    0.0    0.0
0.258  1.031   0.216  5.262  0.013    0.021    0.0    0.0
0.254  1.029   0.225  5.262  0.013    0.019    0.0    0.0
0.248  1.027   0.239  5.262  0.013    0.016    0.0    0.0
0.243  1.026   0.216  5.262  0.012    0.026    0.0    0.0
0.238  1.025   0.224  5.262  0.012    0.025    0.0    0.0
0.233  1.023   0.236  5.262  0.012    0.022    0.0    0.0
0.228  1.022   0.229  5.262  0.012    0.026    0.0    0.0
0.225  1.020   0.233  5.262  0.012    0.025    0.0    0.0
0.220  1.019   0.240  5.262  0.012    0.023    0.0    0.0
0.216  1.017   0.246  5.262  0.012    0.021    0.0    0.0
0.212  1.016   0.228  5.262  0.011    0.029    0.0    0.0
0.208  1.015   0.235  5.262  0.011    0.027    0.0    0.0
0.205  1.014   0.237  5.262  0.011    0.026    0.0    0.0
0.202  1.013   0.235  5.262  0.011    0.027    0.0    0.0
0.197  1.013   0.236  5.262  0.011    0.027    0.0    0.0
0.194  1.012   0.250  5.262  0.011    0.021    0.0    0.0
0.191  1.012   0.247  5.262  0.011    0.021    0.0    0.0
0.187  1.012   0.240  5.262  0.011    0.023    0.0    0.0
0.185  1.011   0.239  5.262  0.011    0.023    0.0    0.0
0.181  1.011   0.235  5.262  0.011    0.026    0.0    0.0
0.178  1.011   0.259  5.262  0.011    0.018    0.0    0.0
0.175  1.011   0.246  5.262  0.011    0.023    0.0    0.0
0.172  1.010   0.240  5.262  0.011    0.026    0.0    0.0
0.169  1.010   0.259  5.262  0.011    0.019    0.0    0.0
0.166  1.009   0.262  5.262  0.011    0.018    0.0    0.0
0.164  1.008   0.253  5.262  0.011    0.022    0.0    0.0
0.161  1.008   0.251  5.262  0.011    0.023    0.0    0.0
0.159  1.008   0.245  5.262  0.010    0.026    0.0    0.0
0.156  1.008   0.255  5.262  0.010    0.022    0.0    0.0
0.154  1.008   0.256  5.262  0.010    0.022    0.0    0.0
0.152  1.008   0.257  5.262  0.011    0.022    0.0    0.0
0.149  1.008   0.258  5.262  0.011    0.022    0.0    0.0
0.147  1.007   0.267  5.262  0.011    0.019    0.0    0.0
0.145  1.007   0.267  5.262  0.011    0.019    0.0    0.0
0.143  1.007   0.258  5.262  0.011    0.022    0.0    0.0
0.768  1.221   0.016  5.262  0.003    0.002    0.0    0.0
0.747  1.222   0.042  5.262  0.005    0.009    0.0    0.0
0.727  1.220   0.070  5.262  0.008    0.011    0.0    0.0
0.707  1.221   0.113  5.262  0.010    0.015    0.0    0.0
0.688  1.220   0.145  5.262  0.011    0.012    0.0    0.0
0.671  1.218   0.175  5.262  0.012    0.014    0.0    0.0
0.654  1.218   0.168  5.262  0.011    0.012    0.0    0.0
0.636  1.217   0.148  5.262  0.010    0.011    0.0    0.0
0.619  1.217   0.127  5.262  0.009    0.009    0.0    0.0
0.604  1.217   0.104  5.262  0.008    0.007    0.0    0.0
0.588  1.216   0.099  5.262  0.007    0.006    0.0    0.0
0.575  1.216   0.084  5.262  0.007    0.009    0.0    0.0
0.559  1.215   0.087  5.262  0.007    0.008    0.0    0.0
0.545  1.214   0.101  5.262  0.008    0.006    0.0    0.0
0.532  1.214   0.091  5.262  0.007    0.009    0.0    0.0
0.518  1.213   0.112  5.262  0.008    0.006    0.0    0.0
0.507  1.212   0.098  5.262  0.008    0.011    0.0    0.0
0.494  1.212   0.107  5.262  0.008    0.012    0.0    0.0
0.482  1.211   0.146  5.262  0.009    0.008    0.0    0.0
0.471  1.210   0.147  5.262  0.009    0.012    0.0    0.0
0.459  1.210   0.161  5.262  0.010    0.009    0.0    0.0
0.450  1.208   0.145  5.262  0.009    0.011    0.0    0.0
0.439  1.208   0.156  5.262  0.009    0.008    0.0    0.0
0.430  1.207   0.147  5.262  0.009    0.009    0.0    0.0
0.421  1.207   0.154  5.262  0.009    0.008    0.0    0.0
0.410  1.206   0.136  5.262  0.009    0.014    0.0    0.0
0.401  1.206   0.165  5.262  0.009    0.009    0.0    0.0
0.393  1.205   0.164  5.262  0.009    0.013    0.0    0.0
0.385  1.205   0.163  5.262  0.010    0.025    0.0    0.0
0.377  1.205   0.185  5.262  0.010    0.026    0.0    0.0
0.369  1.204   0.201  5.262  0.010    0.021    0.0    0.0
0.361  1.204   0.188  5.262  0.010    0.019    0.0    0.0
0.354  1.204   0.189  5.262  0.010    0.014    0.0    0.0
0.348  1.204   0.182  5.262  0.009    0.015    0.0    0.0
0.340  1.204   0.201  5.262  0.010    0.010    0.0    0.0
0.333  1.204   0.204  5.262  0.010    0.011    0.0    0.0
0.326  1.204   0.183  5.262  0.009    0.016    0.0    0.0
0.319  1.204   0.177  5.262  0.009    0.020    0.0    0.0
0.314  1.204   0.215  5.262  0.010    0.011    0.0    0.0
0.308  1.204   0.208  5.262  0.010    0.013    0.0    0.0
0.302  1.204   0.221  5.262  0.010    0.012    0.0    0.0
0.295  1.205   0.240  5.262  0.011    0.013    0.0    0.0
0.291  1.205   0.234  5.262  0.011    0.012    0.0    0.0
0.285  1.204   0.230  5.262  0.011    0.013    0.0    0.0
0.280  1.204   0.232  5.262  0.011    0.014    0.0    0.0
0.274  1.203   0.237  5.262  0.011    0.014    0.0    0.0
0.269  1.203   0.221  5.262  0.010    0.020    0.0    0.0
0.264  1.202   0.235  5.262  0.011    0.017    0.0    0.0
0.259  1.201   0.229  5.262  0.010    0.020    0.0    0.0
0.255  1.201   0.206  5.262  0.010    0.031    0.0    0.0
0.250  1.200   0.217  5.262  0.010    0.027    0.0    0.0
0.246  1.199   0.223  5.262  0.010    0.025    0.0    0.0
0.242  1.199   0.238  5.262  0.010    0.020    0.0    0.0
0.238  1.199   0.229  5.262  0.010    0.024    0.0    0.0
0.234  1.199   0.222  5.262  0.010    0.028    0.0    0.0
0.230  1.201   0.229  5.262  0.010    0.025    0.0    0.0
0.227  1.201   0.245  5.262  0.011    0.019    0.0    0.0
0.223  1.201   0.252  5.262  0.011    0.016    0.0    0.0
0.219  1.202   0.217  5.262  0.010    0.030    0.0    0.0
0.215  1.202   0.229  5.262  0.010    0.024    0.0    0.0
0.212  1.203   0.247  5.262  0.011    0.017    0.0    0.0
0.208  1.204   0.225  5.262  0.010    0.026    0.0    0.0
0.205  1.203   0.235  5.262  0.010    0.023    0.0    0.0
0.202  1.204   0.262  5.262  0.011    0.015    0.0    0.0
0.198  1.203   0.244  5.262  0.010    0.021    0.0    0.0
0.195  1.202   0.239  5.262  0.010    0.024    0.0    0.0
0.192  1.201   0.248  5.262  0.011    0.021    0.0    0.0
0.189  1.200   0.217  5.262  0.010    0.035    0.0    0.0
0.186  1.199   0.249  5.262  0.011    0.022    0.0    0.0
0.184  1.198   0.244  5.262  0.011    0.024    0.0    0.0
0.181  1.198   0.265  5.262  0.011    0.017    0.0    0.0
0.179  1.199   0.245  5.262  0.011    0.025    0.0    0.0
0.176  1.200   0.241  5.262  0.011    0.027    0.0    0.0
0.174  1.201   0.247  5.262  0.010    0.025    0.0    0.0
0.171  1.202   0.249  5.262  0.010    0.024    0.0    0.0
0.794  1.430   0.012  5.262  0.002    0.002    0.0    0.0
0.775  1.430   0.025  5.262  0.004    0.003    0.0    0.0
0.757  1.431   0.047  5.262  0.005    0.005    0.0    0.0
0.739  1.430   0.075  5.262  0.007    0.007    0.0    0.0
0.722  1.428   0.106  5.262  0.008    0.009    0.0    0.0
0.705  1.429   0.130  5.262  0.008    0.011    0.0    0.0
0.688  1.429   0.123  5.262  0.008    0.010    0.0    0.0
0.672  1.429   0.112  5.262  0.007    0.008    0.0    0.0
0.656  1.430   0.104  5.262  0.007    0.008    0.0    0.0
0.641  1.428   0.080  5.262  0.006    0.007    0.0    0.0
0.626  1.430   0.073  5.262  0.006    0.007    0.0    0.0
0.611  1.429   0.069  5.262  0.006    0.008    0.0    0.0
0.598  1.429   0.072  5.262  0.006    0.007    0.0    0.0
0.585  1.429   0.080  5.262  0.006    0.006    0.0    0.0
0.573  1.428   0.081  5.262  0.006    0.006    0.0    0.0
0.559  1.429   0.091  5.262  0.007    0.005    0.0    0.0
0.547  1.428   0.097  5.262  0.007    0.006    0.0    0.0
0.535  1.429   0.111  5.262  0.008    0.006    0.0    0.0
0.524  1.428   0.125  5.262  0.008    0.007    0.0    0.0
0.512  1.428   0.115  5.262  0.008    0.016    0.0    0.0
0.501  1.426   0.143  5.262  0.008    0.008    0.0    0.0
0.490  1.425   0.126  5.262  0.008    0.010    0.0    0.0
0.481  1.425   0.133  5.262  0.008    0.007    0.0    0.0
0.471  1.425   0.121  5.262  0.008    0.010    0.0    0.0
0.461  1.424   0.126  5.262  0.008    0.009    0.0    0.0
0.453  1.424   0.140  5.262  0.008    0.008    0.0    0.0
0.443  1.424   0.136  5.262  0.008    0.010    0.0    0.0
0.434  1.424   0.153  5.262  0.009    0.010    0.0    0.0
0.426  1.424   0.165  5.262  0.009    0.015    0.0    0.0
0.417  1.424   0.179  5.262  0.010    0.019    0.0    0.0
0.410  1.425   0.169  5.262  0.009    0.024    0.0    0.0
0.401  1.425   0.177  5.262  0.009    0.015    0.0    0.0
0.394  1.425   0.171  5.262  0.009    0.013    0.0    0.0
0.386  1.426   0.151  5.262  0.009    0.018    0.0    0.0
0.379  1.427   0.167  5.262  0.009    0.012    0.0    0.0
0.372  1.427   0.162  5.262  0.009    0.014    0.0    0.0
0.365  1.428   0.174  5.262  0.009    0.012    0.0    0.0
0.359  1.429   0.187  5.262  0.010    0.010    0.0    0.0
0.352  1.430   0.177  5.262  0.010    0.014    0.0    0.0
0.345  1.431   0.200  5.262  0.010    0.010    0.0    0.0
0.340  1.431   0.201  5.262  0.010    0.011    0.0    0.0
0.334  1.432   0.217  5.262  0.010    0.011    0.0    0.0
0.327  1.431   0.190  5.262  0.010    0.017    0.0    0.0
0.322  1.432   0.227  5.262  0.010    0.012    0.0    0.0
0.316  1.431   0.227  5.262  0.011    0.012    0.0    0.0
0.310  1.431   0.200  5.262  0.010    0.018    0.0    0.0
0.305  1.430   0.204  5.262  0.010    0.018    0.0    0.0
0.300  1.431   0.219  5.262  0.010    0.015    0.0    0.0
0.294  1.429   0.202  5.262  0.010    0.023    0.0    0.0
0.289  1.429   0.193  5.262  0.010    0.028    0.0    0.0
0.285  1.429   0.227  5.262  0.010    0.016    0.0    0.0
0.280  1.429   0.202  5.262  0.010    0.026    0.0    0.0
0.276  1.428   0.208  5.262  0.010    0.024    0.0    0.0
0.271  1.428   0.208  5.262  0.010    0.025    0.0    0.0
0.267  1.429   0.222  5.262  0.010    0.020    0.0    0.0
0.262  1.428   0.216  5.262  0.010    0.023    0.0    0.0
0.258  1.428   0.214  5.262  0.010    0.024    0.0    0.0
0.254  1.427   0.209  5.262  0.010    0.026    0.0    0.0
0.250  1.427   0.241  5.262  0.011    0.015    0.0    0.0
0.245  1.428   0.225  5.262  0.011    0.019    0.0    0.0
0.241  1.427   0.210  5.262  0.010    0.026    0.0    0.0
0.238  1.427   0.223  5.262  0.011    0.022    0.0    0.0
0.234  1.427   0.231  5.262  0.011    0.019    0.0    0.0
0.231  1.427   0.251  5.262  0.011    0.014    0.0    0.0
0.229  1.428   0.216  5.262  0.010    0.027    0.0    0.0
0.225  1.429   0.226  5.262  0.010    0.024    0.0    0.0
0.222  1.431   0.238  5.262  0.011    0.020    0.0    0.0
0.218  1.433   0.243  5.262  0.010    0.019    0.0    0.0
0.215  1.434   0.248  5.262  0.010    0.018    0.0    0.0
0.211  1.435   0.251  5.262  0.010    0.018    0.0    0.0
0.208  1.435   0.258  5.262  0.010    0.016    0.0    0.0
0.206  1.435   0.243  5.262  0.010    0.022    0.0    0.0
0.203  1.433   0.259  5.262  0.010    0.017    0.0    0.0
0.823  1.700   0.009  5.262  0.002    0.001    0.0    0.0
0.804  1.701   0.020  5.262  0.003    0.002    0.0    0.0
0.788  1.701   0.033  5.262  0.004    0.004    0.0    0.0
0.770  1.700   0.058  5.262  0.006    0.006    0.0    0.0
0.755  1.702   0.076  5.262  0.007    0.009    0.0    0.0
0.740  1.702   0.084  5.262  0.007    0.012    0.0    0.0
0.725  1.704   0.102  5.262  0.007    0.009    0.0    0.0
0.710  1.703   0.090  5.262  0.007    0.008    0.0    0.0
0.694  1.704   0.081  5.262  0.006    0.007    0.0    0.0
0.680  1.704   0.060  5.262  0.005    0.006    0.0    0.0
0.668  1.705   0.060  5.262  0.005    0.005    0.0    0.0
0.652  1.705   0.063  5.262  0.005    0.005    0.0    0.0
0.639  1.706   0.067  5.262  0.006    0.005    0.0    0.0
0.626  1.707   0.068  5.262  0.006    0.005    0.0    0.0
0.617  1.705   0.068  5.262  0.006    0.005    0.0    0.0
0.603  1.705   0.076  5.262  0.006    0.005    0.0    0.0
0.590  1.705   0.078  5.262  0.007    0.005    0.0    0.0
0.579  1.705   0.083  5.262  0.007    0.006    0.0    0.0
0.568  1.704   0.092  5.262  0.007    0.009    0.0    0.0
0.557  1.704   0.107  5.262  0.008    0.009    0.0    0.0
0.546  1.704   0.115  5.262  0.008    0.008    0.0    0.0
0.535  1.704   0.120  5.262  0.008    0.007    0.0    0.0
0.526  1.704   0.122  5.262  0.008    0.008    0.0    0.0
0.516  1.704   0.109  5.262  0.007    0.006    0.0    0.0
0.506  1.704   0.105  5.262  0.007    0.007    0.0    0.0
0.496  1.704   0.118  5.262  0.008    0.007    0.0    0.0
0.487  1.703   0.121  5.262  0.008    0.008    0.0    0.0
0.478  1.704   0.121  5.262  0.008    0.013    0.0    0.0
0.469  1.703   0.127  5.262  0.008    0.020    0.0    0.0
0.461  1.703   0.149  5.262  0.009    0.020    0.0    0.0
0.453  1.704   0.167  5.262  0.009    0.013    0.0    0.0
0.444  1.704   0.137  5.262  0.008    0.020    0.0    0.0
0.437  1.704   0.139  5.262  0.008    0.015    0.0    0.0
0.429  1.704   0.144  5.262  0.008    0.011    0.0    0.0
0.422  1.703   0.143  5.262  0.008    0.011    0.0    0.0
0.413  1.704   0.150  5.262  0.009    0.010    0.0    0.0
0.407  1.704   0.132  5.262  0.008    0.018    0.0    0.0
0.400  1.704   0.178  5.262  0.009    0.010    0.0    0.0
0.393  1.704   0.162  5.262  0.009    0.010    0.0    0.0
0.387  1.704   0.162  5.262  0.009    0.012    0.0    0.0
0.381  1.705   0.176  5.262  0.010    0.010    0.0    0.0
0.373  1.704   0.190  5.262  0.010    0.010    0.0    0.0
0.367  1.704   0.187  5.262  0.010    0.010    0.0    0.0
0.361  1.704   0.164  5.262  0.009    0.018    0.0    0.0
0.355  1.704   0.185  5.262  0.010    0.013    0.0    0.0
0.348  1.703   0.202  5.262  0.010    0.011    0.0    0.0
0.343  1.702   0.185  5.262  0.010    0.016    0.0    0.0
0.337  1.703   0.199  5.262  0.010    0.013    0.0    0.0
0.332  1.704   0.185  5.262  0.010    0.020    0.0    0.0
0.328  1.704   0.197  5.262  0.010    0.016    0.0    0.0
0.323  1.704   0.204  5.262  0.010    0.015    0.0    0.0
0.318  1.704   0.209  5.262  0.010    0.014    0.0    0.0
0.313  1.705   0.213  5.262  0.011    0.014    0.0    0.0
0.307  1.705   0.210  5.262  0.010    0.015    0.0    0.0
0.303  1.707   0.197  5.262  0.010    0.021    0.0    0.0
0.298  1.707   0.205  5.262  0.010    0.018    0.0    0.0
0.293  1.707   0.222  5.262  0.011    0.013    0.0    0.0
0.290  1.708   0.209  5.262  0.010    0.017    0.0    0.0
0.285  1.709   0.206  5.262  0.010    0.018    0.0    0.0
0.281  1.709   0.215  5.262  0.010    0.015    0.0    0.0
0.276  1.710   0.207  5.262  0.010    0.019    0.0    0.0
0.273  1.710   0.219  5.262  0.010    0.015    0.0    0.0
0.268  1.710   0.214  5.262  0.010    0.018    0.0    0.0
0.264  1.710   0.239  5.262  0.010    0.013    0.0    0.0
0.260  1.710   0.209  5.262  0.010    0.023    0.0    0.0
0.257  1.709   0.228  5.262  0.010    0.016    0.0    0.0
0.253  1.708   0.233  5.262  0.010    0.016    0.0    0.0
0.250  1.708   0.245  5.262  0.010    0.013    0.0    0.0
0.246  1.708   0.233  5.262  0.010    0.017    0.0    0.0
0.242  1.708   0.230  5.262  0.010    0.019    0.0    0.0
0.239  1.707   0.243  5.262  0.015    0.015    0.0    0.0
0.847  2.032   0.006  5.262  0.001    0.001    0.0    0.0
0.829  2.032   0.015  5.262  0.003    0.002    0.0    0.0
0.816  2.032   0.029  5.262  0.004    0.004    0.0    0.0
0.802  2.032   0.039  5.262  0.005    0.005    0.0    0.0
0.787  2.031   0.049  5.262  0.006    0.009    0.0    0.0
0.773  2.032   0.051  5.262  0.006    0.015    0.0    0.0
0.759  2.031   0.062  5.262  0.006    0.010    0.0    0.0
0.745  2.032   0.070  5.262  0.006    0.007    0.0    0.0
0.731  2.031   0.062  5.262  0.006    0.006    0.0    0.0
0.716  2.032   0.057  5.262  0.006    0.005    0.0    0.0
0.705  2.033   0.044  5.262  0.005    0.005    0.0    0.0
0.693  2.031   0.049  5.262  0.005    0.004    0.0    0.0
0.679  2.035   0.045  5.262  0.005    0.004    0.0    0.0
0.667  2.033   0.052  5.262  0.006    0.004    0.0    0.0
0.655  2.033   0.061  5.262  0.006    0.006    0.0    0.0
0.643  2.034   0.053  5.262  0.006    0.004    0.0    0.0
0.633  2.035   0.066  5.262  0.007    0.005    0.0    0.0
0.622  2.033   0.059  5.262  0.006    0.007    0.0    0.0
0.610  2.033   0.079  5.262  0.007    0.006    0.0    0.0
0.600  2.033   0.091  5.262  0.008    0.007    0.0    0.0
0.590  2.032   0.088  5.262  0.008    0.008    0.0    0.0
0.580  2.034   0.101  5.262  0.008    0.007    0.0    0.0
0.570  2.034   0.086  5.262  0.007    0.006    0.0    0.0
0.559  2.032   0.079  5.262  0.007    0.008    0.0    0.0
0.550  2.034   0.090  5.262  0.008    0.006    0.0    0.0
0.541  2.033   0.097  5.262  0.008    0.006    0.0    0.0
0.531  2.033   0.102  5.262  0.008    0.006    0.0    0.0
0.522  2.033   0.123  5.262  0.009    0.007    0.0    0.0
0.512  2.034   0.114  5.262  0.008    0.014    0.0    0.0
0.505  2.035   0.116  5.262  0.009    0.022    0.0    0.0
0.496  2.033   0.132  5.262  0.009    0.014    0.0    0.0
0.489  2.033   0.110  5.262  0.008    0.019    0.0    0.0
0.481  2.033   0.125  5.262  0.009    0.010    0.0    0.0
0.473  2.033   0.136  5.262  0.009    0.007    0.0    0.0
0.464  2.033   0.126  5.262  0.009    0.008    0.0    0.0
0.457  2.033   0.131  5.262  0.009    0.008    0.0    0.0
0.450  2.033   0.138  5.262  0.009    0.007    0.0    0.0
0.443  2.034   0.130  5.262  0.009    0.009    0.0    0.0
0.436  2.033   0.145  5.262  0.010    0.008    0.0    0.0
0.429  2.033   0.153  5.262  0.010    0.008    0.0    0.0
0.422  2.034   0.156  5.262  0.010    0.008    0.0    0.0
0.416  2.034   0.168  5.262  0.010    0.009    0.0    0.0
0.410  2.035   0.173  5.262  0.010    0.010    0.0    0.0
0.403  2.037   0.151  5.262  0.010    0.012    0.0    0.0
0.397  2.038   0.158  5.262  0.010    0.011    0.0    0.0
0.392  2.039   0.154  5.262  0.010    0.014    0.0    0.0
0.386  2.040   0.185  5.262  0.011    0.010    0.0    0.0
0.379  2.041   0.175  5.262  0.010    0.011    0.0    0.0
0.374  2.041   0.152  5.262  0.010    0.021    0.0    0.0
0.368  2.041   0.188  5.262  0.010    0.010    0.0    0.0
0.363  2.042   0.168  5.262  0.010    0.017    0.0    0.0
0.357  2.041   0.182  5.262  0.010    0.013    0.0    0.0
0.351  2.040   0.170  5.262  0.010    0.019    0.0    0.0
0.347  2.039   0.172  5.262  0.010    0.019    0.0    0.0
0.342  2.039   0.180  5.262  0.010    0.016    0.0    0.0
0.336  2.039   0.187  5.262  0.010    0.015    0.0    0.0
0.331  2.040   0.179  5.262  0.010    0.018    0.0    0.0
0.326  2.040   0.184  5.262  0.010    0.017    0.0    0.0
0.322  2.040   0.175  5.262  0.010    0.021    0.0    0.0
0.318  2.040   0.194  5.262  0.010    0.014    0.0    0.0
0.313  2.039   0.197  5.262  0.010    0.013    0.0    0.0
0.307  2.037   0.197  5.262  0.011    0.014    0.0    0.0
0.304  2.036   0.202  5.262  0.011    0.014    0.0    0.0
0.300  2.036   0.225  5.262  0.011    0.011    0.0    0.0
0.296  2.034   0.211  5.262  0.011    0.013    0.0    0.0
0.291  2.034   0.235  5.262  0.012    0.012    0.0    0.0
0.287  2.033   0.220  5.262  0.012    0.013    0.0    0.0
0.282  2.034   0.198  5.262  0.016    0.021    0.0    0.0
0.868  2.420   0.007  5.262  0.001    0.002    0.0    0.0
0.854  2.421   0.009  5.262  0.002    0.001    0.0    0.0
0.840  2.419   0.018  5.262  0.004    0.003    0.0    0.0
0.830  2.417   0.030  5.262  0.005    0.004    0.0    0.0
0.815  2.415   0.035  5.262  0.005    0.008    0.0    0.0
0.801  2.417   0.057  5.262  0.007    0.007    0.0    0.0
0.788  2.416   0.043  5.262  0.006    0.009    0.0    0.0
0.777  2.420   0.044  5.262  0.006    0.006    0.0    0.0
0.764  2.416   0.043  5.262  0.006    0.004    0.0    0.0
0.751  2.416   0.036  5.262  0.005    0.004    0.0    0.0
0.739  2.417   0.035  5.262  0.005    0.003    0.0    0.0
0.727  2.418   0.035  5.262  0.005    0.003    0.0    0.0
0.717  2.419   0.028  5.262  0.005    0.005    0.0    0.0
0.705  2.417   0.038  5.262  0.005    0.003    0.0    0.0
0.693  2.418   0.036  5.262  0.006    0.004    0.0    0.0
0.683  2.422   0.042  5.262  0.006    0.003    0.0    0.0
0.675  2.417   0.039  5.262  0.006    0.005    0.0    0.0
0.660  2.419   0.046  5.262  0.006    0.005    0.0    0.0
0.651  2.419   0.062  5.262  0.007    0.005    0.0    0.0
0.642  2.421   0.073  5.262  0.008    0.005    0.0    0.0
0.632  2.422   0.085  5.262  0.008    0.006    0.0    0.0
0.621  2.421   0.063  5.262  0.007    0.008    0.0    0.0
0.613  2.424   0.079  5.262  0.008    0.006    0.0    0.0
0.602  2.422   0.076  5.262  0.008    0.005    0.0    0.0
0.593  2.423   0.068  5.262  0.007    0.005    0.0    0.0
0.584  2.424   0.072  5.262  0.007    0.005    0.0    0.0
0.576  2.426   0.071  5.262  0.008    0.008    0.0    0.0
0.565  2.427   0.089  5.262  0.008    0.006    0.0    0.0
0.559  2.427   0.093  5.262  0.009    0.011    0.0    0.0
0.548  2.428   0.088  5.262  0.008    0.021    0.0    0.0
0.542  2.428   0.098  5.262  0.009    0.016    0.0    0.0
0.532  2.430   0.108  5.262  0.009    0.008    0.0    0.0
0.525  2.430   0.107  5.262  0.008    0.007    0.0    0.0
0.518  2.429   0.105  5.262  0.008    0.006    0.0    0.0
0.509  2.430   0.110  5.262  0.009    0.006    0.0    0.0
0.502  2.429   0.110  5.262  0.009    0.006    0.0    0.0
0.495  2.428   0.114  5.262  0.009    0.006    0.0    0.0
0.488  2.428   0.119  5.262  0.009    0.007    0.0    0.0
0.480  2.429   0.105  5.262  0.009    0.010    0.0    0.0
0.474  2.427   0.113  5.262  0.009    0.008    0.0    0.0
0.466  2.428   0.139  5.262  0.010    0.009    0.0    0.0
0.457  2.427   0.138  5.262  0.010    0.008    0.0    0.0
0.452  2.428   0.137  5.262  0.010    0.007    0.0    0.0
0.445  2.428   0.137  5.262  0.010    0.008    0.0    0.0
0.438  2.427   0.151  5.262  0.010    0.008    0.0    0.0
0.432  2.429   0.139  5.262  0.010    0.009    0.0    0.0
0.426  2.428   0.152  5.262  0.010    0.008    0.0    0.0
0.422  2.429   0.146  5.262  0.010    0.010    0.0    0.0
0.415  2.428   0.176  5.262  0.011    0.011    0.0    0.0
0.409  2.427   0.168  5.262  0.011    0.009    0.0    0.0
0.402  2.427   0.142  5.262  0.010    0.016    0.0    0.0
0.396  2.426   0.153  5.262  0.010    0.013    0.0    0.0
0.391  2.425   0.162  5.262  0.010    0.011    0.0    0.0
0.387  2.422   0.165  5.262  0.011    0.011    0.0    0.0
0.381  2.423   0.174  5.262  0.011    0.010    0.0    0.0
0.375  2.423   0.155  5.262  0.011    0.016    0.0    0.0
0.371  2.424   0.163  5.262  0.011    0.014    0.0    0.0
0.366  2.424   0.173  5.262  0.011    0.011    0.0    0.0
0.360  2.423   0.171  5.262  0.012    0.012    0.0    0.0
0.355  2.423   0.192  5.262  0.012    0.010    0.0    0.0
0.350  2.422   0.190  5.262  0.012    0.010    0.0    0.0
0.344  2.419   0.205  5.262  0.013    0.012    0.0    0.0
0.339  2.417   0.192  5.262  0.014    0.010    0.0    0.0
0.335  2.415   0.181  5.262  0.014    0.013    0.0    0.0
0.886  2.889   0.004  5.262  0.001    0.001    0.0    0.0
0.877  2.889   0.008  5.262  0.002    0.001    0.0    0.0
0.863  2.891   0.014  5.262  0.004    0.002    0.0    0.0
0.853  2.886   0.015  5.262  0.004    0.004    0.0    0.0
0.841  2.889   0.023  5.262  0.005    0.006    0.0    0.0
0.827  2.888   0.028  5.262  0.005    0.008    0.0    0.0
0.818  2.890   0.035  5.262  0.006    0.006    0.0    0.0
0.807  2.886   0.032  5.262  0.006    0.004    0.0    0.0
0.794  2.889   0.031  5.262  0.005    0.003    0.0    0.0
0.783  2.887   0.027  5.262  0.005    0.003    0.0    0.0
0.771  2.888   0.024  5.262  0.005    0.003    0.0    0.0
0.760  2.887   0.040  5.262  0.006    0.009    0.0    0.0
0.752  2.888   0.024  5.262  0.005    0.002    0.0    0.0
0.739  2.888   0.025  5.262  0.005    0.002    0.0    0.0
0.730  2.890   0.037  5.262  0.006    0.006    0.0    0.0
0.720  2.888   0.022  5.262  0.005    0.005    0.0    0.0
0.712  2.889   0.036  5.262  0.006    0.003    0.0    0.0
0.701  2.888   0.053  5.262  0.007    0.008    0.0    0.0
0.690  2.887   0.034  5.262  0.006    0.007    0.0    0.0
0.680  2.888   0.053  5.262  0.007    0.005    0.0    0.0
0.668  2.886   0.063  5.262  0.007    0.005    0.0    0.0
0.662  2.887   0.057  5.262  0.007    0.004    0.0    0.0
0.654  2.886   0.053  5.262  0.007    0.004    0.0    0.0
0.643  2.888   0.055  5.262  0.007    0.004    0.0    0.0
0.637  2.889   0.065  5.262  0.008    0.006    0.0    0.0
0.626  2.891   0.063  5.262  0.007    0.005    0.0    0.0
0.615  2.891   0.081  5.262  0.008    0.009    0.0    0.0
0.609  2.888   0.065  5.262  0.008    0.007    0.0    0.0
0.601  2.888   0.072  5.262  0.008    0.010    0.0    0.0
0.591  2.890   0.080  5.262  0.008    0.012    0.0    0.0
0.586  2.890   0.070  5.262  0.008    0.016    0.0    0.0
0.576  2.891   0.072  5.262  0.008    0.012    0.0    0.0
0.567  2.888   0.067  5.262  0.008    0.011    0.0    0.0
0.561  2.891   0.087  5.262  0.008    0.005    0.0    0.0
0.550  2.890   0.079  5.262  0.008    0.006    0.0    0.0
0.545  2.889   0.077  5.262  0.008    0.007    0.0    0.0
0.538  2.889   0.098  5.262  0.009    0.007    0.0    0.0
0.530  2.887   0.092  5.262  0.009    0.005    0.0    0.0
0.522  2.887   0.095  5.262  0.009    0.005    0.0    0.0
0.516  2.887   0.114  5.262  0.010    0.010    0.0    0.0
0.510  2.886   0.103  5.262  0.009    0.006    0.0    0.0
0.502  2.887   0.115  5.262  0.010    0.008    0.0    0.0
0.495  2.888   0.125  5.262  0.010    0.010    0.0    0.0
0.489  2.890   0.102  5.262  0.010    0.009    0.0    0.0
0.484  2.888   0.106  5.262  0.010    0.009    0.0    0.0
0.475  2.887   0.111  5.262  0.010    0.009    0.0    0.0
0.468  2.886   0.126  5.262  0.011    0.007    0.0    0.0
0.463  2.885   0.129  5.262  0.011    0.007    0.0    0.0
0.456  2.885   0.110  5.262  0.011    0.014    0.0    0.0
0.451  2.880   0.120  5.262  0.011    0.012    0.0    0.0
0.444  2.877   0.141  5.262  0.012    0.008    0.0    0.0
0.439  2.879   0.125  5.262  0.012    0.012    0.0    0.0
0.432  2.874   0.138  5.262  0.013    0.009    0.0    0.0
0.427  2.872   0.138  5.262  0.013    0.010    0.0    0.0
0.422  2.870   0.144  5.262  0.014    0.009    0.0    0.0
0.416  2.870   0.147  5.262  0.014    0.009    0.0    0.0
0.410  2.871   0.138  5.262  0.014    0.012    0.0    0.0
0.406  2.873   0.138  5.262  0.015    0.012    0.0    0.0
0.399  2.873   0.116  5.262  0.015    0.023    0.0    0.0
0.895  3.446   0.008  5.262  0.003    0.002    0.0    0.0
0.881  3.434   0.012  5.262  0.004    0.002    0.0    0.0
0.874  3.439   0.013  5.262  0.004    0.003    0.0    0.0
0.863  3.433   0.019  5.262  0.005    0.004    0.0    0.0
0.853  3.444   0.022  5.262  0.005    0.005    0.0    0.0
0.844  3.442   0.018  5.262  0.005    0.007    0.0    0.0
0.831  3.438   0.024  5.262  0.005    0.003    0.0    0.0
0.823  3.449   0.022  5.262  0.005    0.003    0.0    0.0
0.814  3.434   0.011  5.262  0.004    0.004    0.0    0.0
0.803  3.444   0.017  5.262  0.004    0.002    0.0    0.0
0.789  3.443   0.024  5.262  0.005    0.004    0.0    0.0
0.781  3.444   0.012  5.262  0.004    0.003    0.0    0.0
0.772  3.438   0.019  5.262  0.005    0.002    0.0    0.0
0.764  3.443   0.031  5.262  0.006    0.007    0.0    0.0
0.756  3.443   0.024  5.262  0.005    0.003    0.0    0.0
0.744  3.438   0.030  5.262  0.006    0.004    0.0    0.0
0.735  3.442   0.019  5.262  0.005    0.005    0.0    0.0
0.725  3.439   0.026  5.262  0.006    0.005    0.0    0.0
0.715  3.442   0.044  5.262  0.007    0.004    0.0    0.0
0.709  3.441   0.041  5.262  0.007    0.004    0.0    0.0
0.699  3.441   0.035  5.262  0.007    0.005    0.0    0.0
0.691  3.448   0.042  5.262  0.007    0.003    0.0    0.0
0.683  3.440   0.039  5.262  0.007    0.003    0.0    0.0
0.672  3.442   0.036  5.262  0.007    0.004    0.0    0.0
0.663  3.444   0.058  5.262  0.008    0.008    0.0    0.0
0.658  3.440   0.058  5.262  0.008    0.006    0.0    0.0
0.650  3.441   0.045  5.262  0.007    0.007    0.0    0.0
0.639  3.437   0.044  5.262  0.008    0.013    0.0    0.0
0.632  3.438   0.066  5.262  0.009    0.007    0.0    0.0
0.625  3.436   0.076  5.262  0.009    0.005    0.0    0.0
0.616  3.433   0.062  5.262  0.008    0.007    0.0    0.0
0.608  3.433   0.048  5.262  0.008    0.010    0.0    0.0
0.602  3.434   0.064  5.262  0.009    0.004    0.0    0.0
0.594  3.430   0.058  5.262  0.009    0.006    0.0    0.0
0.587  3.427   0.074  5.262  0.010    0.006    0.0    0.0
0.579  3.425   0.049  5.262  0.008    0.010    0.0    0.0
0.575  3.424   0.080  5.262  0.010    0.007    0.0    0.0
0.566  3.426   0.062  5.262  0.010    0.007    0.0    0.0
0.558  3.423   0.091  5.262  0.011    0.009    0.0    0.0
0.550  3.420   0.094  5.262  0.012    0.009    0.0    0.0
0.544  3.425   0.083  5.262  0.011    0.005    0.0    0.0
0.537  3.422   0.074  5.262  0.011    0.008    0.0    0.0
0.532  3.422   0.121  5.262  0.014    0.016    0.0    0.0
0.525  3.425   0.095  5.262  0.013    0.005    0.0    0.0
0.518  3.425   0.100  5.262  0.013    0.006    0.0    0.0
0.511  3.421   0.092  5.262  0.014    0.008    0.0    0.0
0.505  3.422   0.090  5.262  0.014    0.010    0.0    0.0
0.498  3.425   0.106  5.262  0.015    0.007    0.0    0.0
0.491  3.422   0.102  5.262  0.015    0.008    0.0    0.0
0.483  3.418   0.090  5.262  0.015    0.015    0.0    0.0
0.474  3.418   0.099  5.262  0.019    0.012    0.0    0.0
0.471  3.411   0.087  5.262  0.020    0.019    0.0    0.0
0.463  3.403   0.050  5.262  0.023    0.038    0.0    0.0
0.920  4.107   0.003  5.262  0.001    0.001    0.0    0.0
0.899  4.099   0.003  5.262  0.003    0.002    0.0    0.0
0.891  4.088   0.002  5.262  0.003    0.005    0.0    0.0
0.879  4.089   0.017  5.262  0.005    0.003    0.0    0.0
0.872  4.095   0.013  5.262  0.005    0.005    0.0    0.0
0.863  4.087   0.015  5.262  0.005    0.004    0.0    0.0
0.852  4.084   0.018  5.262  0.005    0.003    0.0    0.0
0.845  4.092   0.010  5.262  0.005    0.003    0.0    0.0
0.837  4.092   0.009  5.262  0.004    0.002    0.0    0.0
0.824  4.094   0.008  5.262  0.004    0.002    0.0    0.0
0.817  4.088   0.021  5.262  0.005    0.005    0.0    0.0
0.812  4.086   0.016  5.262  0.005    0.003    0.0    0.0
0.802  4.098   0.020  5.262  0.006    0.005    0.0    0.0
0.789  4.092   0.023  5.262  0.006    0.006    0.0    0.0
0.785  4.095   0.011  5.262  0.005    0.002    0.0    0.0
0.770  4.088   0.012  5.262  0.006    0.002    0.0    0.0
0.768  4.080   0.023  5.262  0.006    0.003    0.0    0.0
0.759  4.077   0.010  5.262  0.006    0.007    0.0    0.0
0.751  4.075   0.026  5.262  0.008    0.003    0.0    0.0
0.739  4.078   0.024  5.262  0.007    0.005    0.0    0.0
0.734  4.085   0.023  5.262  0.007    0.004    0.0    0.0
0.727  4.088   0.021  5.262  0.007    0.004    0.0    0.0
0.719  4.088   0.034  5.262  0.008    0.004    0.0    0.0
0.708  4.084   0.034  5.262  0.008    0.003    0.0    0.0
0.703  4.080   0.024  5.262  0.008    0.005    0.0    0.0
0.695  4.085   0.025  5.262  0.008    0.006    0.0    0.0
0.688  4.084   0.045  5.262  0.010    0.004    0.0    0.0
0.680  4.082   0.046  5.262  0.010    0.004    0.0    0.0
0.672  4.084   0.037  5.262  0.010    0.011    0.0    0.0
0.664  4.082   0.052  5.262  0.012    0.005    0.0    0.0
0.661  4.082   0.052  5.262  0.012    0.004    0.0    0.0
0.647  4.078   0.062  5.262  0.012    0.007    0.0    0.0
0.641  4.080   0.076  5.262  0.014    0.014    0.0    0.0
0.631  4.081   0.036  5.262  0.010    0.007    0.0    0.0
0.624  4.084   0.044  5.262  0.012    0.004    0.0    0.0
0.620  4.079   0.032  5.262  0.011    0.010    0.0    0.0
0.611  4.069   0.050  5.262  0.014    0.004    0.0    0.0
0.604  4.067   0.037  5.262  0.014    0.010    0.0    0.0
0.595  4.051   0.012  5.262  0.010    0.023    0.0    0.0
0.589  4.036   0.070  5.262  0.022    0.006    0.0    0.0
0.581  4.028   0.058  5.262  0.018    0.005    0.0    0.0
0.571  4.013   0.063  5.262  0.024    0.005    0.0    0.0
0.563  3.998   0.055  5.262  0.027    0.010    0.0    0.0
0.923  4.868   0.004  5.262  0.003    0.002    0.0    0.0
0.905  4.873   0.005  5.262  0.004    0.002    0.0    0.0
0.904  4.870   0.002  5.262  0.003    0.004    0.0    0.0
0.888  4.856   0.005  5.262  0.004    0.005    0.0    0.0
0.887  4.865   0.008  5.262  0.006    0.003    0.0    0.0
0.869  4.872   0.010  5.262  0.006    0.002    0.0    0.0
0.866  4.865   0.003  5.262  0.003    0.003    0.0    0.0
0.856  4.865   0.009  5.262  0.006    0.002    0.0    0.0
0.829  4.864   0.006  5.262  0.007    0.001    0.0    0.0
0.813  4.864   0.016  5.262  0.007    0.004    0.0    0.0
0.807  4.850   0.011  5.262  0.007    0.001    0.0    0.0
0.799  4.846   0.007  5.262  0.008    0.002    0.0    0.0
0.798  4.839   0.013  5.262  0.009    0.002    0.0    0.0
0.773  4.792   0.011  5.262  0.009    0.006    0.0    0.0
0.761  4.788   0.030  5.262  0.017    0.005    0.0    0.0
0.752  4.776   0.023  5.262  0.015    0.002    0.0    0.0
0.739  4.764   0.009  5.262  0.011    0.007    0.0    0.0
0.731  4.754   0.040  5.262  0.019    0.008    0.0    0.0
0.719  4.742   0.025  5.262  0.016    0.003    0.0    0.0
0.718  4.721   0.028  5.262  0.018    0.003    0.0    0.0