bonus,F2,nd target
converted from 10033.xlsx
*
 0.0450  0
x     Q2     F2  Ebeam   stat  sys_tot  dummy  dummy
0.079  0.423  0.005  4.223  0.005    0.000    0.0    0.0
0.113  0.505  0.211  4.223  0.255    0.001    0.0    0.0
0.111  0.508  0.097  4.223  0.166    0.000    0.0    0.0
0.104  0.513  0.336  4.223  0.373    0.001    0.0    0.0
0.102  0.513  0.652  4.223  0.326    0.003    0.0    0.0
0.257  0.611  0.531  4.223  0.862    0.004    0.0    0.0
0.218  0.629  0.714  4.223  0.393    0.005    0.0    0.0
0.212  0.628  0.384  4.223  0.270    0.003    0.0    0.0
0.204  0.624  0.727  4.223  0.325    0.005    0.0    0.0
0.197  0.627  0.669  4.223  0.288    0.004    0.0    0.0
0.191  0.624  0.340  4.223  0.181    0.002    0.0    0.0
0.188  0.626  0.328  4.223  0.170    0.002    0.0    0.0
0.185  0.625  0.240  4.223  0.130    0.001    0.0    0.0
0.179  0.626  0.323  4.223  0.129    0.002    0.0    0.0
0.177  0.625  0.240  4.223  0.108    0.001    0.0    0.0
0.171  0.626  0.429  4.223  0.131    0.002    0.0    0.0
0.167  0.625  0.235  4.223  0.089    0.001    0.0    0.0
0.164  0.625  0.279  4.223  0.086    0.002    0.0    0.0
0.162  0.625  0.444  4.223  0.099    0.002    0.0    0.0
0.159  0.624  0.286  4.223  0.074    0.002    0.0    0.0
0.154  0.624  0.387  4.223  0.078    0.002    0.0    0.0
0.150  0.623  0.382  4.223  0.072    0.002    0.0    0.0
0.147  0.623  0.488  4.223  0.071    0.002    0.0    0.0
0.144  0.622  0.283  4.223  0.056    0.001    0.0    0.0
0.142  0.621  0.375  4.223  0.057    0.002    0.0    0.0
0.138  0.620  0.388  4.223  0.053    0.002    0.0    0.0
0.136  0.619  0.431  4.223  0.052    0.002    0.0    0.0
0.133  0.618  0.434  4.223  0.050    0.002    0.0    0.0
0.130  0.617  0.409  4.223  0.046    0.002    0.0    0.0
0.127  0.616  0.395  4.223  0.042    0.002    0.0    0.0
0.125  0.615  0.371  4.223  0.040    0.002    0.0    0.0
0.122  0.614  0.365  4.223  0.038    0.002    0.0    0.0
0.625  0.755  0.214  4.223  0.292    0.010    0.0    0.0
0.599  0.753  0.441  4.223  0.263    0.019    0.0    0.0
0.585  0.752  0.207  4.223  0.204    0.008    0.0    0.0
0.556  0.751  1.033  4.223  0.281    0.036    0.0    0.0
0.537  0.752  0.520  4.223  0.189    0.017    0.0    0.0
0.519  0.751  0.708  4.223  0.190    0.021    0.0    0.0
0.498  0.750  0.632  4.223  0.180    0.017    0.0    0.0
0.488  0.750  0.380  4.223  0.134    0.009    0.0    0.0
0.467  0.750  0.166  4.223  0.094    0.004    0.0    0.0
0.451  0.749  0.206  4.223  0.105    0.004    0.0    0.0
0.440  0.749  0.345  4.223  0.112    0.007    0.0    0.0
0.428  0.748  0.296  4.223  0.106    0.006    0.0    0.0
0.412  0.747  0.324  4.223  0.108    0.006    0.0    0.0
0.396  0.748  0.191  4.223  0.083    0.003    0.0    0.0
0.388  0.747  0.468  4.223  0.098    0.007    0.0    0.0
0.376  0.746  0.340  4.223  0.085    0.005    0.0    0.0
0.365  0.746  0.367  4.223  0.080    0.005    0.0    0.0
0.355  0.745  0.472  4.223  0.082    0.006    0.0    0.0
0.345  0.744  0.392  4.223  0.071    0.005    0.0    0.0
0.336  0.743  0.352  4.223  0.065    0.004    0.0    0.0
0.326  0.742  0.332  4.223  0.059    0.004    0.0    0.0
0.317  0.742  0.541  4.223  0.070    0.006    0.0    0.0
0.308  0.741  0.368  4.223  0.058    0.004    0.0    0.0
0.300  0.739  0.464  4.223  0.060    0.005    0.0    0.0
0.291  0.738  0.397  4.223  0.054    0.004    0.0    0.0
0.284  0.738  0.342  4.223  0.050    0.003    0.0    0.0
0.277  0.737  0.367  4.223  0.049    0.003    0.0    0.0
0.269  0.736  0.429  4.223  0.048    0.004    0.0    0.0
0.262  0.735  0.429  4.223  0.047    0.004    0.0    0.0
0.256  0.734  0.444  4.223  0.045    0.004    0.0    0.0
0.249  0.733  0.472  4.223  0.044    0.004    0.0    0.0
0.244  0.732  0.353  4.223  0.038    0.003    0.0    0.0
0.238  0.731  0.397  4.223  0.039    0.003    0.0    0.0
0.231  0.730  0.377  4.223  0.036    0.003    0.0    0.0
0.226  0.729  0.348  4.223  0.035    0.003    0.0    0.0
0.221  0.728  0.385  4.223  0.035    0.003    0.0    0.0
0.216  0.727  0.455  4.223  0.037    0.003    0.0    0.0
0.210  0.726  0.464  4.223  0.036    0.003    0.0    0.0
0.206  0.725  0.420  4.223  0.034    0.003    0.0    0.0
0.202  0.723  0.452  4.223  0.034    0.003    0.0    0.0
0.196  0.722  0.442  4.223  0.033    0.003    0.0    0.0
0.192  0.721  0.456  4.223  0.033    0.003    0.0    0.0
0.188  0.719  0.434  4.223  0.032    0.003    0.0    0.0
0.183  0.718  0.411  4.223  0.031    0.002    0.0    0.0
0.180  0.717  0.433  4.223  0.031    0.002    0.0    0.0
0.176  0.716  0.437  4.223  0.030    0.002    0.0    0.0
0.173  0.714  0.394  4.223  0.029    0.002    0.0    0.0
0.169  0.713  0.449  4.223  0.030    0.002    0.0    0.0
0.165  0.712  0.430  4.223  0.029    0.002    0.0    0.0
0.163  0.712  0.447  4.223  0.029    0.002    0.0    0.0
0.159  0.711  0.468  4.223  0.029    0.002    0.0    0.0
0.156  0.712  0.450  4.223  0.028    0.002    0.0    0.0
0.153  0.711  0.437  4.223  0.028    0.002    0.0    0.0
0.150  0.711  0.375  4.223  0.026    0.002    0.0    0.0
0.147  0.710  0.410  4.223  0.027    0.002    0.0    0.0
0.145  0.709  0.432  4.223  0.027    0.002    0.0    0.0
0.142  0.709  0.471  4.223  0.028    0.002    0.0    0.0
0.139  0.708  0.481  4.223  0.029    0.002    0.0    0.0
0.700  0.865  0.160  4.223  0.040    0.011    0.0    0.0
0.676  0.863  0.323  4.223  0.060    0.020    0.0    0.0
0.652  0.863  0.432  4.223  0.062    0.024    0.0    0.0
0.629  0.862  0.632  4.223  0.062    0.031    0.0    0.0
0.609  0.861  0.653  4.223  0.056    0.030    0.0    0.0
0.590  0.861  0.736  4.223  0.054    0.030    0.0    0.0
0.571  0.859  0.749  4.223  0.051    0.028    0.0    0.0
0.552  0.859  0.609  4.223  0.044    0.021    0.0    0.0
0.534  0.858  0.498  4.223  0.039    0.016    0.0    0.0
0.518  0.858  0.477  4.223  0.038    0.014    0.0    0.0
0.501  0.857  0.452  4.223  0.037    0.012    0.0    0.0
0.486  0.857  0.472  4.223  0.038    0.012    0.0    0.0
0.473  0.856  0.424  4.223  0.037    0.010    0.0    0.0
0.457  0.855  0.365  4.223  0.035    0.008    0.0    0.0
0.444  0.854  0.400  4.223  0.037    0.008    0.0    0.0
0.431  0.853  0.377  4.223  0.035    0.007    0.0    0.0
0.419  0.853  0.405  4.223  0.036    0.007    0.0    0.0
0.408  0.852  0.436  4.223  0.035    0.008    0.0    0.0
0.396  0.851  0.375  4.223  0.032    0.006    0.0    0.0
0.384  0.850  0.466  4.223  0.034    0.007    0.0    0.0
0.374  0.849  0.445  4.223  0.031    0.007    0.0    0.0
0.365  0.849  0.447  4.223  0.031    0.006    0.0    0.0
0.356  0.848  0.406  4.223  0.030    0.005    0.0    0.0
0.345  0.847  0.383  4.223  0.028    0.005    0.0    0.0
0.338  0.847  0.398  4.223  0.029    0.005    0.0    0.0
0.329  0.846  0.402  4.223  0.029    0.005    0.0    0.0
0.321  0.846  0.418  4.223  0.029    0.005    0.0    0.0
0.313  0.845  0.441  4.223  0.029    0.005    0.0    0.0
0.304  0.845  0.459  4.223  0.029    0.005    0.0    0.0
0.298  0.845  0.435  4.223  0.028    0.004    0.0    0.0
0.293  0.845  0.473  4.223  0.029    0.005    0.0    0.0
0.284  0.845  0.421  4.223  0.027    0.004    0.0    0.0
0.277  0.845  0.380  4.223  0.025    0.004    0.0    0.0
0.272  0.845  0.418  4.223  0.026    0.004    0.0    0.0
0.266  0.845  0.371  4.223  0.025    0.003    0.0    0.0
0.259  0.845  0.383  4.223  0.025    0.003    0.0    0.0
0.254  0.845  0.391  4.223  0.025    0.003    0.0    0.0
0.248  0.845  0.405  4.223  0.026    0.003    0.0    0.0
0.243  0.845  0.444  4.223  0.027    0.003    0.0    0.0
0.237  0.845  0.397  4.223  0.026    0.003    0.0    0.0
0.232  0.844  0.427  4.223  0.026    0.003    0.0    0.0
0.227  0.844  0.458  4.223  0.027    0.003    0.0    0.0
0.223  0.843  0.429  4.223  0.027    0.003    0.0    0.0
0.218  0.843  0.438  4.223  0.026    0.003    0.0    0.0
0.214  0.842  0.422  4.223  0.026    0.003    0.0    0.0
0.210  0.842  0.436  4.223  0.026    0.003    0.0    0.0
0.205  0.842  0.438  4.223  0.026    0.003    0.0    0.0
0.202  0.842  0.379  4.223  0.025    0.002    0.0    0.0
0.198  0.842  0.420  4.223  0.026    0.003    0.0    0.0
0.193  0.842  0.478  4.223  0.027    0.003    0.0    0.0
0.190  0.843  0.451  4.223  0.026    0.003    0.0    0.0
0.187  0.842  0.404  4.223  0.025    0.002    0.0    0.0
0.183  0.843  0.414  4.223  0.026    0.002    0.0    0.0
0.180  0.843  0.443  4.223  0.027    0.003    0.0    0.0
0.177  0.843  0.474  4.223  0.027    0.003    0.0    0.0
0.174  0.843  0.428  4.223  0.026    0.002    0.0    0.0
0.170  0.842  0.441  4.223  0.027    0.002    0.0    0.0
0.167  0.842  0.446  4.223  0.027    0.002    0.0    0.0
0.734  1.007  0.171  4.223  0.032    0.014    0.0    0.0
0.710  1.007  0.283  4.223  0.045    0.021    0.0    0.0
0.687  1.006  0.526  4.223  0.052    0.035    0.0    0.0
0.668  1.006  0.640  4.223  0.052    0.038    0.0    0.0
0.645  1.006  0.728  4.223  0.050    0.039    0.0    0.0
0.628  1.005  0.716  4.223  0.045    0.035    0.0    0.0
0.609  1.006  0.762  4.223  0.044    0.034    0.0    0.0
0.591  1.006  0.580  4.223  0.038    0.024    0.0    0.0
0.575  1.006  0.539  4.223  0.036    0.021    0.0    0.0
0.558  1.006  0.452  4.223  0.033    0.016    0.0    0.0
0.543  1.007  0.466  4.223  0.035    0.015    0.0    0.0
0.527  1.006  0.440  4.223  0.034    0.013    0.0    0.0
0.513  1.006  0.405  4.223  0.034    0.012    0.0    0.0
0.498  1.006  0.404  4.223  0.034    0.011    0.0    0.0
0.485  1.006  0.437  4.223  0.035    0.011    0.0    0.0
0.470  1.006  0.348  4.223  0.032    0.008    0.0    0.0
0.459  1.005  0.401  4.223  0.032    0.009    0.0    0.0
0.447  1.005  0.360  4.223  0.031    0.008    0.0    0.0
0.436  1.005  0.426  4.223  0.032    0.008    0.0    0.0
0.425  1.004  0.432  4.223  0.031    0.008    0.0    0.0
0.415  1.003  0.412  4.223  0.029    0.007    0.0    0.0
0.406  1.003  0.431  4.223  0.029    0.007    0.0    0.0
0.395  1.002  0.468  4.223  0.029    0.008    0.0    0.0
0.386  1.003  0.361  4.223  0.027    0.006    0.0    0.0
0.377  1.003  0.433  4.223  0.029    0.006    0.0    0.0
0.368  1.003  0.423  4.223  0.028    0.006    0.0    0.0
0.360  1.003  0.419  4.223  0.028    0.006    0.0    0.0
0.351  1.004  0.481  4.223  0.029    0.006    0.0    0.0
0.344  1.003  0.395  4.223  0.027    0.005    0.0    0.0
0.336  1.004  0.444  4.223  0.028    0.005    0.0    0.0
0.327  1.005  0.425  4.223  0.027    0.005    0.0    0.0
0.322  1.006  0.372  4.223  0.025    0.004    0.0    0.0
0.315  1.006  0.392  4.223  0.026    0.004    0.0    0.0
0.307  1.006  0.373  4.223  0.025    0.004    0.0    0.0
0.301  1.007  0.400  4.223  0.026    0.004    0.0    0.0
0.294  1.007  0.312  4.223  0.023    0.003    0.0    0.0
0.289  1.007  0.412  4.223  0.026    0.004    0.0    0.0
0.283  1.007  0.380  4.223  0.025    0.004    0.0    0.0
0.276  1.007  0.378  4.223  0.025    0.003    0.0    0.0
0.271  1.007  0.411  4.223  0.026    0.004    0.0    0.0
0.266  1.007  0.438  4.223  0.026    0.004    0.0    0.0
0.260  1.007  0.466  4.223  0.027    0.004    0.0    0.0
0.255  1.006  0.467  4.223  0.027    0.004    0.0    0.0
0.249  1.005  0.431  4.223  0.026    0.003    0.0    0.0
0.244  1.005  0.395  4.223  0.026    0.003    0.0    0.0
0.240  1.004  0.408  4.223  0.026    0.003    0.0    0.0
0.236  1.004  0.482  4.223  0.028    0.004    0.0    0.0
0.231  1.003  0.377  4.223  0.025    0.003    0.0    0.0
0.227  1.003  0.431  4.223  0.027    0.003    0.0    0.0
0.223  1.003  0.420  4.223  0.027    0.003    0.0    0.0
0.219  1.003  0.457  4.223  0.028    0.003    0.0    0.0
0.215  1.004  0.438  4.223  0.027    0.003    0.0    0.0
0.212  1.004  0.430  4.223  0.027    0.003    0.0    0.0
0.208  1.005  0.424  4.223  0.027    0.003    0.0    0.0
0.204  1.006  0.454  4.223  0.027    0.003    0.0    0.0
0.765  1.198  0.150  4.223  0.032    0.014    0.0    0.0
0.745  1.199  0.384  4.223  0.054    0.034    0.0    0.0
0.724  1.199  0.361  4.223  0.053    0.028    0.0    0.0
0.704  1.198  0.568  4.223  0.058    0.041    0.0    0.0
0.686  1.198  0.730  4.223  0.060    0.048    0.0    0.0
0.668  1.198  0.663  4.223  0.052    0.040    0.0    0.0
0.651  1.198  0.597  4.223  0.046    0.033    0.0    0.0
0.633  1.199  0.665  4.223  0.047    0.034    0.0    0.0
0.616  1.199  0.475  4.223  0.040    0.022    0.0    0.0
0.601  1.200  0.412  4.223  0.037    0.018    0.0    0.0
0.585  1.200  0.444  4.223  0.039    0.018    0.0    0.0
0.570  1.200  0.395  4.223  0.038    0.015    0.0    0.0
0.556  1.200  0.383  4.223  0.037    0.013    0.0    0.0
0.542  1.200  0.435  4.223  0.039    0.014    0.0    0.0
0.528  1.199  0.420  4.223  0.037    0.013    0.0    0.0
0.517  1.199  0.447  4.223  0.038    0.013    0.0    0.0
0.505  1.199  0.457  4.223  0.037    0.013    0.0    0.0
0.491  1.198  0.412  4.223  0.035    0.011    0.0    0.0
0.480  1.198  0.393  4.223  0.034    0.010    0.0    0.0
0.470  1.198  0.445  4.223  0.034    0.010    0.0    0.0
0.458  1.198  0.462  4.223  0.034    0.010    0.0    0.0
0.448  1.197  0.426  4.223  0.032    0.009    0.0    0.0
0.439  1.197  0.418  4.223  0.031    0.008    0.0    0.0
0.429  1.198  0.409  4.223  0.030    0.008    0.0    0.0
0.418  1.198  0.422  4.223  0.031    0.008    0.0    0.0
0.409  1.198  0.366  4.223  0.030    0.006    0.0    0.0
0.400  1.198  0.422  4.223  0.030    0.007    0.0    0.0
0.392  1.198  0.409  4.223  0.030    0.007    0.0    0.0
0.384  1.198  0.420  4.223  0.030    0.006    0.0    0.0
0.376  1.199  0.427  4.223  0.031    0.006    0.0    0.0
0.368  1.198  0.443  4.223  0.030    0.006    0.0    0.0
0.360  1.199  0.414  4.223  0.029    0.006    0.0    0.0
0.353  1.198  0.392  4.223  0.028    0.005    0.0    0.0
0.347  1.198  0.396  4.223  0.028    0.005    0.0    0.0
0.338  1.198  0.395  4.223  0.028    0.005    0.0    0.0
0.331  1.198  0.425  4.223  0.029    0.005    0.0    0.0
0.325  1.198  0.455  4.223  0.030    0.005    0.0    0.0
0.319  1.198  0.423  4.223  0.029    0.005    0.0    0.0
0.312  1.198  0.384  4.223  0.028    0.004    0.0    0.0
0.307  1.197  0.445  4.223  0.030    0.005    0.0    0.0
0.301  1.197  0.449  4.223  0.030    0.005    0.0    0.0
0.295  1.198  0.486  4.223  0.031    0.005    0.0    0.0
0.290  1.198  0.442  4.223  0.030    0.004    0.0    0.0
0.285  1.199  0.460  4.223  0.030    0.004    0.0    0.0
0.280  1.200  0.423  4.223  0.029    0.004    0.0    0.0
0.275  1.201  0.390  4.223  0.027    0.004    0.0    0.0
0.270  1.202  0.434  4.223  0.029    0.004    0.0    0.0
0.265  1.203  0.392  4.223  0.027    0.003    0.0    0.0
0.261  1.203  0.428  4.223  0.027    0.004    0.0    0.0
0.255  1.202  0.441  4.223  0.028    0.004    0.0    0.0
0.251  1.203  0.422  4.223  0.027    0.003    0.0    0.0
0.247  1.203  0.407  4.223  0.026    0.003    0.0    0.0
0.796  1.425  0.131  4.223  0.035    0.015    0.0    0.0
0.776  1.424  0.372  4.223  0.060    0.038    0.0    0.0
0.759  1.424  0.389  4.223  0.064    0.036    0.0    0.0
0.739  1.423  0.539  4.223  0.067    0.045    0.0    0.0
0.722  1.423  0.781  4.223  0.070    0.061    0.0    0.0
0.703  1.423  0.676  4.223  0.063    0.049    0.0    0.0
0.688  1.422  0.623  4.223  0.056    0.041    0.0    0.0
0.672  1.423  0.556  4.223  0.051    0.034    0.0    0.0
0.656  1.423  0.502  4.223  0.047    0.028    0.0    0.0
0.641  1.425  0.458  4.223  0.045    0.024    0.0    0.0
0.626  1.424  0.536  4.223  0.048    0.026    0.0    0.0
0.612  1.423  0.414  4.223  0.044    0.019    0.0    0.0
0.597  1.424  0.414  4.223  0.044    0.018    0.0    0.0
0.584  1.424  0.394  4.223  0.042    0.016    0.0    0.0
0.572  1.424  0.393  4.223  0.042    0.015    0.0    0.0
0.558  1.424  0.369  4.223  0.040    0.013    0.0    0.0
0.548  1.424  0.375  4.223  0.040    0.013    0.0    0.0
0.535  1.424  0.410  4.223  0.040    0.013    0.0    0.0
0.524  1.424  0.414  4.223  0.040    0.012    0.0    0.0
0.513  1.424  0.453  4.223  0.040    0.013    0.0    0.0
0.502  1.425  0.489  4.223  0.040    0.013    0.0    0.0
0.491  1.425  0.463  4.223  0.038    0.012    0.0    0.0
0.481  1.426  0.436  4.223  0.037    0.011    0.0    0.0
0.473  1.425  0.451  4.223  0.037    0.011    0.0    0.0
0.462  1.425  0.403  4.223  0.035    0.009    0.0    0.0
0.452  1.425  0.365  4.223  0.033    0.008    0.0    0.0
0.443  1.425  0.381  4.223  0.034    0.008    0.0    0.0
0.434  1.425  0.409  4.223  0.034    0.008    0.0    0.0
0.426  1.424  0.435  4.223  0.035    0.008    0.0    0.0
0.416  1.425  0.394  4.223  0.034    0.007    0.0    0.0
0.409  1.425  0.419  4.223  0.034    0.007    0.0    0.0
0.402  1.426  0.358  4.223  0.031    0.006    0.0    0.0
0.394  1.426  0.405  4.223  0.032    0.007    0.0    0.0
0.386  1.425  0.364  4.223  0.030    0.006    0.0    0.0
0.380  1.427  0.364  4.223  0.030    0.005    0.0    0.0
0.373  1.426  0.357  4.223  0.030    0.005    0.0    0.0
0.366  1.428  0.383  4.223  0.030    0.005    0.0    0.0
0.358  1.430  0.351  4.223  0.029    0.005    0.0    0.0
0.352  1.429  0.405  4.223  0.030    0.005    0.0    0.0
0.346  1.430  0.412  4.223  0.030    0.005    0.0    0.0
0.340  1.430  0.394  4.223  0.029    0.005    0.0    0.0
0.332  1.430  0.386  4.223  0.029    0.005    0.0    0.0
0.326  1.429  0.413  4.223  0.030    0.005    0.0    0.0
0.321  1.428  0.421  4.223  0.030    0.005    0.0    0.0
0.315  1.428  0.419  4.223  0.029    0.005    0.0    0.0
0.311  1.428  0.433  4.223  0.030    0.005    0.0    0.0
0.305  1.428  0.464  4.223  0.030    0.005    0.0    0.0
0.299  1.428  0.358  4.223  0.027    0.004    0.0    0.0
0.822  1.699  0.152  4.223  0.041    0.019    0.0    0.0
0.805  1.696  0.315  4.223  0.066    0.037    0.0    0.0
0.786  1.697  0.398  4.223  0.074    0.042    0.0    0.0
0.769  1.696  0.509  4.223  0.078    0.050    0.0    0.0
0.754  1.694  0.545  4.223  0.078    0.050    0.0    0.0
0.740  1.695  0.799  4.223  0.083    0.068    0.0    0.0
0.724  1.695  0.580  4.223  0.069    0.046    0.0    0.0
0.710  1.695  0.485  4.223  0.060    0.035    0.0    0.0
0.695  1.696  0.536  4.223  0.062    0.037    0.0    0.0
0.679  1.695  0.422  4.223  0.054    0.027    0.0    0.0
0.665  1.698  0.412  4.223  0.053    0.024    0.0    0.0
0.653  1.697  0.392  4.223  0.053    0.022    0.0    0.0
0.638  1.697  0.375  4.223  0.051    0.020    0.0    0.0
0.628  1.699  0.388  4.223  0.050    0.019    0.0    0.0
0.612  1.698  0.357  4.223  0.049    0.017    0.0    0.0
0.604  1.700  0.419  4.223  0.051    0.019    0.0    0.0
0.590  1.700  0.446  4.223  0.049    0.019    0.0    0.0
0.581  1.701  0.293  4.223  0.043    0.012    0.0    0.0
0.568  1.702  0.346  4.223  0.043    0.013    0.0    0.0
0.555  1.703  0.450  4.223  0.047    0.016    0.0    0.0
0.546  1.703  0.456  4.223  0.046    0.015    0.0    0.0
0.535  1.703  0.414  4.223  0.042    0.013    0.0    0.0
0.527  1.704  0.390  4.223  0.040    0.012    0.0    0.0
0.517  1.704  0.386  4.223  0.040    0.011    0.0    0.0
0.507  1.705  0.395  4.223  0.040    0.011    0.0    0.0
0.497  1.705  0.387  4.223  0.039    0.010    0.0    0.0
0.486  1.704  0.375  4.223  0.037    0.010    0.0    0.0
0.478  1.704  0.351  4.223  0.036    0.009    0.0    0.0
0.470  1.704  0.439  4.223  0.038    0.010    0.0    0.0
0.460  1.704  0.456  4.223  0.039    0.010    0.0    0.0
0.452  1.704  0.425  4.223  0.037    0.009    0.0    0.0
0.444  1.702  0.384  4.223  0.034    0.008    0.0    0.0
0.436  1.704  0.418  4.223  0.035    0.008    0.0    0.0
0.429  1.704  0.385  4.223  0.033    0.007    0.0    0.0
0.421  1.704  0.335  4.223  0.031    0.006    0.0    0.0
0.413  1.703  0.356  4.223  0.032    0.006    0.0    0.0
0.406  1.704  0.396  4.223  0.033    0.007    0.0    0.0
0.401  1.704  0.345  4.223  0.031    0.006    0.0    0.0
0.392  1.703  0.386  4.223  0.032    0.006    0.0    0.0
0.385  1.704  0.397  4.223  0.033    0.006    0.0    0.0
0.379  1.704  0.398  4.223  0.032    0.006    0.0    0.0
0.372  1.702  0.396  4.223  0.032    0.006    0.0    0.0
0.368  1.701  0.461  4.223  0.035    0.007    0.0    0.0
0.847  2.030  0.105  4.223  0.048    0.015    0.0    0.0
0.831  2.035  0.189  4.223  0.071    0.025    0.0    0.0
0.816  2.034  0.308  4.223  0.089    0.038    0.0    0.0
0.801  2.035  0.511  4.223  0.102    0.059    0.0    0.0
0.789  2.032  0.628  4.223  0.107    0.068    0.0    0.0
0.771  2.030  0.541  4.223  0.089    0.054    0.0    0.0
0.759  2.032  0.669  4.223  0.094    0.063    0.0    0.0
0.745  2.034  0.618  4.223  0.084    0.054    0.0    0.0
0.730  2.031  0.619  4.223  0.083    0.050    0.0    0.0
0.721  2.032  0.448  4.223  0.070    0.035    0.0    0.0
0.706  2.031  0.361  4.223  0.060    0.026    0.0    0.0
0.693  2.030  0.385  4.223  0.063    0.026    0.0    0.0
0.678  2.032  0.299  4.223  0.056    0.019    0.0    0.0
0.668  2.032  0.296  4.223  0.055    0.018    0.0    0.0
0.654  2.030  0.341  4.223  0.056    0.019    0.0    0.0
0.642  2.035  0.296  4.223  0.054    0.016    0.0    0.0
0.633  2.031  0.358  4.223  0.057    0.018    0.0    0.0
0.622  2.030  0.427  4.223  0.059    0.021    0.0    0.0
0.611  2.031  0.357  4.223  0.054    0.016    0.0    0.0
0.600  2.032  0.490  4.223  0.058    0.022    0.0    0.0
0.589  2.032  0.392  4.223  0.053    0.016    0.0    0.0
0.580  2.033  0.480  4.223  0.054    0.019    0.0    0.0
0.570  2.034  0.388  4.223  0.050    0.015    0.0    0.0
0.559  2.034  0.412  4.223  0.050    0.015    0.0    0.0
0.548  2.031  0.424  4.223  0.050    0.014    0.0    0.0
0.539  2.034  0.404  4.223  0.048    0.013    0.0    0.0
0.530  2.033  0.311  4.223  0.042    0.010    0.0    0.0
0.522  2.033  0.439  4.223  0.047    0.013    0.0    0.0
0.513  2.031  0.476  4.223  0.048    0.014    0.0    0.0
0.506  2.030  0.403  4.223  0.045    0.011    0.0    0.0
0.494  2.030  0.461  4.223  0.046    0.012    0.0    0.0
0.487  2.030  0.397  4.223  0.043    0.010    0.0    0.0
0.479  2.030  0.318  4.223  0.039    0.008    0.0    0.0
0.472  2.031  0.368  4.223  0.041    0.009    0.0    0.0
0.465  2.029  0.413  4.223  0.042    0.010    0.0    0.0
0.456  2.031  0.409  4.223  0.042    0.009    0.0    0.0
0.449  2.030  0.396  4.223  0.041    0.008    0.0    0.0
0.867  2.420  0.095  4.223  0.052    0.015    0.0    0.0
0.860  2.421  0.073  4.223  0.082    0.011    0.0    0.0
0.840  2.420  0.426  4.223  0.124    0.060    0.0    0.0
0.829  2.417  0.586  4.223  0.140    0.076    0.0    0.0
0.814  2.417  0.580  4.223  0.129    0.070    0.0    0.0
0.801  2.414  0.858  4.223  0.148    0.098    0.0    0.0
0.790  2.419  0.566  4.223  0.115    0.061    0.0    0.0
0.778  2.417  0.584  4.223  0.108    0.060    0.0    0.0
0.760  2.420  0.587  4.223  0.103    0.055    0.0    0.0
0.750  2.416  0.352  4.223  0.084    0.032    0.0    0.0
0.739  2.415  0.424  4.223  0.086    0.036    0.0    0.0
0.727  2.418  0.470  4.223  0.089    0.037    0.0    0.0
0.715  2.416  0.350  4.223  0.075    0.027    0.0    0.0
0.703  2.419  0.240  4.223  0.065    0.017    0.0    0.0
0.692  2.419  0.296  4.223  0.072    0.020    0.0    0.0
0.681  2.416  0.373  4.223  0.076    0.024    0.0    0.0
0.673  2.420  0.343  4.223  0.071    0.021    0.0    0.0
0.663  2.419  0.430  4.223  0.075    0.025    0.0    0.0
0.653  2.421  0.355  4.223  0.070    0.020    0.0    0.0
0.642  2.420  0.371  4.223  0.068    0.020    0.0    0.0
0.631  2.418  0.507  4.223  0.076    0.026    0.0    0.0
0.621  2.419  0.343  4.223  0.063    0.017    0.0    0.0
0.613  2.419  0.337  4.223  0.061    0.015    0.0    0.0
0.600  2.418  0.296  4.223  0.056    0.013    0.0    0.0
0.593  2.420  0.287  4.223  0.056    0.012    0.0    0.0
0.585  2.418  0.371  4.223  0.061    0.015    0.0    0.0
0.575  2.417  0.493  4.223  0.067    0.019    0.0    0.0
0.566  2.415  0.410  4.223  0.062    0.015    0.0    0.0
0.554  2.412  0.456  4.223  0.064    0.016    0.0    0.0
0.887  2.877  0.305  4.223  0.113    0.053    0.0    0.0
0.872  2.875  0.305  4.223  0.142    0.049    0.0    0.0
0.862  2.875  0.406  4.223  0.168    0.062    0.0    0.0
0.851  2.880  0.788  4.223  0.212    0.115    0.0    0.0
0.838  2.875  0.458  4.223  0.175    0.063    0.0    0.0
0.824  2.870  0.402  4.223  0.160    0.053    0.0    0.0
0.815  2.873  0.537  4.223  0.160    0.066    0.0    0.0
0.802  2.870  0.508  4.223  0.146    0.059    0.0    0.0
0.790  2.867  0.650  4.223  0.150    0.071    0.0    0.0
0.778  2.873  0.248  4.223  0.097    0.025    0.0    0.0
0.767  2.863  0.263  4.223  0.104    0.026    0.0    0.0
0.759  2.874  0.248  4.223  0.100    0.023    0.0    0.0
0.752  2.867  0.342  4.223  0.116    0.031    0.0    0.0
0.742  2.874  0.355  4.223  0.117    0.031    0.0    0.0
0.725  2.870  0.392  4.223  0.114    0.031    0.0    0.0
0.715  2.864  0.437  4.223  0.116    0.033    0.0    0.0
0.703  2.870  0.378  4.223  0.107    0.027    0.0    0.0
0.701  2.863  0.241  4.223  0.094    0.017    0.0    0.0
0.896  3.418  0.110  4.223  0.089    0.020    0.0    0.0
0.877  3.414  0.082  4.223  0.064    0.014    0.0    0.0
0.090  0.602  0.231  5.262  0.310    0.001    0.0    0.0
0.147  0.732  0.376  5.262  0.205    0.002    0.0    0.0
0.146  0.736  0.100  5.262  0.171    0.000    0.0    0.0
0.142  0.737  0.210  5.262  0.147    0.001    0.0    0.0
0.139  0.741  0.420  5.262  0.165    0.002    0.0    0.0
0.135  0.743  0.238  5.262  0.120    0.001    0.0    0.0
0.134  0.742  0.312  5.262  0.119    0.001    0.0    0.0
0.132  0.743  0.329  5.262  0.111    0.001    0.0    0.0
0.119  0.745  0.194  5.262  0.073    0.001    0.0    0.0
0.110  0.742  0.240  5.262  0.056    0.001    0.0    0.0
0.105  0.739  0.332  5.262  0.049    0.001    0.0    0.0
0.298  0.887  1.007  5.262  0.538    0.009    0.0    0.0
0.293  0.892  0.541  5.262  0.310    0.005    0.0    0.0
0.287  0.896  1.017  5.262  0.426    0.009    0.0    0.0
0.270  0.892  0.472  5.262  0.242    0.004    0.0    0.0
0.264  0.896  0.075  5.262  0.140    0.001    0.0    0.0
0.260  0.897  0.223  5.262  0.128    0.002    0.0    0.0
0.251  0.897  0.462  5.262  0.166    0.003    0.0    0.0
0.248  0.895  0.667  5.262  0.171    0.005    0.0    0.0
0.245  0.895  0.374  5.262  0.112    0.003    0.0    0.0
0.238  0.894  0.503  5.262  0.126    0.003    0.0    0.0
0.234  0.894  0.493  5.262  0.113    0.003    0.0    0.0
0.228  0.894  0.456  5.262  0.099    0.003    0.0    0.0
0.224  0.893  0.422  5.262  0.084    0.003    0.0    0.0
0.221  0.893  0.486  5.262  0.086    0.003    0.0    0.0
0.214  0.893  0.466  5.262  0.075    0.003    0.0    0.0
0.211  0.892  0.428  5.262  0.067    0.003    0.0    0.0
0.206  0.892  0.382  5.262  0.061    0.002    0.0    0.0
0.202  0.891  0.438  5.262  0.059    0.003    0.0    0.0
0.199  0.890  0.434  5.262  0.056    0.002    0.0    0.0
0.193  0.889  0.422  5.262  0.050    0.002    0.0    0.0
0.190  0.888  0.477  5.262  0.049    0.003    0.0    0.0
0.187  0.887  0.395  5.262  0.044    0.002    0.0    0.0
0.183  0.885  0.462  5.262  0.043    0.002    0.0    0.0
0.180  0.883  0.495  5.262  0.042    0.003    0.0    0.0
0.175  0.881  0.416  5.262  0.037    0.002    0.0    0.0
0.173  0.880  0.447  5.262  0.036    0.002    0.0    0.0
0.169  0.879  0.389  5.262  0.032    0.002    0.0    0.0
0.166  0.877  0.455  5.262  0.032    0.002    0.0    0.0
0.163  0.876  0.405  5.262  0.030    0.002    0.0    0.0
0.160  0.874  0.417  5.262  0.029    0.002    0.0    0.0
0.157  0.873  0.427  5.262  0.028    0.002    0.0    0.0
0.154  0.871  0.402  5.262  0.026    0.002    0.0    0.0
0.151  0.869  0.466  5.262  0.026    0.002    0.0    0.0
0.148  0.868  0.395  5.262  0.023    0.002    0.0    0.0
0.146  0.866  0.439  5.262  0.024    0.002    0.0    0.0
0.143  0.864  0.400  5.262  0.023    0.002    0.0    0.0
0.140  0.861  0.455  5.262  0.033    0.002    0.0    0.0
0.123  0.850  0.057  5.262  0.010    0.000    0.0    0.0
0.747  1.076  0.333  5.262  0.205    0.025    0.0    0.0
0.722  1.077  0.289  5.262  0.162    0.020    0.0    0.0
0.704  1.075  0.462  5.262  0.211    0.030    0.0    0.0
0.681  1.075  0.483  5.262  0.203    0.028    0.0    0.0
0.659  1.076  0.631  5.262  0.186    0.033    0.0    0.0
0.644  1.075  0.609  5.262  0.142    0.029    0.0    0.0
0.623  1.074  0.586  5.262  0.136    0.026    0.0    0.0
0.606  1.074  0.726  5.262  0.139    0.029    0.0    0.0
0.589  1.072  0.302  5.262  0.088    0.011    0.0    0.0
0.575  1.072  0.328  5.262  0.088    0.011    0.0    0.0
0.557  1.071  0.377  5.262  0.089    0.012    0.0    0.0
0.541  1.070  0.373  5.262  0.087    0.011    0.0    0.0
0.530  1.069  0.476  5.262  0.091    0.013    0.0    0.0
0.514  1.067  0.393  5.262  0.079    0.010    0.0    0.0
0.499  1.067  0.412  5.262  0.079    0.010    0.0    0.0
0.488  1.067  0.289  5.262  0.066    0.007    0.0    0.0
0.475  1.065  0.340  5.262  0.065    0.007    0.0    0.0
0.463  1.064  0.377  5.262  0.062    0.008    0.0    0.0
0.450  1.063  0.417  5.262  0.063    0.008    0.0    0.0
0.439  1.061  0.440  5.262  0.058    0.008    0.0    0.0
0.429  1.060  0.497  5.262  0.056    0.009    0.0    0.0
0.415  1.059  0.343  5.262  0.048    0.006    0.0    0.0
0.408  1.058  0.449  5.262  0.049    0.007    0.0    0.0
0.395  1.056  0.371  5.262  0.044    0.005    0.0    0.0
0.387  1.055  0.298  5.262  0.039    0.004    0.0    0.0
0.379  1.054  0.362  5.262  0.041    0.005    0.0    0.0
0.369  1.053  0.475  5.262  0.043    0.006    0.0    0.0
0.360  1.051  0.390  5.262  0.038    0.005    0.0    0.0
0.352  1.050  0.437  5.262  0.038    0.005    0.0    0.0
0.344  1.049  0.428  5.262  0.036    0.005    0.0    0.0
0.337  1.047  0.458  5.262  0.035    0.005    0.0    0.0
0.329  1.046  0.422  5.262  0.033    0.005    0.0    0.0
0.322  1.045  0.379  5.262  0.030    0.004    0.0    0.0
0.314  1.044  0.377  5.262  0.029    0.004    0.0    0.0
0.307  1.042  0.362  5.262  0.027    0.003    0.0    0.0
0.301  1.041  0.443  5.262  0.029    0.004    0.0    0.0
0.294  1.039  0.424  5.262  0.028    0.004    0.0    0.0
0.288  1.038  0.432  5.262  0.027    0.004    0.0    0.0
0.282  1.036  0.385  5.262  0.025    0.003    0.0    0.0
0.275  1.035  0.400  5.262  0.025    0.003    0.0    0.0
0.271  1.033  0.446  5.262  0.026    0.004    0.0    0.0
0.264  1.032  0.437  5.262  0.025    0.003    0.0    0.0
0.258  1.031  0.394  5.262  0.023    0.003    0.0    0.0
0.254  1.029  0.408  5.262  0.023    0.003    0.0    0.0
0.248  1.027  0.432  5.262  0.023    0.003    0.0    0.0
0.243  1.026  0.391  5.262  0.022    0.003    0.0    0.0
0.238  1.025  0.405  5.262  0.022    0.003    0.0    0.0
0.233  1.023  0.426  5.262  0.022    0.003    0.0    0.0
0.228  1.022  0.415  5.262  0.021    0.003    0.0    0.0
0.225  1.020  0.421  5.262  0.021    0.003    0.0    0.0
0.220  1.019  0.433  5.262  0.021    0.003    0.0    0.0
0.216  1.017  0.444  5.262  0.021    0.003    0.0    0.0
0.212  1.016  0.410  5.262  0.020    0.002    0.0    0.0
0.208  1.015  0.420  5.262  0.020    0.002    0.0    0.0
0.205  1.014  0.424  5.262  0.020    0.002    0.0    0.0
0.202  1.013  0.418  5.262  0.020    0.002    0.0    0.0
0.197  1.013  0.418  5.262  0.019    0.002    0.0    0.0
0.194  1.012  0.441  5.262  0.020    0.002    0.0    0.0
0.191  1.012  0.435  5.262  0.019    0.002    0.0    0.0
0.187  1.012  0.421  5.262  0.019    0.002    0.0    0.0
0.185  1.011  0.418  5.262  0.019    0.002    0.0    0.0
0.181  1.011  0.409  5.262  0.019    0.002    0.0    0.0
0.178  1.011  0.449  5.262  0.019    0.002    0.0    0.0
0.175  1.011  0.426  5.262  0.018    0.002    0.0    0.0
0.172  1.010  0.414  5.262  0.018    0.002    0.0    0.0
0.169  1.010  0.446  5.262  0.019    0.002    0.0    0.0
0.166  1.009  0.451  5.262  0.019    0.002    0.0    0.0
0.164  1.008  0.434  5.262  0.018    0.002    0.0    0.0
0.161  1.008  0.431  5.262  0.018    0.002    0.0    0.0
0.159  1.008  0.419  5.262  0.018    0.002    0.0    0.0
0.156  1.008  0.436  5.262  0.018    0.002    0.0    0.0
0.154  1.008  0.437  5.262  0.018    0.002    0.0    0.0
0.152  1.008  0.438  5.262  0.018    0.002    0.0    0.0
0.149  1.008  0.440  5.262  0.018    0.002    0.0    0.0
0.147  1.007  0.455  5.262  0.018    0.002    0.0    0.0
0.145  1.007  0.455  5.262  0.019    0.002    0.0    0.0
0.143  1.007  0.440  5.262  0.018    0.002    0.0    0.0
0.768  1.221  0.220  5.262  0.037    0.019    0.0    0.0
0.747  1.222  0.433  5.262  0.056    0.034    0.0    0.0
0.727  1.220  0.524  5.262  0.058    0.038    0.0    0.0
0.707  1.221  0.663  5.262  0.058    0.043    0.0    0.0
0.688  1.220  0.699  5.262  0.053    0.041    0.0    0.0
0.671  1.218  0.754  5.262  0.051    0.041    0.0    0.0
0.654  1.218  0.689  5.262  0.045    0.035    0.0    0.0
0.636  1.217  0.604  5.262  0.040    0.028    0.0    0.0
0.619  1.217  0.532  5.262  0.037    0.023    0.0    0.0
0.604  1.217  0.450  5.262  0.034    0.018    0.0    0.0
0.588  1.216  0.439  5.262  0.033    0.016    0.0    0.0
0.575  1.216  0.377  5.262  0.032    0.013    0.0    0.0
0.559  1.215  0.387  5.262  0.032    0.012    0.0    0.0
0.545  1.214  0.436  5.262  0.033    0.013    0.0    0.0
0.532  1.214  0.377  5.262  0.031    0.011    0.0    0.0
0.518  1.213  0.435  5.262  0.032    0.012    0.0    0.0
0.507  1.212  0.355  5.262  0.028    0.009    0.0    0.0
0.494  1.212  0.357  5.262  0.028    0.008    0.0    0.0
0.482  1.211  0.451  5.262  0.029    0.010    0.0    0.0
0.471  1.210  0.428  5.262  0.027    0.009    0.0    0.0
0.459  1.210  0.453  5.262  0.027    0.009    0.0    0.0
0.450  1.208  0.402  5.262  0.025    0.008    0.0    0.0
0.439  1.208  0.428  5.262  0.025    0.008    0.0    0.0
0.430  1.207  0.399  5.262  0.024    0.007    0.0    0.0
0.421  1.207  0.411  5.262  0.024    0.007    0.0    0.0
0.410  1.206  0.350  5.262  0.022    0.005    0.0    0.0
0.401  1.206  0.406  5.262  0.023    0.006    0.0    0.0
0.393  1.205  0.386  5.262  0.022    0.006    0.0    0.0
0.385  1.205  0.368  5.262  0.022    0.005    0.0    0.0
0.377  1.205  0.405  5.262  0.022    0.005    0.0    0.0
0.369  1.204  0.433  5.262  0.022    0.006    0.0    0.0
0.361  1.204  0.403  5.262  0.021    0.005    0.0    0.0
0.354  1.204  0.404  5.262  0.020    0.005    0.0    0.0
0.348  1.204  0.387  5.262  0.020    0.005    0.0    0.0
0.340  1.204  0.424  5.262  0.021    0.005    0.0    0.0
0.333  1.204  0.428  5.262  0.021    0.005    0.0    0.0
0.326  1.204  0.377  5.262  0.019    0.004    0.0    0.0
0.319  1.204  0.359  5.262  0.019    0.004    0.0    0.0
0.314  1.204  0.428  5.262  0.020    0.004    0.0    0.0
0.308  1.204  0.407  5.262  0.020    0.004    0.0    0.0
0.302  1.204  0.427  5.262  0.020    0.004    0.0    0.0
0.295  1.205  0.459  5.262  0.021    0.004    0.0    0.0
0.291  1.205  0.442  5.262  0.020    0.004    0.0    0.0
0.285  1.204  0.432  5.262  0.020    0.004    0.0    0.0
0.280  1.204  0.434  5.262  0.020    0.004    0.0    0.0
0.274  1.203  0.443  5.262  0.020    0.004    0.0    0.0
0.269  1.203  0.411  5.262  0.019    0.003    0.0    0.0
0.264  1.202  0.438  5.262  0.020    0.003    0.0    0.0
0.259  1.201  0.426  5.262  0.020    0.003    0.0    0.0
0.255  1.201  0.382  5.262  0.019    0.003    0.0    0.0
0.250  1.200  0.404  5.262  0.019    0.003    0.0    0.0
0.246  1.199  0.413  5.262  0.019    0.003    0.0    0.0
0.242  1.199  0.440  5.262  0.019    0.003    0.0    0.0
0.238  1.199  0.422  5.262  0.019    0.003    0.0    0.0
0.234  1.199  0.407  5.262  0.019    0.003    0.0    0.0
0.230  1.201  0.419  5.262  0.019    0.003    0.0    0.0
0.227  1.201  0.446  5.262  0.019    0.003    0.0    0.0
0.223  1.201  0.456  5.262  0.019    0.003    0.0    0.0
0.219  1.202  0.391  5.262  0.018    0.002    0.0    0.0
0.215  1.202  0.411  5.262  0.019    0.003    0.0    0.0
0.212  1.203  0.441  5.262  0.019    0.003    0.0    0.0
0.208  1.204  0.400  5.262  0.018    0.002    0.0    0.0
0.205  1.203  0.415  5.262  0.018    0.002    0.0    0.0
0.202  1.204  0.460  5.262  0.019    0.003    0.0    0.0
0.198  1.203  0.426  5.262  0.018    0.002    0.0    0.0
0.195  1.202  0.415  5.262  0.018    0.002    0.0    0.0
0.192  1.201  0.429  5.262  0.019    0.002    0.0    0.0
0.189  1.200  0.374  5.262  0.018    0.002    0.0    0.0
0.186  1.199  0.427  5.262  0.019    0.002    0.0    0.0
0.184  1.198  0.417  5.262  0.018    0.002    0.0    0.0
0.181  1.198  0.451  5.262  0.019    0.002    0.0    0.0
0.179  1.199  0.417  5.262  0.018    0.002    0.0    0.0
0.176  1.200  0.409  5.262  0.018    0.002    0.0    0.0
0.174  1.201  0.418  5.262  0.018    0.002    0.0    0.0
0.171  1.202  0.420  5.262  0.017    0.002    0.0    0.0
0.794  1.430  0.201  5.262  0.030    0.020    0.0    0.0
0.775  1.430  0.301  5.262  0.042    0.028    0.0    0.0
0.757  1.431  0.431  5.262  0.048    0.036    0.0    0.0
0.739  1.430  0.538  5.262  0.048    0.041    0.0    0.0
0.722  1.428  0.641  5.262  0.047    0.045    0.0    0.0
0.705  1.429  0.705  5.262  0.045    0.046    0.0    0.0
0.688  1.429  0.628  5.262  0.040    0.038    0.0    0.0
0.672  1.429  0.565  5.262  0.036    0.031    0.0    0.0
0.656  1.430  0.532  5.262  0.035    0.027    0.0    0.0
0.641  1.428  0.417  5.262  0.031    0.020    0.0    0.0
0.626  1.430  0.383  5.262  0.030    0.017    0.0    0.0
0.611  1.429  0.357  5.262  0.029    0.015    0.0    0.0
0.598  1.429  0.369  5.262  0.029    0.014    0.0    0.0
0.585  1.429  0.394  5.262  0.030    0.014    0.0    0.0
0.573  1.428  0.383  5.262  0.029    0.013    0.0    0.0
0.559  1.429  0.402  5.262  0.029    0.013    0.0    0.0
0.547  1.428  0.399  5.262  0.029    0.012    0.0    0.0
0.535  1.429  0.423  5.262  0.029    0.012    0.0    0.0
0.524  1.428  0.439  5.262  0.028    0.012    0.0    0.0
0.512  1.428  0.382  5.262  0.026    0.010    0.0    0.0
0.501  1.426  0.458  5.262  0.027    0.011    0.0    0.0
0.490  1.425  0.393  5.262  0.025    0.009    0.0    0.0
0.481  1.425  0.413  5.262  0.024    0.009    0.0    0.0
0.471  1.425  0.370  5.262  0.023    0.008    0.0    0.0
0.461  1.424  0.373  5.262  0.023    0.007    0.0    0.0
0.453  1.424  0.401  5.262  0.024    0.008    0.0    0.0
0.443  1.424  0.374  5.262  0.023    0.007    0.0    0.0
0.434  1.424  0.401  5.262  0.023    0.007    0.0    0.0
0.426  1.424  0.416  5.262  0.023    0.007    0.0    0.0
0.417  1.424  0.438  5.262  0.023    0.007    0.0    0.0
0.410  1.425  0.405  5.262  0.022    0.006    0.0    0.0
0.401  1.425  0.418  5.262  0.022    0.006    0.0    0.0
0.394  1.425  0.400  5.262  0.021    0.006    0.0    0.0
0.386  1.426  0.351  5.262  0.020    0.005    0.0    0.0
0.379  1.427  0.385  5.262  0.021    0.005    0.0    0.0
0.372  1.427  0.367  5.262  0.020    0.005    0.0    0.0
0.365  1.428  0.388  5.262  0.021    0.005    0.0    0.0
0.359  1.429  0.410  5.262  0.021    0.005    0.0    0.0
0.352  1.430  0.381  5.262  0.020    0.005    0.0    0.0
0.345  1.431  0.424  5.262  0.021    0.005    0.0    0.0
0.340  1.431  0.419  5.262  0.021    0.005    0.0    0.0
0.334  1.432  0.447  5.262  0.021    0.005    0.0    0.0
0.327  1.431  0.387  5.262  0.020    0.004    0.0    0.0
0.322  1.432  0.457  5.262  0.021    0.005    0.0    0.0
0.316  1.431  0.455  5.262  0.021    0.005    0.0    0.0
0.310  1.431  0.397  5.262  0.020    0.004    0.0    0.0
0.305  1.430  0.404  5.262  0.020    0.004    0.0    0.0
0.300  1.431  0.431  5.262  0.020    0.004    0.0    0.0
0.294  1.429  0.397  5.262  0.019    0.004    0.0    0.0
0.289  1.429  0.377  5.262  0.019    0.003    0.0    0.0
0.285  1.429  0.442  5.262  0.020    0.004    0.0    0.0
0.280  1.429  0.391  5.262  0.019    0.003    0.0    0.0
0.276  1.428  0.400  5.262  0.019    0.003    0.0    0.0
0.271  1.428  0.399  5.262  0.020    0.003    0.0    0.0
0.267  1.429  0.423  5.262  0.020    0.003    0.0    0.0
0.262  1.428  0.410  5.262  0.020    0.003    0.0    0.0
0.258  1.428  0.405  5.262  0.019    0.003    0.0    0.0
0.254  1.427  0.392  5.262  0.019    0.003    0.0    0.0
0.250  1.427  0.450  5.262  0.020    0.003    0.0    0.0
0.245  1.428  0.419  5.262  0.020    0.003    0.0    0.0
0.241  1.427  0.387  5.262  0.019    0.003    0.0    0.0
0.238  1.427  0.409  5.262  0.019    0.003    0.0    0.0
0.234  1.427  0.421  5.262  0.020    0.003    0.0    0.0
0.231  1.427  0.455  5.262  0.020    0.003    0.0    0.0
0.229  1.428  0.390  5.262  0.019    0.003    0.0    0.0
0.225  1.429  0.406  5.262  0.019    0.003    0.0    0.0
0.222  1.431  0.424  5.262  0.019    0.003    0.0    0.0
0.218  1.433  0.431  5.262  0.019    0.003    0.0    0.0
0.215  1.434  0.438  5.262  0.018    0.003    0.0    0.0
0.211  1.435  0.440  5.262  0.018    0.003    0.0    0.0
0.208  1.435  0.449  5.262  0.018    0.003    0.0    0.0
0.206  1.435  0.421  5.262  0.017    0.002    0.0    0.0
0.203  1.433  0.447  5.262  0.018    0.003    0.0    0.0
0.823  1.700  0.180  5.262  0.031    0.021    0.0    0.0
0.804  1.701  0.292  5.262  0.047    0.031    0.0    0.0
0.788  1.701  0.380  5.262  0.052    0.037    0.0    0.0
0.770  1.700  0.544  5.262  0.057    0.048    0.0    0.0
0.755  1.702  0.609  5.262  0.055    0.050    0.0    0.0
0.740  1.702  0.602  5.262  0.051    0.046    0.0    0.0
0.725  1.704  0.686  5.262  0.050    0.049    0.0    0.0
0.710  1.703  0.593  5.262  0.044    0.039    0.0    0.0
0.694  1.704  0.525  5.262  0.040    0.032    0.0    0.0
0.680  1.704  0.390  5.262  0.036    0.022    0.0    0.0
0.668  1.705  0.386  5.262  0.035    0.021    0.0    0.0
0.652  1.705  0.396  5.262  0.035    0.020    0.0    0.0
0.639  1.706  0.412  5.262  0.035    0.019    0.0    0.0
0.626  1.707  0.398  5.262  0.034    0.018    0.0    0.0
0.617  1.705  0.376  5.262  0.033    0.016    0.0    0.0
0.603  1.705  0.394  5.262  0.033    0.016    0.0    0.0
0.590  1.705  0.379  5.262  0.032    0.014    0.0    0.0
0.579  1.705  0.371  5.262  0.030    0.013    0.0    0.0
0.568  1.704  0.385  5.262  0.030    0.013    0.0    0.0
0.557  1.704  0.422  5.262  0.030    0.013    0.0    0.0
0.546  1.704  0.436  5.262  0.029    0.013    0.0    0.0
0.535  1.704  0.442  5.262  0.029    0.013    0.0    0.0
0.526  1.704  0.443  5.262  0.028    0.012    0.0    0.0
0.516  1.704  0.386  5.262  0.027    0.010    0.0    0.0
0.506  1.704  0.363  5.262  0.025    0.009    0.0    0.0
0.496  1.704  0.392  5.262  0.026    0.009    0.0    0.0
0.487  1.703  0.384  5.262  0.025    0.009    0.0    0.0
0.478  1.704  0.367  5.262  0.024    0.008    0.0    0.0
0.469  1.703  0.369  5.262  0.024    0.008    0.0    0.0
0.461  1.703  0.417  5.262  0.025    0.008    0.0    0.0
0.453  1.704  0.456  5.262  0.025    0.009    0.0    0.0
0.444  1.704  0.369  5.262  0.023    0.007    0.0    0.0
0.437  1.704  0.370  5.262  0.022    0.007    0.0    0.0
0.429  1.704  0.378  5.262  0.022    0.007    0.0    0.0
0.422  1.703  0.371  5.262  0.022    0.006    0.0    0.0
0.413  1.704  0.381  5.262  0.022    0.006    0.0    0.0
0.407  1.704  0.330  5.262  0.021    0.005    0.0    0.0
0.400  1.704  0.434  5.262  0.023    0.007    0.0    0.0
0.393  1.704  0.387  5.262  0.022    0.006    0.0    0.0
0.387  1.704  0.378  5.262  0.022    0.005    0.0    0.0
0.381  1.705  0.405  5.262  0.022    0.006    0.0    0.0
0.373  1.704  0.430  5.262  0.022    0.006    0.0    0.0
0.367  1.704  0.418  5.262  0.022    0.005    0.0    0.0
0.361  1.704  0.362  5.262  0.021    0.005    0.0    0.0
0.355  1.704  0.405  5.262  0.022    0.005    0.0    0.0
0.348  1.703  0.438  5.262  0.022    0.005    0.0    0.0
0.343  1.702  0.400  5.262  0.022    0.005    0.0    0.0
0.337  1.703  0.428  5.262  0.022    0.005    0.0    0.0
0.332  1.704  0.394  5.262  0.021    0.004    0.0    0.0
0.328  1.704  0.416  5.262  0.022    0.004    0.0    0.0
0.323  1.704  0.428  5.262  0.022    0.004    0.0    0.0
0.318  1.704  0.436  5.262  0.022    0.004    0.0    0.0
0.313  1.705  0.440  5.262  0.022    0.004    0.0    0.0
0.307  1.705  0.431  5.262  0.021    0.004    0.0    0.0
0.303  1.707  0.401  5.262  0.021    0.004    0.0    0.0
0.298  1.707  0.414  5.262  0.021    0.004    0.0    0.0
0.293  1.707  0.444  5.262  0.021    0.004    0.0    0.0
0.290  1.708  0.414  5.262  0.020    0.004    0.0    0.0
0.285  1.709  0.406  5.262  0.020    0.004    0.0    0.0
0.281  1.709  0.419  5.262  0.020    0.004    0.0    0.0
0.276  1.710  0.399  5.262  0.019    0.003    0.0    0.0
0.273  1.710  0.420  5.262  0.019    0.003    0.0    0.0
0.268  1.710  0.407  5.262  0.019    0.003    0.0    0.0
0.264  1.710  0.451  5.262  0.019    0.004    0.0    0.0
0.260  1.710  0.391  5.262  0.018    0.003    0.0    0.0
0.257  1.709  0.424  5.262  0.019    0.003    0.0    0.0
0.253  1.708  0.431  5.262  0.019    0.003    0.0    0.0
0.250  1.708  0.452  5.262  0.019    0.003    0.0    0.0
0.246  1.708  0.427  5.262  0.018    0.003    0.0    0.0
0.242  1.708  0.419  5.262  0.018    0.003    0.0    0.0
0.239  1.707  0.440  5.262  0.026    0.003    0.0    0.0
0.847  2.032  0.149  5.262  0.035    0.019    0.0    0.0
0.829  2.032  0.297  5.262  0.056    0.035    0.0    0.0
0.816  2.032  0.447  5.262  0.067    0.049    0.0    0.0
0.802  2.032  0.503  5.262  0.068    0.052    0.0    0.0
0.787  2.031  0.534  5.262  0.065    0.051    0.0    0.0
0.773  2.032  0.495  5.262  0.059    0.044    0.0    0.0
0.759  2.031  0.563  5.262  0.056    0.047    0.0    0.0
0.745  2.032  0.613  5.262  0.054    0.048    0.0    0.0
0.731  2.031  0.522  5.262  0.050    0.038    0.0    0.0
0.716  2.032  0.476  5.262  0.046    0.032    0.0    0.0
0.705  2.033  0.357  5.262  0.040    0.023    0.0    0.0
0.693  2.031  0.387  5.262  0.042    0.024    0.0    0.0
0.679  2.035  0.339  5.262  0.040    0.019    0.0    0.0
0.667  2.033  0.369  5.262  0.040    0.020    0.0    0.0
0.655  2.033  0.415  5.262  0.041    0.021    0.0    0.0
0.643  2.034  0.337  5.262  0.037    0.016    0.0    0.0
0.633  2.035  0.387  5.262  0.039    0.018    0.0    0.0
0.622  2.033  0.319  5.262  0.034    0.014    0.0    0.0
0.610  2.033  0.405  5.262  0.036    0.017    0.0    0.0
0.600  2.033  0.436  5.262  0.036    0.017    0.0    0.0
0.590  2.032  0.405  5.262  0.035    0.015    0.0    0.0
0.580  2.034  0.450  5.262  0.034    0.016    0.0    0.0
0.570  2.034  0.377  5.262  0.032    0.013    0.0    0.0
0.559  2.032  0.336  5.262  0.030    0.011    0.0    0.0
0.550  2.034  0.368  5.262  0.031    0.011    0.0    0.0
0.541  2.033  0.381  5.262  0.031    0.011    0.0    0.0
0.531  2.033  0.385  5.262  0.030    0.011    0.0    0.0
0.522  2.033  0.441  5.262  0.031    0.012    0.0    0.0
0.512  2.034  0.393  5.262  0.029    0.010    0.0    0.0
0.505  2.035  0.385  5.262  0.029    0.010    0.0    0.0
0.496  2.033  0.427  5.262  0.029    0.010    0.0    0.0
0.489  2.033  0.348  5.262  0.026    0.008    0.0    0.0
0.481  2.033  0.388  5.262  0.027    0.009    0.0    0.0
0.473  2.033  0.414  5.262  0.027    0.009    0.0    0.0
0.464  2.033  0.379  5.262  0.026    0.008    0.0    0.0
0.457  2.033  0.384  5.262  0.026    0.008    0.0    0.0
0.450  2.033  0.395  5.262  0.026    0.008    0.0    0.0
0.443  2.034  0.364  5.262  0.025    0.007    0.0    0.0
0.436  2.033  0.397  5.262  0.026    0.007    0.0    0.0
0.429  2.033  0.409  5.262  0.026    0.007    0.0    0.0
0.422  2.034  0.409  5.262  0.026    0.007    0.0    0.0
0.416  2.034  0.432  5.262  0.026    0.007    0.0    0.0
0.410  2.035  0.437  5.262  0.026    0.007    0.0    0.0
0.403  2.037  0.377  5.262  0.024    0.006    0.0    0.0
0.397  2.038  0.389  5.262  0.024    0.006    0.0    0.0
0.392  2.039  0.376  5.262  0.024    0.005    0.0    0.0
0.386  2.040  0.446  5.262  0.025    0.006    0.0    0.0
0.379  2.041  0.418  5.262  0.024    0.006    0.0    0.0
0.374  2.041  0.359  5.262  0.023    0.005    0.0    0.0
0.368  2.041  0.439  5.262  0.024    0.006    0.0    0.0
0.363  2.042  0.389  5.262  0.023    0.005    0.0    0.0
0.357  2.041  0.418  5.262  0.023    0.005    0.0    0.0
0.351  2.040  0.386  5.262  0.023    0.005    0.0    0.0
0.347  2.039  0.388  5.262  0.022    0.004    0.0    0.0
0.342  2.039  0.401  5.262  0.022    0.005    0.0    0.0
0.336  2.039  0.413  5.262  0.022    0.005    0.0    0.0
0.331  2.040  0.389  5.262  0.022    0.004    0.0    0.0
0.326  2.040  0.396  5.262  0.022    0.004    0.0    0.0
0.322  2.040  0.373  5.262  0.021    0.004    0.0    0.0
0.318  2.040  0.409  5.262  0.022    0.004    0.0    0.0
0.313  2.039  0.409  5.262  0.022    0.004    0.0    0.0
0.307  2.037  0.406  5.262  0.022    0.004    0.0    0.0
0.304  2.036  0.410  5.262  0.022    0.004    0.0    0.0
0.300  2.036  0.452  5.262  0.022    0.004    0.0    0.0
0.296  2.034  0.420  5.262  0.022    0.004    0.0    0.0
0.291  2.034  0.463  5.262  0.023    0.004    0.0    0.0
0.287  2.033  0.429  5.262  0.023    0.004    0.0    0.0
0.282  2.034  0.382  5.262  0.032    0.003    0.0    0.0
0.868  2.420  0.222  5.262  0.048    0.032    0.0    0.0
0.854  2.421  0.230  5.262  0.063    0.031    0.0    0.0
0.840  2.419  0.373  5.262  0.080    0.047    0.0    0.0
0.830  2.417  0.534  5.262  0.089    0.063    0.0    0.0
0.815  2.415  0.529  5.262  0.080    0.059    0.0    0.0
0.801  2.417  0.773  5.262  0.089    0.080    0.0    0.0
0.788  2.416  0.531  5.262  0.072    0.052    0.0    0.0
0.777  2.420  0.523  5.262  0.066    0.048    0.0    0.0
0.764  2.416  0.492  5.262  0.063    0.042    0.0    0.0
0.751  2.416  0.388  5.262  0.055    0.031    0.0    0.0
0.739  2.417  0.368  5.262  0.051    0.028    0.0    0.0
0.727  2.418  0.349  5.262  0.051    0.025    0.0    0.0
0.717  2.419  0.272  5.262  0.047    0.019    0.0    0.0
0.705  2.417  0.343  5.262  0.050    0.022    0.0    0.0
0.693  2.418  0.302  5.262  0.047    0.019    0.0    0.0
0.683  2.422  0.330  5.262  0.046    0.019    0.0    0.0
0.675  2.417  0.290  5.262  0.045    0.016    0.0    0.0
0.660  2.419  0.315  5.262  0.044    0.017    0.0    0.0
0.651  2.419  0.393  5.262  0.046    0.020    0.0    0.0
0.642  2.421  0.443  5.262  0.047    0.021    0.0    0.0
0.632  2.422  0.489  5.262  0.047    0.022    0.0    0.0
0.621  2.421  0.353  5.262  0.040    0.015    0.0    0.0
0.613  2.424  0.428  5.262  0.041    0.018    0.0    0.0
0.602  2.422  0.396  5.262  0.039    0.016    0.0    0.0
0.593  2.423  0.343  5.262  0.038    0.013    0.0    0.0
0.584  2.424  0.350  5.262  0.036    0.013    0.0    0.0
0.576  2.426  0.330  5.262  0.035    0.012    0.0    0.0
0.565  2.427  0.394  5.262  0.037    0.013    0.0    0.0
0.559  2.427  0.394  5.262  0.036    0.013    0.0    0.0
0.548  2.428  0.356  5.262  0.034    0.011    0.0    0.0
0.542  2.428  0.388  5.262  0.033    0.012    0.0    0.0
0.532  2.430  0.415  5.262  0.033    0.012    0.0    0.0
0.525  2.430  0.402  5.262  0.032    0.011    0.0    0.0
0.518  2.429  0.387  5.262  0.031    0.010    0.0    0.0
0.509  2.430  0.394  5.262  0.031    0.010    0.0    0.0
0.502  2.429  0.386  5.262  0.030    0.009    0.0    0.0
0.495  2.428  0.388  5.262  0.030    0.009    0.0    0.0
0.488  2.428  0.396  5.262  0.030    0.009    0.0    0.0
0.480  2.429  0.340  5.262  0.028    0.008    0.0    0.0
0.474  2.427  0.356  5.262  0.029    0.008    0.0    0.0
0.466  2.428  0.428  5.262  0.030    0.009    0.0    0.0
0.457  2.427  0.414  5.262  0.029    0.008    0.0    0.0
0.452  2.428  0.405  5.262  0.029    0.008    0.0    0.0
0.445  2.428  0.396  5.262  0.028    0.007    0.0    0.0
0.438  2.427  0.430  5.262  0.029    0.008    0.0    0.0
0.432  2.429  0.391  5.262  0.027    0.007    0.0    0.0
0.426  2.428  0.420  5.262  0.028    0.007    0.0    0.0
0.422  2.429  0.400  5.262  0.027    0.007    0.0    0.0
0.415  2.428  0.475  5.262  0.029    0.008    0.0    0.0
0.409  2.427  0.447  5.262  0.028    0.007    0.0    0.0
0.402  2.427  0.372  5.262  0.026    0.006    0.0    0.0
0.396  2.426  0.394  5.262  0.026    0.006    0.0    0.0
0.391  2.425  0.411  5.262  0.026    0.006    0.0    0.0
0.387  2.422  0.415  5.262  0.027    0.006    0.0    0.0
0.381  2.423  0.431  5.262  0.027    0.006    0.0    0.0
0.375  2.423  0.378  5.262  0.026    0.005    0.0    0.0
0.371  2.424  0.392  5.262  0.026    0.005    0.0    0.0
0.366  2.424  0.410  5.262  0.027    0.005    0.0    0.0
0.360  2.423  0.400  5.262  0.027    0.005    0.0    0.0
0.355  2.423  0.444  5.262  0.028    0.005    0.0    0.0
0.350  2.422  0.434  5.262  0.028    0.005    0.0    0.0
0.344  2.419  0.461  5.262  0.029    0.005    0.0    0.0
0.339  2.417  0.427  5.262  0.030    0.005    0.0    0.0
0.335  2.415  0.397  5.262  0.031    0.004    0.0    0.0
0.886  2.889  0.151  5.262  0.054    0.024    0.0    0.0
0.877  2.889  0.279  5.262  0.084    0.042    0.0    0.0
0.863  2.891  0.417  5.262  0.107    0.058    0.0    0.0
0.853  2.886  0.383  5.262  0.101    0.052    0.0    0.0
0.841  2.889  0.508  5.262  0.107    0.063    0.0    0.0
0.827  2.888  0.545  5.262  0.103    0.063    0.0    0.0
0.818  2.890  0.615  5.262  0.099    0.069    0.0    0.0
0.807  2.886  0.527  5.262  0.091    0.056    0.0    0.0
0.794  2.889  0.489  5.262  0.081    0.049    0.0    0.0
0.783  2.887  0.396  5.262  0.071    0.038    0.0    0.0
0.771  2.888  0.347  5.262  0.064    0.031    0.0    0.0
0.760  2.887  0.541  5.262  0.077    0.047    0.0    0.0
0.752  2.888  0.309  5.262  0.062    0.025    0.0    0.0
0.739  2.888  0.301  5.262  0.059    0.023    0.0    0.0
0.730  2.890  0.411  5.262  0.064    0.030    0.0    0.0
0.720  2.888  0.230  5.262  0.051    0.016    0.0    0.0
0.712  2.889  0.344  5.262  0.057    0.023    0.0    0.0
0.701  2.888  0.471  5.262  0.061    0.030    0.0    0.0
0.690  2.887  0.286  5.262  0.050    0.017    0.0    0.0
0.680  2.888  0.413  5.262  0.055    0.024    0.0    0.0
0.668  2.886  0.473  5.262  0.056    0.026    0.0    0.0
0.662  2.887  0.408  5.262  0.053    0.022    0.0    0.0
0.654  2.886  0.364  5.262  0.047    0.019    0.0    0.0
0.643  2.888  0.371  5.262  0.047    0.018    0.0    0.0
0.637  2.889  0.414  5.262  0.048    0.020    0.0    0.0
0.626  2.891  0.386  5.262  0.046    0.017    0.0    0.0
0.615  2.891  0.476  5.262  0.049    0.020    0.0    0.0
0.609  2.888  0.362  5.262  0.045    0.015    0.0    0.0
0.601  2.888  0.386  5.262  0.043    0.015    0.0    0.0
0.591  2.890  0.413  5.262  0.044    0.015    0.0    0.0
0.586  2.890  0.348  5.262  0.039    0.013    0.0    0.0
0.576  2.891  0.347  5.262  0.038    0.012    0.0    0.0
0.567  2.888  0.314  5.262  0.036    0.011    0.0    0.0
0.561  2.891  0.396  5.262  0.038    0.013    0.0    0.0
0.550  2.890  0.350  5.262  0.035    0.011    0.0    0.0
0.545  2.889  0.331  5.262  0.034    0.010    0.0    0.0
0.538  2.889  0.407  5.262  0.037    0.012    0.0    0.0
0.530  2.887  0.369  5.262  0.036    0.010    0.0    0.0
0.522  2.887  0.369  5.262  0.036    0.010    0.0    0.0
0.516  2.887  0.431  5.262  0.037    0.011    0.0    0.0
0.510  2.886  0.379  5.262  0.035    0.010    0.0    0.0
0.502  2.887  0.415  5.262  0.036    0.010    0.0    0.0
0.495  2.888  0.442  5.262  0.037    0.011    0.0    0.0
0.489  2.890  0.353  5.262  0.034    0.008    0.0    0.0
0.484  2.888  0.364  5.262  0.034    0.008    0.0    0.0
0.475  2.887  0.372  5.262  0.034    0.008    0.0    0.0
0.468  2.886  0.417  5.262  0.035    0.009    0.0    0.0
0.463  2.885  0.420  5.262  0.036    0.009    0.0    0.0
0.456  2.885  0.351  5.262  0.034    0.007    0.0    0.0
0.451  2.880  0.375  5.262  0.035    0.007    0.0    0.0
0.444  2.877  0.432  5.262  0.037    0.008    0.0    0.0
0.439  2.879  0.375  5.262  0.036    0.007    0.0    0.0
0.432  2.874  0.407  5.262  0.037    0.007    0.0    0.0
0.427  2.872  0.398  5.262  0.037    0.007    0.0    0.0
0.422  2.870  0.407  5.262  0.039    0.007    0.0    0.0
0.416  2.870  0.407  5.262  0.039    0.007    0.0    0.0
0.410  2.871  0.372  5.262  0.039    0.006    0.0    0.0
0.406  2.873  0.367  5.262  0.041    0.006    0.0    0.0
0.399  2.873  0.302  5.262  0.040    0.005    0.0    0.0
0.895  3.446  0.413  5.262  0.128    0.067    0.0    0.0
0.881  3.434  0.467  5.262  0.143    0.071    0.0    0.0
0.874  3.439  0.437  5.262  0.139    0.065    0.0    0.0
0.863  3.433  0.577  5.262  0.146    0.081    0.0    0.0
0.853  3.444  0.602  5.262  0.136    0.080    0.0    0.0
0.844  3.442  0.452  5.262  0.120    0.057    0.0    0.0
0.831  3.438  0.552  5.262  0.119    0.066    0.0    0.0
0.823  3.449  0.486  5.262  0.101    0.057    0.0    0.0
0.814  3.434  0.227  5.262  0.075    0.025    0.0    0.0
0.803  3.444  0.338  5.262  0.084    0.035    0.0    0.0
0.789  3.443  0.431  5.262  0.089    0.042    0.0    0.0
0.781  3.444  0.202  5.262  0.078    0.019    0.0    0.0
0.772  3.438  0.299  5.262  0.078    0.027    0.0    0.0
0.764  3.443  0.464  5.262  0.088    0.040    0.0    0.0
0.756  3.443  0.335  5.262  0.073    0.028    0.0    0.0
0.744  3.438  0.384  5.262  0.077    0.030    0.0    0.0
0.735  3.442  0.225  5.262  0.060    0.017    0.0    0.0
0.725  3.439  0.290  5.262  0.069    0.021    0.0    0.0
0.715  3.442  0.467  5.262  0.078    0.032    0.0    0.0
0.709  3.441  0.413  5.262  0.070    0.027    0.0    0.0
0.699  3.441  0.329  5.262  0.066    0.021    0.0    0.0
0.691  3.448  0.389  5.262  0.063    0.024    0.0    0.0
0.683  3.440  0.346  5.262  0.060    0.020    0.0    0.0
0.672  3.442  0.302  5.262  0.057    0.017    0.0    0.0
0.663  3.444  0.467  5.262  0.064    0.025    0.0    0.0
0.658  3.440  0.446  5.262  0.062    0.023    0.0    0.0
0.650  3.441  0.327  5.262  0.054    0.016    0.0    0.0
0.639  3.437  0.299  5.262  0.052    0.014    0.0    0.0
0.632  3.438  0.438  5.262  0.059    0.020    0.0    0.0
0.625  3.436  0.483  5.262  0.059    0.022    0.0    0.0
0.616  3.433  0.383  5.262  0.052    0.016    0.0    0.0
0.608  3.433  0.285  5.262  0.047    0.012    0.0    0.0
0.602  3.434  0.371  5.262  0.049    0.015    0.0    0.0
0.594  3.430  0.325  5.262  0.048    0.012    0.0    0.0
0.587  3.427  0.408  5.262  0.052    0.015    0.0    0.0
0.579  3.425  0.262  5.262  0.044    0.009    0.0    0.0
0.575  3.424  0.413  5.262  0.053    0.014    0.0    0.0
0.566  3.426  0.307  5.262  0.048    0.010    0.0    0.0
0.558  3.423  0.437  5.262  0.054    0.014    0.0    0.0
0.550  3.420  0.438  5.262  0.056    0.014    0.0    0.0
0.544  3.425  0.376  5.262  0.050    0.011    0.0    0.0
0.537  3.422  0.322  5.262  0.049    0.009    0.0    0.0
0.532  3.422  0.512  5.262  0.060    0.014    0.0    0.0
0.525  3.425  0.393  5.262  0.052    0.011    0.0    0.0
0.518  3.425  0.406  5.262  0.054    0.011    0.0    0.0
0.511  3.421  0.362  5.262  0.054    0.009    0.0    0.0
0.505  3.422  0.351  5.262  0.054    0.009    0.0    0.0
0.498  3.425  0.402  5.262  0.056    0.010    0.0    0.0
0.491  3.422  0.380  5.262  0.058    0.009    0.0    0.0
0.483  3.418  0.330  5.262  0.056    0.007    0.0    0.0
0.474  3.418  0.357  5.262  0.068    0.008    0.0    0.0
0.471  3.411  0.308  5.262  0.071    0.007    0.0    0.0
0.463  3.403  0.173  5.262  0.079    0.004    0.0    0.0
0.920  4.107  0.232  5.262  0.117    0.043    0.0    0.0
0.899  4.099  0.167  5.262  0.160    0.028    0.0    0.0
0.891  4.088  0.117  5.262  0.171    0.019    0.0    0.0
0.879  4.089  0.771  5.262  0.235    0.116    0.0    0.0
0.872  4.095  0.532  5.262  0.189    0.077    0.0    0.0
0.863  4.087  0.563  5.262  0.188    0.078    0.0    0.0
0.852  4.084  0.608  5.262  0.180    0.081    0.0    0.0
0.845  4.092  0.331  5.262  0.146    0.042    0.0    0.0
0.837  4.092  0.280  5.262  0.127    0.034    0.0    0.0
0.824  4.094  0.230  5.262  0.114    0.027    0.0    0.0
0.817  4.088  0.526  5.262  0.138    0.059    0.0    0.0
0.812  4.086  0.378  5.262  0.121    0.041    0.0    0.0
0.802  4.098  0.442  5.262  0.127    0.046    0.0    0.0
0.789  4.092  0.482  5.262  0.130    0.048    0.0    0.0
0.785  4.095  0.214  5.262  0.091    0.021    0.0    0.0
0.770  4.088  0.220  5.262  0.097    0.020    0.0    0.0
0.768  4.080  0.373  5.262  0.103    0.034    0.0    0.0
0.759  4.077  0.151  5.262  0.091    0.012    0.0    0.0
0.751  4.075  0.379  5.262  0.117    0.031    0.0    0.0
0.739  4.078  0.328  5.262  0.103    0.025    0.0    0.0
0.734  4.085  0.304  5.262  0.097    0.023    0.0    0.0
0.727  4.088  0.264  5.262  0.090    0.019    0.0    0.0
0.719  4.088  0.406  5.262  0.099    0.029    0.0    0.0
0.708  4.084  0.387  5.262  0.096    0.026    0.0    0.0
0.703  4.080  0.260  5.262  0.084    0.017    0.0    0.0
0.695  4.085  0.254  5.262  0.084    0.016    0.0    0.0
0.688  4.084  0.441  5.262  0.101    0.026    0.0    0.0
0.680  4.082  0.428  5.262  0.097    0.025    0.0    0.0
0.672  4.084  0.330  5.262  0.087    0.018    0.0    0.0
0.664  4.082  0.448  5.262  0.100    0.024    0.0    0.0
0.661  4.082  0.430  5.262  0.097    0.023    0.0    0.0
0.647  4.078  0.493  5.262  0.098    0.024    0.0    0.0
0.641  4.080  0.585  5.262  0.104    0.028    0.0    0.0
0.631  4.081  0.265  5.262  0.077    0.012    0.0    0.0
0.624  4.084  0.312  5.262  0.084    0.014    0.0    0.0
0.620  4.079  0.221  5.262  0.076    0.009    0.0    0.0
0.611  4.069  0.332  5.262  0.094    0.014    0.0    0.0
0.604  4.067  0.234  5.262  0.088    0.009    0.0    0.0
0.595  4.051  0.074  5.262  0.064    0.003    0.0    0.0
0.589  4.036  0.416  5.262  0.129    0.016    0.0    0.0
0.581  4.028  0.336  5.262  0.105    0.012    0.0    0.0
0.571  4.013  0.351  5.262  0.133    0.012    0.0    0.0
0.563  3.998  0.298  5.262  0.144    0.010    0.0    0.0
0.923  4.868  0.443  5.262  0.299    0.081    0.0    0.0
0.905  4.873  0.389  5.262  0.296    0.066    0.0    0.0
0.904  4.870  0.163  5.262  0.184    0.027    0.0    0.0
0.888  4.856  0.267  5.262  0.263    0.042    0.0    0.0
0.887  4.865  0.407  5.262  0.297    0.065    0.0    0.0
0.869  4.872  0.477  5.262  0.303    0.067    0.0    0.0
0.866  4.865  0.131  5.262  0.133    0.019    0.0    0.0
0.856  4.865  0.376  5.262  0.232    0.051    0.0    0.0
0.829  4.864  0.199  5.262  0.205    0.024    0.0    0.0
0.813  4.864  0.465  5.262  0.213    0.051    0.0    0.0
0.807  4.850  0.286  5.262  0.185    0.030    0.0    0.0
0.799  4.846  0.183  5.262  0.202    0.019    0.0    0.0
0.798  4.839  0.315  5.262  0.217    0.032    0.0    0.0
0.773  4.792  0.211  5.262  0.164    0.019    0.0    0.0
0.761  4.788  0.532  5.262  0.300    0.046    0.0    0.0
0.752  4.776  0.391  5.262  0.248    0.032    0.0    0.0
0.739  4.764  0.132  5.262  0.172    0.010    0.0    0.0
0.731  4.754  0.567  5.262  0.266    0.042    0.0    0.0
0.719  4.742  0.340  5.262  0.221    0.024    0.0    0.0
0.718  4.721  0.361  5.262  0.232    0.025    0.0    0.0