e00116,sig_r,p target
converted from 10003.xlsx
*
 0.0000  0
x      Q2        F2  Ebeam      stat   sys_tot  dummy  dummy
0.4831  3.5853  0.171857    5.5  0.002726  0.002638    0.0    0.0
0.4904  3.6240  0.168217    5.5  0.002662  0.002586    0.0    0.0
0.4978  3.6628  0.163025    5.5  0.002558  0.002507    0.0    0.0
0.5052  3.7015  0.155622    5.5  0.002492  0.002389    0.0    0.0
0.5127  3.7403  0.148876    5.5  0.002411  0.002282    0.0    0.0
0.5202  3.7791  0.144068    5.5  0.002356  0.002214    0.0    0.0
0.5278  3.8178  0.143305    5.5  0.002327  0.002197    0.0    0.0
0.5355  3.8566  0.139349    5.5  0.002270  0.002139    0.0    0.0
0.5433  3.8953  0.128154    5.5  0.002159  0.001963    0.0    0.0
0.5511  3.9341  0.121541    5.5  0.002114  0.001864    0.0    0.0
0.5590  3.9729  0.118513    5.5  0.002068  0.001817    0.0    0.0
0.5669  4.0116  0.115729    5.5  0.002022  0.001784    0.0    0.0
0.5750  4.0504  0.112690    5.5  0.001975  0.001737    0.0    0.0
0.5830  4.0891  0.111776    5.5  0.001954  0.001715    0.0    0.0
0.5912  4.1279  0.107095    5.5  0.001893  0.001639    0.0    0.0
0.5995  4.1667  0.098969    5.5  0.001803  0.001523    0.0    0.0
0.6000  4.1691  0.101410    5.5  0.001363  0.001563    0.0    0.0
0.6097  4.2142  0.095788    5.5  0.001300  0.001474    0.0    0.0
0.6195  4.2593  0.091628    5.5  0.001249  0.001411    0.0    0.0
0.6294  4.3043  0.083988    5.5  0.001172  0.001294    0.0    0.0
0.6393  4.3494  0.081261    5.5  0.001148  0.001243    0.0    0.0
0.6495  4.3945  0.075167    5.5  0.001083  0.001151    0.0    0.0
0.6597  4.4395  0.072127    5.5  0.001044  0.001112    0.0    0.0
0.6700  4.4846  0.071643    5.5  0.001047  0.001101    0.0    0.0
0.6804  4.5297  0.069679    5.5  0.001008  0.001076    0.0    0.0
0.6910  4.5748  0.070239    5.5  0.000982  0.001077    0.0    0.0
0.7017  4.6198  0.063157    5.5  0.000901  0.000970    0.0    0.0
0.7125  4.6649  0.055172    5.5  0.000835  0.000848    0.0    0.0
0.7234  4.7100  0.047841    5.5  0.000753  0.000740    0.0    0.0
0.7344  4.7550  0.040493    5.5  0.000686  0.000617    0.0    0.0
0.7456  4.8001  0.038236    5.5  0.000686  0.000590    0.0    0.0
0.7568  4.8452  0.037116    5.5  0.000673  0.000577    0.0    0.0
0.7575  4.8476  0.037613    5.5  0.000481  0.000577    0.0    0.0
0.7707  4.9000  0.040696    5.5  0.000481  0.000633    0.0    0.0
0.7842  4.9524  0.036755    5.5  0.000440  0.000564    0.0    0.0
0.7979  5.0048  0.030118    5.5  0.000372  0.000468    0.0    0.0
0.8117  5.0572  0.024637    5.5  0.000331  0.000386    0.0    0.0
0.8257  5.1096  0.019863    5.5  0.000289  0.000317    0.0    0.0
0.8400  5.1620  0.016772    5.5  0.000262  0.000262    0.0    0.0
0.8544  5.2144  0.012736    5.5  0.000234  0.000207    0.0    0.0
0.8690  5.2668  0.011232    5.5  0.000220  0.000193    0.0    0.0
0.8838  5.3192  0.010319    5.5  0.000220  0.000206    0.0    0.0
0.8989  5.3717  0.009569    5.5  0.000234  0.000234    0.0    0.0
0.9141  5.4241  0.005564    5.5  0.000165  0.000192    0.0    0.0
0.9296  5.4765  0.002786    5.5  0.000124  0.000151    0.0    0.0
0.9453  5.5289  0.144346    5.5  0.003083  0.002216    0.0    0.0
0.5300  3.9954  0.133005    5.5  0.002946  0.002042    0.0    0.0
0.5379  4.0386  0.128594    5.5  0.002809  0.001968    0.0    0.0
0.5458  4.0817  0.125032    5.5  0.002771  0.001926    0.0    0.0
0.5538  4.1249  0.122933    5.5  0.002731  0.001883    0.0    0.0
0.5619  4.1681  0.114702    5.5  0.002590  0.001755    0.0    0.0
0.5700  4.2113  0.111045    5.5  0.002549  0.001711    0.0    0.0
0.5782  4.2545  0.108624    5.5  0.002525  0.001666    0.0    0.0
0.5865  4.2977  0.105511    5.5  0.002466  0.001621    0.0    0.0
0.5948  4.3409  0.095397    5.5  0.002336  0.001471    0.0    0.0
0.6032  4.3841  0.092734    5.5  0.002292  0.001424    0.0    0.0
0.6117  4.4273  0.090461    5.5  0.002282  0.001394    0.0    0.0
0.6203  4.4705  0.083167    5.5  0.002167  0.001276    0.0    0.0
0.6289  4.5137  0.079324    5.5  0.002104  0.001227    0.0    0.0
0.6376  4.5569  0.073905    5.5  0.002041  0.001143    0.0    0.0
0.6463  4.6001  0.074609    5.5  0.001993  0.001146    0.0    0.0
0.6552  4.6433  0.072233    5.5  0.001129  0.001112    0.0    0.0
0.6556  4.6455  0.067395    5.5  0.001062  0.001027    0.0    0.0
0.6660  4.6957  0.065572    5.5  0.001030  0.001012    0.0    0.0
0.6765  4.7460  0.064219    5.5  0.001015  0.000979    0.0    0.0
0.6871  4.7962  0.065842    5.5  0.001000  0.001018    0.0    0.0
0.6978  4.8464  0.059983    5.5  0.000931  0.000913    0.0    0.0
0.7086  4.8966  0.054374    5.5  0.000844  0.000844    0.0    0.0
0.7195  4.9468  0.043482    5.5  0.000756  0.000666    0.0    0.0
0.7305  4.9971  0.037253    5.5  0.000686  0.000577    0.0    0.0
0.7416  5.0473  0.032696    5.5  0.000633  0.000506    0.0    0.0
0.7529  5.0975  0.030143    5.5  0.000634  0.000471    0.0    0.0
0.7643  5.1477  0.032845    5.5  0.000671  0.000508    0.0    0.0
0.7757  5.1980  0.032759    5.5  0.000654  0.000509    0.0    0.0
0.7873  5.2482  0.030016    5.5  0.000601  0.000455    0.0    0.0
0.7991  5.2984  0.025707    5.5  0.000511  0.000401    0.0    0.0
0.8109  5.3486  0.019879    5.5  0.000438  0.000310    0.0    0.0
0.8229  5.3988  0.019353    5.5  0.000256  0.000292    0.0    0.0
0.8236  5.4018  0.016180    5.5  0.000238  0.000256    0.0    0.0
0.8377  5.4602  0.013141    5.5  0.000201  0.000201    0.0    0.0
0.8520  5.5186  0.010262    5.5  0.000183  0.000165    0.0    0.0
0.8664  5.5770  0.009536    5.5  0.000183  0.000165    0.0    0.0
0.8811  5.6354  0.009231    5.5  0.000184  0.000202    0.0    0.0
0.8959  5.6938  0.007474    5.5  0.000184  0.000220    0.0    0.0
0.9109  5.7522  0.003344    5.5  0.000110  0.000147    0.0    0.0
0.9262  5.8106  0.001139    5.5  0.000073  0.000073    0.0    0.0
0.9416  5.8690  0.129057    5.5  0.002858  0.001987    0.0    0.0
0.9572  5.9274  0.125276    5.5  0.002760  0.001930    0.0    0.0
0.5472  4.2816  0.124025    5.5  0.002664  0.001896    0.0    0.0
0.5551  4.3279  0.109080    5.5  0.002518  0.001679    0.0    0.0
0.5630  4.3742  0.108594    5.5  0.002485  0.001664    0.0    0.0
0.5709  4.4205  0.104135    5.5  0.002406  0.001604    0.0    0.0
0.5789  4.4668  0.097024    5.5  0.002303  0.001497    0.0    0.0
0.5869  4.5131  0.091491    5.5  0.002267  0.001411    0.0    0.0
0.5951  4.5593  0.090393    5.5  0.002231  0.001395    0.0    0.0
0.6032  4.6056  0.083084    5.5  0.002101  0.001284    0.0    0.0
0.6114  4.6519  0.084142    5.5  0.002109  0.001289    0.0    0.0
0.6197  4.6982  0.076616    5.5  0.002024  0.001177    0.0    0.0
0.6281  4.7445  0.070910    5.5  0.001939  0.001088    0.0    0.0
0.6365  4.7908  0.070774    5.5  0.001922  0.001091    0.0    0.0
0.6449  4.8371  0.064582    5.5  0.001811  0.001001    0.0    0.0
0.6535  4.8834  0.063444    5.5  0.001770  0.000980    0.0    0.0
0.6620  4.9296  0.063054    5.5  0.001172  0.000981    0.0    0.0
0.6707  4.9759  0.057713    5.5  0.001105  0.000889    0.0    0.0
0.6712  4.9786  0.055731    5.5  0.001085  0.000868    0.0    0.0
0.6813  5.0324  0.058577    5.5  0.001090  0.000896    0.0    0.0
0.6916  5.0862  0.058510    5.5  0.001070  0.000899    0.0    0.0
0.7019  5.1401  0.056039    5.5  0.001025  0.000854    0.0    0.0
0.7123  5.1939  0.047885    5.5  0.000906  0.000735    0.0    0.0
0.7228  5.2477  0.040158    5.5  0.000836  0.000614    0.0    0.0
0.7334  5.3015  0.034318    5.5  0.000764  0.000518    0.0    0.0
0.7440  5.3554  0.029673    5.5  0.000717  0.000445    0.0    0.0
0.7548  5.4092  0.025752    5.5  0.000695  0.000397    0.0    0.0
0.7657  5.4630  0.027065    5.5  0.000721  0.000423    0.0    0.0
0.7766  5.5168  0.033513    5.5  0.000774  0.000524    0.0    0.0
0.7877  5.5706  0.027792    5.5  0.000675  0.000425    0.0    0.0
0.7988  5.6245  0.021222    5.5  0.000552  0.000326    0.0    0.0
0.8101  5.6783  0.017800    5.5  0.000503  0.000277    0.0    0.0
0.8215  5.7321  0.016547    5.5  0.000251  0.000251    0.0    0.0
0.8329  5.7859  0.014321    5.5  0.000227  0.000227    0.0    0.0
0.8336  5.7893  0.011525    5.5  0.000202  0.000177    0.0    0.0
0.8471  5.8519  0.008768    5.5  0.000177  0.000152    0.0    0.0
0.8607  5.9144  0.007797    5.5  0.000178  0.000152    0.0    0.0
0.8744  5.9770  0.007481    5.5  0.000178  0.000153    0.0    0.0
0.8883  6.0396  0.006068    5.5  0.000178  0.000178    0.0    0.0
0.9024  6.1022  0.003013    5.5  0.000128  0.000128    0.0    0.0
0.9166  6.1648  0.002123    5.5  0.000128  0.000153    0.0    0.0
0.9310  6.2274  0.097392    5.5  0.002203  0.001510    0.0    0.0
0.9455  6.2900  0.088724    5.5  0.002095  0.001356    0.0    0.0
0.9602  6.3525  0.083686    5.5  0.002066  0.001281    0.0    0.0
0.6032  5.0149  0.080767    5.5  0.001955  0.001248    0.0    0.0
0.6113  5.0691  0.076119    5.5  0.001926  0.001172    0.0    0.0
0.6195  5.1233  0.069879    5.5  0.001811  0.001053    0.0    0.0
0.6277  5.1775  0.068142    5.5  0.001779  0.001059    0.0    0.0
0.6359  5.2318  0.066110    5.5  0.001705  0.001023    0.0    0.0
0.6442  5.2860  0.056768    5.5  0.001628  0.000857    0.0    0.0
0.6526  5.3402  0.054315    5.5  0.001552  0.000819    0.0    0.0
0.6609  5.3944  0.052416    5.5  0.001517  0.000824    0.0    0.0
0.6694  5.4486  0.049634    5.5  0.001525  0.000741    0.0    0.0
0.6778  5.5028  0.046438    5.5  0.001446  0.000701    0.0    0.0
0.6864  5.5571  0.045608    5.5  0.001409  0.000704    0.0    0.0
0.6949  5.6113  0.042567    5.5  0.001327  0.000664    0.0    0.0
0.7035  5.6655  0.043905    5.5  0.001290  0.000667    0.0    0.0
0.7122  5.7197  0.044226    5.5  0.000623  0.000667    0.0    0.0
0.7209  5.7739  0.043506    5.5  0.000627  0.000671    0.0    0.0
0.7296  5.8281  0.040820    5.5  0.000585  0.000630    0.0    0.0
0.7302  5.8317  0.034612    5.5  0.000498  0.000543    0.0    0.0
0.7404  5.8948  0.027204    5.5  0.000455  0.000409    0.0    0.0
0.7507  5.9578  0.022316    5.5  0.000412  0.000366    0.0    0.0
0.7611  6.0209  0.020954    5.5  0.000414  0.000322    0.0    0.0
0.7715  6.0839  0.020093    5.5  0.000416  0.000323    0.0    0.0
0.7820  6.1469  0.021906    5.5  0.000418  0.000325    0.0    0.0
0.7926  6.2100  0.021353    5.5  0.000420  0.000326    0.0    0.0
0.8032  6.2730  0.016632    5.5  0.000375  0.000234    0.0    0.0
0.8139  6.3361  0.013224    5.5  0.000282  0.000188    0.0    0.0
0.8247  6.3991  0.010919    5.5  0.000284  0.000189    0.0    0.0
0.8355  6.4622  0.009254    5.5  0.000237  0.000142    0.0    0.0
0.8465  6.5252  0.007007    5.5  0.000238  0.000095    0.0    0.0
0.8574  6.5883  0.006556    5.5  0.000239  0.000096    0.0    0.0
0.8685  6.6513  0.021327    5.5  0.000466  0.000326    0.0    0.0
0.8796  6.7144  0.017229    5.5  0.000375  0.000281    0.0    0.0
0.8908  6.7774  0.013264    5.5  0.000329  0.000188    0.0    0.0
0.8223  6.3849  0.011107    5.5  0.000331  0.000189    0.0    0.0
0.8341  6.4540  0.008881    5.5  0.000285  0.000142    0.0    0.0
0.8461  6.5230  0.006631    5.5  0.000239  0.000095    0.0    0.0
0.8581  6.5920  0.005702    5.5  0.000240  0.000096    0.0    0.0
0.8702  6.6610  0.005293    5.5  0.000241  0.000096    0.0    0.0
0.8824  6.7301  0.004542    5.5  0.000242  0.000097    0.0    0.0
0.8947  6.7991  0.003397    5.5  0.000146  0.000097    0.0    0.0
0.9071  6.8681  0.001656    5.5  0.000097  0.000097    0.0    0.0
0.9196  6.9371  0.149581    5.5  0.005355  0.002282    0.0    0.0
0.9321  7.0062  0.154270    5.5  0.005394  0.002392    0.0    0.0
0.9448  7.0752  0.143414    5.5  0.005056  0.002221    0.0    0.0
0.9575  7.1442  0.130891    5.5  0.004761  0.002000    0.0    0.0
0.5156  4.5251  0.129203    5.5  0.004704  0.001968    0.0    0.0
0.5222  4.5740  0.127567    5.5  0.004687  0.001981    0.0    0.0
0.5288  4.6229  0.116586    5.5  0.004477  0.001800    0.0    0.0
0.5354  4.6718  0.114336    5.5  0.004411  0.001764    0.0    0.0
0.5420  4.7208  0.105037    5.5  0.004192  0.001627    0.0    0.0
0.5487  4.7697  0.105549    5.5  0.004174  0.001640    0.0    0.0
0.5554  4.8186  0.099143    5.5  0.004052  0.001501    0.0    0.0
0.5621  4.8675  0.099107    5.5  0.003974  0.001509    0.0    0.0
0.5689  4.9164  0.093617    5.5  0.003850  0.001418    0.0    0.0
0.5756  4.9654  0.091947    5.5  0.003874  0.001427    0.0    0.0
0.5824  5.0143  0.083357    5.5  0.003591  0.001282    0.0    0.0
0.5893  5.0632  0.086476    5.5  0.003562  0.001342    0.0    0.0
0.5961  5.1121  0.084678    5.5  0.002427  0.001291    0.0    0.0
0.6030  5.1610  0.079751    5.5  0.002288  0.001248    0.0    0.0
0.6099  5.2100  0.078184    5.5  0.002252  0.001204    0.0    0.0
0.6168  5.2589  0.070264    5.5  0.002108  0.001054    0.0    0.0
0.6173  5.2622  0.062780    5.5  0.001964  0.000955    0.0    0.0
0.6254  5.3190  0.062471    5.5  0.001976  0.000961    0.0    0.0
0.6335  5.3759  0.063298    5.5  0.001934  0.000967    0.0    0.0
0.6417  5.4328  0.057602    5.5  0.001893  0.000865    0.0    0.0
0.6499  5.4897  0.050259    5.5  0.001742  0.000762    0.0    0.0
0.6582  5.5466  0.050842    5.5  0.001808  0.000767    0.0    0.0
0.6665  5.6035  0.045664    5.5  0.001653  0.000716    0.0    0.0
0.6748  5.6604  0.044266    5.5  0.001662  0.000665    0.0    0.0
0.6831  5.7173  0.043081    5.5  0.001616  0.000669    0.0    0.0
0.6915  5.7741  0.039870    5.5  0.001514  0.000617    0.0    0.0
0.7000  5.8310  0.041278    5.5  0.001579  0.000620    0.0    0.0
0.7085  5.8879  0.039448    5.5  0.001474  0.000623    0.0    0.0
0.7170  5.9448  0.038604    5.5  0.000959  0.000621    0.0    0.0
0.7256  6.0017  0.041056    5.5  0.000965  0.000625    0.0    0.0
0.7342  6.0586  0.038747    5.5  0.000914  0.000571    0.0    0.0
0.7428  6.1155  0.033172    5.5  0.000805  0.000517    0.0    0.0
0.7356  6.0684  0.027055    5.5  0.000694  0.000405    0.0    0.0
0.7456  6.1340  0.021921    5.5  0.000640  0.000349    0.0    0.0
0.7556  6.1996  0.019187    5.5  0.000643  0.000292    0.0    0.0
0.7657  6.2652  0.019119    5.5  0.000647  0.000294    0.0    0.0
0.7759  6.3308  0.019161    5.5  0.000651  0.000296    0.0    0.0
0.7861  6.3964  0.020337    5.5  0.000654  0.000297    0.0    0.0
0.7963  6.4620  0.016258    5.5  0.000538  0.000239    0.0    0.0
0.8066  6.5276  0.011411    5.5  0.000480  0.000180    0.0    0.0
0.8170  6.5932  0.010805    5.5  0.000423  0.000181    0.0    0.0
0.8274  6.6588  0.008495    5.5  0.000425  0.000121    0.0    0.0
0.8379  6.7244  0.007622    5.5  0.000366  0.000122    0.0    0.0
0.8485  6.7900  0.007045    5.5  0.000368  0.000123    0.0    0.0
0.8591  6.8556  0.021887    5.5  0.000357  0.000357    0.0    0.0
0.8697  6.9212  0.016981    5.5  0.000299  0.000239    0.0    0.0
0.8804  6.9868  0.011911    5.5  0.000241  0.000180    0.0    0.0
0.8912  7.0524  0.009979    5.5  0.000242  0.000181    0.0    0.0
0.8282  6.6636  0.007784    5.5  0.000182  0.000122    0.0    0.0
0.8398  6.7356  0.006477    5.5  0.000183  0.000122    0.0    0.0
0.8513  6.8077  0.005100    5.5  0.000184  0.000061    0.0    0.0
0.8630  6.8797  0.004877    5.5  0.000185  0.000123    0.0    0.0
0.8748  6.9518  0.003847    5.5  0.000186  0.000124    0.0    0.0
0.8866  7.0238  0.002993    5.5  0.000125  0.000125    0.0    0.0
0.8984  7.0958  0.001503    5.5  0.000125  0.000063    0.0    0.0
0.9104  7.1679  0.094507    5.5  0.002717  0.001469    0.0    0.0
0.9224  7.2399  0.083464    5.5  0.002518  0.001259    0.0    0.0
0.9345  7.3120  0.080954    5.5  0.002462  0.001268    0.0    0.0
0.9467  7.3840  0.080747    5.5  0.002406  0.001278    0.0    0.0
0.6032  5.3830  0.072054    5.5  0.002271  0.001135    0.0    0.0
0.6108  5.4412  0.072557    5.5  0.002213  0.001144    0.0    0.0
0.6183  5.4994  0.064773    5.5  0.002151  0.000999    0.0    0.0
0.6259  5.5576  0.063232    5.5  0.002090  0.001006    0.0    0.0
0.6336  5.6158  0.062077    5.5  0.002103  0.000935    0.0    0.0
0.6412  5.6740  0.057763    5.5  0.001962  0.000863    0.0    0.0
0.6489  5.7322  0.054201    5.5  0.001975  0.000869    0.0    0.0
0.6566  5.7904  0.055690    5.5  0.001909  0.000875    0.0    0.0
0.6644  5.8486  0.045063    5.5  0.001761  0.000720    0.0    0.0
0.6721  5.9068  0.044019    5.5  0.001693  0.000645    0.0    0.0
0.6799  5.9650  0.043572    5.5  0.001704  0.000649    0.0    0.0
0.6877  6.0232  0.039494    5.5  0.001632  0.000571    0.0    0.0
0.6956  6.0814  0.044390    5.5  0.001045  0.000643    0.0    0.0
0.7034  6.1396  0.041461    5.5  0.001053  0.000648    0.0    0.0
0.7113  6.1978  0.038992    5.5  0.000979  0.000571    0.0    0.0
0.7193  6.2560  0.037227    5.5  0.000986  0.000575    0.0    0.0
0.7004  6.1174  0.034250    5.5  0.000910  0.000496    0.0    0.0
0.7094  6.1835  0.032659    5.5  0.000833  0.000500    0.0    0.0
0.7184  6.2496  0.031606    5.5  0.000838  0.000503    0.0    0.0
0.7274  6.3158  0.031811    5.5  0.000844  0.000506    0.0    0.0
0.7365  6.3819  0.030583    5.5  0.000765  0.000510    0.0    0.0
0.7456  6.4480  0.023608    5.5  0.000684  0.000342    0.0    0.0
0.7548  6.5142  0.019796    5.5  0.000689  0.000344    0.0    0.0
0.7640  6.5803  0.014728    5.5  0.000606  0.000260    0.0    0.0
0.7732  6.6464  0.016295    5.5  0.000610  0.000261    0.0    0.0
0.7824  6.7126  0.016131    5.5  0.000614  0.000263    0.0    0.0
0.7917  6.7787  0.016838    5.5  0.000617  0.000264    0.0    0.0
0.8011  6.8448  0.016769    5.5  0.000621  0.000266    0.0    0.0
0.8104  6.9110       NaN    5.5       NaN       NaN    0.0    0.0
0.8198  6.9771       NaN    5.5       NaN       NaN    0.0    0.0
0.8293  7.0432       NaN    5.5       NaN       NaN    0.0    0.0
0.8388  7.1094       NaN    5.5       NaN       NaN    0.0    0.0