e00116,sig_r,d target
converted from 10004.xlsx
*
 0.0000  0
x      Q2        F2  Ebeam      stat   sys_tot  dummy  dummy
0.4831  3.5853  0.133604    5.5  0.001750  0.002023    0.0    0.0
0.4904  3.6240  0.132103    5.5  0.001707  0.002000    0.0    0.0
0.4978  3.6628  0.126281    5.5  0.001630  0.001912    0.0    0.0
0.5052  3.7015  0.122622    5.5  0.001586  0.001856    0.0    0.0
0.5127  3.7403  0.117996    5.5  0.001534  0.001786    0.0    0.0
0.5202  3.7791  0.112366    5.5  0.001483  0.001703    0.0    0.0
0.5278  3.8178  0.108863    5.5  0.001449  0.001651    0.0    0.0
0.5355  3.8566  0.106867    5.5  0.001428  0.001617    0.0    0.0
0.5433  3.8953  0.099330    5.5  0.001354  0.001504    0.0    0.0
0.5511  3.9341  0.094205    5.5  0.001313  0.001431    0.0    0.0
0.5590  3.9729  0.092279    5.5  0.001284  0.001396    0.0    0.0
0.5669  4.0116  0.090865    5.5  0.001275  0.001374    0.0    0.0
0.5750  4.0504  0.084620    5.5  0.001212  0.001285    0.0    0.0
0.5830  4.0891  0.083243    5.5  0.001196  0.001263    0.0    0.0
0.5912  4.1279  0.078342    5.5  0.001146  0.001186    0.0    0.0
0.5995  4.1667  0.074484    5.5  0.001109  0.001129    0.0    0.0
0.6000  4.1691  0.076379    5.5  0.000715  0.001156    0.0    0.0
0.6097  4.2142  0.073829    5.5  0.000683  0.001119    0.0    0.0
0.6195  4.2593  0.067989    5.5  0.000638  0.001028    0.0    0.0
0.6294  4.3043  0.064795    5.5  0.000606  0.000983    0.0    0.0
0.6393  4.3494  0.060773    5.5  0.000588  0.000919    0.0    0.0
0.6495  4.3945  0.057216    5.5  0.000555  0.000866    0.0    0.0
0.6597  4.4395  0.054638    5.5  0.000536  0.000827    0.0    0.0
0.6700  4.4846  0.051317    5.5  0.000510  0.000775    0.0    0.0
0.6804  4.5297  0.047691    5.5  0.000477  0.000722    0.0    0.0
0.6910  4.5748  0.043412    5.5  0.000450  0.000661    0.0    0.0
0.7017  4.6198  0.041510    5.5  0.000430  0.000628    0.0    0.0
0.7125  4.6649  0.037931    5.5  0.000410  0.000574    0.0    0.0
0.7234  4.7100  0.034668    5.5  0.000383  0.000527    0.0    0.0
0.7344  4.7550  0.032290    5.5  0.000363  0.000487    0.0    0.0
0.7456  4.8001  0.029642    5.5  0.000343  0.000453    0.0    0.0
0.7568  4.8452  0.027528    5.5  0.000323  0.000419    0.0    0.0
0.7575  4.8476  0.028316    5.5  0.000247  0.000433    0.0    0.0
0.7707  4.9000  0.025455    5.5  0.000227  0.000385    0.0    0.0
0.7842  4.9524  0.023350    5.5  0.000206  0.000358    0.0    0.0
0.7979  5.0048  0.020116    5.5  0.000186  0.000310    0.0    0.0
0.8117  5.0572  0.017522    5.5  0.000165  0.000269    0.0    0.0
0.8257  5.1096  0.015639    5.5  0.000158  0.000241    0.0    0.0
0.8400  5.1620  0.013163    5.5  0.000138  0.000207    0.0    0.0
0.8544  5.2144  0.010980    5.5  0.000124  0.000179    0.0    0.0
0.8690  5.2668  0.009235    5.5  0.000110  0.000151    0.0    0.0
0.8838  5.3192  0.007519    5.5  0.000103  0.000131    0.0    0.0
0.8989  5.3717  0.006385    5.5  0.000089  0.000124    0.0    0.0
0.9141  5.4241  0.005467    5.5  0.000089  0.000131    0.0    0.0
0.9296  5.4765  0.004597    5.5  0.000075  0.000130    0.0    0.0
0.9453  5.5289  0.003427    5.5  0.000062  0.000130    0.0    0.0
0.5300  3.9954  0.106456    5.5  0.001733  0.001616    0.0    0.0
0.5379  4.0386  0.103612    5.5  0.001691  0.001573    0.0    0.0
0.5458  4.0817  0.099185    5.5  0.001623  0.001505    0.0    0.0
0.5538  4.1249  0.094783    5.5  0.001571  0.001436    0.0    0.0
0.5619  4.1681  0.090635    5.5  0.001518  0.001374    0.0    0.0
0.5700  4.2113  0.088788    5.5  0.001482  0.001346    0.0    0.0
0.5782  4.2545  0.080535    5.5  0.001403  0.001223    0.0    0.0
0.5865  4.2977  0.078577    5.5  0.001382  0.001193    0.0    0.0
0.5948  4.3409  0.075308    5.5  0.001336  0.001138    0.0    0.0
0.6032  4.3841  0.073372    5.5  0.001315  0.001116    0.0    0.0
0.6117  4.4273  0.067623    5.5  0.001259  0.001024    0.0    0.0
0.6203  4.4705  0.064158    5.5  0.001228  0.000975    0.0    0.0
0.6289  4.5137  0.062463    5.5  0.001206  0.000944    0.0    0.0
0.6376  4.5569  0.058680    5.5  0.001166  0.000894    0.0    0.0
0.6463  4.6001  0.056568    5.5  0.001126  0.000862    0.0    0.0
0.6552  4.6433  0.051468    5.5  0.001058  0.000785    0.0    0.0
0.6556  4.6455  0.052875    5.5  0.000600  0.000803    0.0    0.0
0.6660  4.6957  0.050553    5.5  0.000575  0.000770    0.0    0.0
0.6765  4.7460  0.047745    5.5  0.000542  0.000728    0.0    0.0
0.6871  4.7962  0.045505    5.5  0.000525  0.000694    0.0    0.0
0.6978  4.8464  0.042024    5.5  0.000491  0.000634    0.0    0.0
0.7086  4.8966  0.039495    5.5  0.000465  0.000600    0.0    0.0
0.7195  4.9468  0.035019    5.5  0.000431  0.000530    0.0    0.0
0.7305  4.9971  0.032779    5.5  0.000414  0.000495    0.0    0.0
0.7416  5.0473  0.028780    5.5  0.000379  0.000433    0.0    0.0
0.7529  5.0975  0.026313    5.5  0.000361  0.000398    0.0    0.0
0.7643  5.1477  0.024777    5.5  0.000344  0.000380    0.0    0.0
0.7757  5.1980  0.022547    5.5  0.000327  0.000345    0.0    0.0
0.7873  5.2482  0.020150    5.5  0.000309  0.000309    0.0    0.0
0.7991  5.2984  0.018819    5.5  0.000291  0.000291    0.0    0.0
0.8109  5.3486  0.017045    5.5  0.000264  0.000264    0.0    0.0
0.8229  5.3988  0.015040    5.5  0.000246  0.000228    0.0    0.0
0.8236  5.4018  0.015325    5.5  0.000173  0.000237    0.0    0.0
0.8377  5.4602  0.012294    5.5  0.000146  0.000192    0.0    0.0
0.8520  5.5186  0.011109    5.5  0.000137  0.000174    0.0    0.0
0.8664  5.5770  0.008988    5.5  0.000119  0.000147    0.0    0.0
0.8811  5.6354  0.007609    5.5  0.000110  0.000128    0.0    0.0
0.8959  5.6938  0.005735    5.5  0.000092  0.000101    0.0    0.0
0.9109  5.7522  0.005022    5.5  0.000092  0.000110    0.0    0.0
0.9262  5.8106  0.004472    5.5  0.000083  0.000119    0.0    0.0
0.9416  5.8690  0.003573    5.5  0.000073  0.000129    0.0    0.0
0.9572  5.9274  0.002783    5.5  0.000083  0.000138    0.0    0.0
0.5472  4.2816  0.097750    5.5  0.001641  0.001485    0.0    0.0
0.5551  4.3279  0.093276    5.5  0.001582  0.001413    0.0    0.0
0.5630  4.3742  0.090136    5.5  0.001522  0.001365    0.0    0.0
0.5709  4.4205  0.084911    5.5  0.001474  0.001293    0.0    0.0
0.5789  4.4668  0.081662    5.5  0.001425  0.001242    0.0    0.0
0.5869  4.5131  0.077608    5.5  0.001386  0.001180    0.0    0.0
0.5951  4.5593  0.075232    5.5  0.001358  0.001139    0.0    0.0
0.6032  4.6056  0.071969    5.5  0.001318  0.001087    0.0    0.0
0.6114  4.6519  0.068931    5.5  0.001278  0.001046    0.0    0.0
0.6197  4.6982  0.060817    5.5  0.001190  0.000922    0.0    0.0
0.6281  4.7445  0.059830    5.5  0.001183  0.000902    0.0    0.0
0.6365  4.7908  0.058850    5.5  0.001177  0.000894    0.0    0.0
0.6449  4.8371  0.054896    5.5  0.001123  0.000827    0.0    0.0
0.6535  4.8834  0.052980    5.5  0.001091  0.000807    0.0    0.0
0.6620  4.9296  0.048240    5.5  0.001025  0.000727    0.0    0.0
0.6707  4.9759  0.047560    5.5  0.001004  0.000717    0.0    0.0
0.6712  4.9786  0.048158    5.5  0.000622  0.000729    0.0    0.0
0.6813  5.0324  0.044841    5.5  0.000589  0.000685    0.0    0.0
0.6916  5.0862  0.042125    5.5  0.000567  0.000639    0.0    0.0
0.7019  5.1401  0.039915    5.5  0.000533  0.000605    0.0    0.0
0.7123  5.1939  0.037771    5.5  0.000510  0.000571    0.0    0.0
0.7228  5.2477  0.033981    5.5  0.000476  0.000512    0.0    0.0
0.7334  5.3015  0.031675    5.5  0.000465  0.000477    0.0    0.0
0.7440  5.3554  0.028948    5.5  0.000430  0.000442    0.0    0.0
0.7548  5.4092  0.025859    5.5  0.000407  0.000394    0.0    0.0
0.7657  5.4630  0.022932    5.5  0.000371  0.000346    0.0    0.0
0.7766  5.5168  0.020540    5.5  0.000347  0.000310    0.0    0.0
0.7877  5.5706  0.020085    5.5  0.000348  0.000311    0.0    0.0
0.7988  5.6245  0.018788    5.5  0.000324  0.000287    0.0    0.0
0.8101  5.6783  0.016509    5.5  0.000300  0.000250    0.0    0.0
0.8215  5.7321  0.014968    5.5  0.000276  0.000226    0.0    0.0
0.8329  5.7859  0.012557    5.5  0.000251  0.000189    0.0    0.0
0.8336  5.7893  0.013113    5.5  0.000302  0.000201    0.0    0.0
0.8471  5.8519  0.011710    5.5  0.000290  0.000176    0.0    0.0
0.8607  5.9144  0.009502    5.5  0.000240  0.000152    0.0    0.0
0.8744  5.9770  0.007525    5.5  0.000215  0.000127    0.0    0.0
0.8883  6.0396  0.006653    5.5  0.000203  0.000114    0.0    0.0
0.9024  6.1022  0.005394    5.5  0.000178  0.000102    0.0    0.0
0.9166  6.1648  0.005150    5.5  0.000178  0.000102    0.0    0.0
0.9310  6.2274  0.004481    5.5  0.000179  0.000115    0.0    0.0
0.9455  6.2900  0.003300    5.5  0.000128  0.000102    0.0    0.0
0.9602  6.3525  0.001652    5.5  0.000166  0.000077    0.0    0.0
0.6032  5.0149  0.067638    5.5  0.000999  0.001020    0.0    0.0
0.6113  5.0691  0.062857    5.5  0.000965  0.000945    0.0    0.0
0.6195  5.1233  0.060246    5.5  0.000930  0.000909    0.0    0.0
0.6277  5.1775  0.057697    5.5  0.000894  0.000873    0.0    0.0
0.6359  5.2318  0.054925    5.5  0.000879  0.000837    0.0    0.0
0.6442  5.2860  0.049317    5.5  0.000821  0.000758    0.0    0.0
0.6526  5.3402  0.047341    5.5  0.000805  0.000720    0.0    0.0
0.6609  5.3944  0.046263    5.5  0.000788  0.000703    0.0    0.0
0.6694  5.4486  0.043267    5.5  0.000750  0.000664    0.0    0.0
0.6778  5.5028  0.040947    5.5  0.000733  0.000625    0.0    0.0
0.6864  5.5571  0.038033    5.5  0.000693  0.000585    0.0    0.0
0.6949  5.6113  0.036186    5.5  0.000675  0.000545    0.0    0.0
0.7035  5.6655  0.034146    5.5  0.000657  0.000526    0.0    0.0
0.7122  5.7197  0.032111    5.5  0.000638  0.000484    0.0    0.0
0.7209  5.7739  0.031435    5.5  0.000619  0.000487    0.0    0.0
0.7296  5.8281  0.029200    5.5  0.000578  0.000445    0.0    0.0
0.7302  5.8317  0.030541    5.5  0.000334  0.000467    0.0    0.0
0.7404  5.8948  0.027568    5.5  0.000291  0.000425    0.0    0.0
0.7507  5.9578  0.025111    5.5  0.000293  0.000383    0.0    0.0
0.7611  6.0209  0.023457    5.5  0.000271  0.000362    0.0    0.0
0.7715  6.0839  0.020878    5.5  0.000250  0.000318    0.0    0.0
0.7820  6.1469  0.018654    5.5  0.000229  0.000274    0.0    0.0
0.7926  6.2100  0.016931    5.5  0.000230  0.000253    0.0    0.0
0.8032  6.2730  0.014593    5.5  0.000208  0.000231    0.0    0.0
0.8139  6.3361  0.013620    5.5  0.000209  0.000209    0.0    0.0
0.8247  6.3991  0.012750    5.5  0.000186  0.000186    0.0    0.0
0.8355  6.4622  0.011266    5.5  0.000187  0.000164    0.0    0.0
0.8465  6.5252  0.009830    5.5  0.000165  0.000141    0.0    0.0
0.8574  6.5883  0.009003    5.5  0.000165  0.000142    0.0    0.0
0.8685  6.6513  0.007450    5.5  0.000142  0.000119    0.0    0.0
0.8796  6.7144  0.006482    5.5  0.000143  0.000095    0.0    0.0
0.8908  6.7774  0.005575    5.5  0.000120  0.000096    0.0    0.0
0.8223  6.3849  0.013782    5.5  0.000210  0.000210    0.0    0.0
0.8341  6.4540  0.012101    5.5  0.000187  0.000187    0.0    0.0
0.8461  6.5230  0.010088    5.5  0.000165  0.000165    0.0    0.0
0.8581  6.5920  0.008980    5.5  0.000165  0.000142    0.0    0.0
0.8702  6.6610  0.007740    5.5  0.000142  0.000119    0.0    0.0
0.8824  6.7301  0.006464    5.5  0.000143  0.000095    0.0    0.0
0.8947  6.7991  0.005606    5.5  0.000120  0.000096    0.0    0.0
0.9071  6.8681  0.004787    5.5  0.000120  0.000072    0.0    0.0
0.9196  6.9371  0.004082    5.5  0.000121  0.000072    0.0    0.0
0.9321  7.0062  0.004076    5.5  0.000121  0.000097    0.0    0.0
0.9448  7.0752  0.003336    5.5  0.000097  0.000097    0.0    0.0
0.9575  7.1442  0.001785    5.5  0.000098  0.000073    0.0    0.0
0.5156  4.5251  0.118053    5.5  0.003026  0.001793    0.0    0.0
0.5222  4.5740  0.105211    5.5  0.002861  0.001594    0.0    0.0
0.5288  4.6229  0.108190    5.5  0.002835  0.001654    0.0    0.0
0.5354  4.6718  0.101471    5.5  0.002714  0.001547    0.0    0.0
0.5420  4.7208  0.093862    5.5  0.002591  0.001440    0.0    0.0
0.5487  4.7697  0.095561    5.5  0.002561  0.001449    0.0    0.0
0.5554  4.8186  0.091973    5.5  0.002554  0.001411    0.0    0.0
0.5621  4.8675  0.087685    5.5  0.002425  0.001323    0.0    0.0
0.5689  4.9164  0.086653    5.5  0.002367  0.001307    0.0    0.0
0.5756  4.9654  0.079496    5.5  0.002310  0.001217    0.0    0.0
0.5824  5.0143  0.072195    5.5  0.002176  0.001100    0.0    0.0
0.5893  5.0632  0.073941    5.5  0.002188  0.001132    0.0    0.0
0.5961  5.1121  0.071088    5.5  0.002153  0.001089    0.0    0.0
0.6030  5.1610  0.070070    5.5  0.002115  0.001070    0.0    0.0
0.6099  5.2100  0.067316    5.5  0.002077  0.001026    0.0    0.0
0.6168  5.2589  0.065351    5.5  0.002013  0.001007    0.0    0.0
0.6173  5.2622  0.064557    5.5  0.001187  0.000981    0.0    0.0
0.6254  5.3190  0.060117    5.5  0.001118  0.000910    0.0    0.0
0.6335  5.3759  0.057648    5.5  0.001073  0.000864    0.0    0.0
0.6417  5.4328  0.053468    5.5  0.001028  0.000817    0.0    0.0
0.6499  5.4897  0.050249    5.5  0.000982  0.000769    0.0    0.0
0.6582  5.5466  0.046927    5.5  0.000934  0.000721    0.0    0.0
0.6665  5.6035  0.045183    5.5  0.000913  0.000698    0.0    0.0
0.6748  5.6604  0.040343    5.5  0.000865  0.000622    0.0    0.0
0.6831  5.7173  0.037403    5.5  0.000844  0.000572    0.0    0.0
0.6915  5.7741  0.037574    5.5  0.000849  0.000575    0.0    0.0
0.7000  5.8310  0.034808    5.5  0.000799  0.000523    0.0    0.0
0.7085  5.8879  0.032461    5.5  0.000776  0.000499    0.0    0.0
0.7170  5.9448  0.031903    5.5  0.000752  0.000474    0.0    0.0
0.7256  6.0017  0.030844    5.5  0.000756  0.000476    0.0    0.0
0.7342  6.0586  0.027411    5.5  0.000704  0.000423    0.0    0.0
0.7428  6.1155  0.026239    5.5  0.000680  0.000397    0.0    0.0
0.7356  6.0684  0.028103    5.5  0.000339  0.000423    0.0    0.0
0.7456  6.1340  0.026715    5.5  0.000341  0.000397    0.0    0.0
0.7556  6.1996  0.023857    5.5  0.000314  0.000371    0.0    0.0
0.7657  6.2652  0.021815    5.5  0.000287  0.000345    0.0    0.0
0.7759  6.3308  0.020087    5.5  0.000260  0.000318    0.0    0.0
0.7861  6.3964  0.018081    5.5  0.000262  0.000291    0.0    0.0
0.7963  6.4620  0.016231    5.5  0.000234  0.000234    0.0    0.0
0.8066  6.5276  0.014794    5.5  0.000235  0.000235    0.0    0.0
0.8170  6.5932  0.013364    5.5  0.000237  0.000207    0.0    0.0
0.8274  6.6588  0.012546    5.5  0.000208  0.000208    0.0    0.0
0.8379  6.7244  0.010967    5.5  0.000209  0.000179    0.0    0.0
0.8485  6.7900  0.009278    5.5  0.000180  0.000150    0.0    0.0
0.8591  6.8556  0.008239    5.5  0.000181  0.000121    0.0    0.0
0.8697  6.9212  0.007342    5.5  0.000152  0.000121    0.0    0.0
0.8804  6.9868  0.006494    5.5  0.000152  0.000091    0.0    0.0
0.8912  7.0524  0.005697    5.5  0.000153  0.000092    0.0    0.0
0.8282  6.6636  0.012488    5.5  0.000149  0.000208    0.0    0.0
0.8398  6.7356  0.010940    5.5  0.000149  0.000179    0.0    0.0
0.8513  6.8077  0.009023    5.5  0.000120  0.000150    0.0    0.0
0.8630  6.8797  0.007831    5.5  0.000121  0.000121    0.0    0.0
0.8748  6.9518  0.006716    5.5  0.000122  0.000122    0.0    0.0
0.8866  7.0238  0.005835    5.5  0.000092  0.000092    0.0    0.0
0.8984  7.0958  0.004853    5.5  0.000092  0.000092    0.0    0.0
0.9104  7.1679  0.004198    5.5  0.000093  0.000062    0.0    0.0
0.9224  7.2399  0.003257    5.5  0.000062  0.000062    0.0    0.0
0.9345  7.3120  0.003896    5.5  0.000094  0.000094    0.0    0.0
0.9467  7.3840  0.003695    5.5  0.000094  0.000094    0.0    0.0
0.6032  5.3830  0.067619    5.5  0.001909  0.001028    0.0    0.0
0.6108  5.4412  0.062528    5.5  0.001775  0.000961    0.0    0.0
0.6183  5.4994  0.062961    5.5  0.001753  0.000970    0.0    0.0
0.6259  5.5576  0.057656    5.5  0.001654  0.000864    0.0    0.0
0.6336  5.6158  0.057399    5.5  0.001627  0.000870    0.0    0.0
0.6412  5.6740  0.053246    5.5  0.001526  0.000801    0.0    0.0
0.6489  5.7322  0.048783    5.5  0.001498  0.000730    0.0    0.0
0.6566  5.7904  0.045695    5.5  0.001432  0.000696    0.0    0.0
0.6644  5.8486  0.042559    5.5  0.001363  0.000662    0.0    0.0
0.6721  5.9068  0.044218    5.5  0.001373  0.000667    0.0    0.0
0.6799  5.9650  0.039263    5.5  0.001303  0.000592    0.0    0.0
0.6877  6.0232  0.039176    5.5  0.001273  0.000597    0.0    0.0
0.6956  6.0814  0.035853    5.5  0.001240  0.000560    0.0    0.0
0.7034  6.1396  0.035025    5.5  0.001169  0.000524    0.0    0.0
0.7113  6.1978  0.035656    5.5  0.001176  0.000527    0.0    0.0
0.7193  6.2560  0.031982    5.5  0.001101  0.000490    0.0    0.0
0.7004  6.1174  0.033931    5.5  0.000844  0.000523    0.0    0.0
0.7094  6.1835  0.032630    5.5  0.000810  0.000486    0.0    0.0
0.7184  6.2496  0.031194    5.5  0.000775  0.000489    0.0    0.0
0.7274  6.3158  0.029375    5.5  0.000740  0.000452    0.0    0.0
0.7365  6.3819  0.025643    5.5  0.000662  0.000372    0.0    0.0
0.7456  6.4480  0.024738    5.5  0.000666  0.000375    0.0    0.0
0.7548  6.5142  0.022046    5.5  0.000629  0.000335    0.0    0.0
0.7640  6.5803  0.020080    5.5  0.000591  0.000295    0.0    0.0
0.7732  6.6464  0.018685    5.5  0.000552  0.000297    0.0    0.0
0.7824  6.7126  0.017233    5.5  0.000556  0.000257    0.0    0.0
0.7917  6.7787  0.016093    5.5  0.000516  0.000258    0.0    0.0
0.8011  6.8448  0.015016    5.5  0.000519  0.000216    0.0    0.0
0.8104  6.9110  0.014333    5.5  0.000479  0.000218    0.0    0.0
0.8198  6.9771  0.012885    5.5  0.000438  0.000219    0.0    0.0
0.8293  7.0432  0.012824    5.5  0.000485  0.000220    0.0    0.0
0.8388  7.1094  0.012012    5.5  0.000488  0.000177    0.0    0.0
   NaN     NaN       NaN    NaN       NaN       NaN    0.0    0.0