e00116,f2,p target
converted from 10001.xlsx
*
 0.0175  0
x      Q2      F2  Ebeam    stat  sys_tot  dummy  dummy
0.4831  3.5853  0.1859    5.5  0.0029   0.0048    0.0    0.0
0.4904  3.6241  0.1817    5.5  0.0029   0.0047    0.0    0.0
0.4978  3.6629  0.1759    5.5  0.0028   0.0045    0.0    0.0
0.5052  3.7016  0.1678    5.5  0.0027   0.0043    0.0    0.0
0.5127  3.7404  0.1603    5.5  0.0026   0.0041    0.0    0.0
0.5202  3.7791  0.1549    5.5  0.0026   0.0040    0.0    0.0
0.5278  3.8179  0.1539    5.5  0.0026   0.0039    0.0    0.0
0.5355  3.8567  0.1496    5.5  0.0025   0.0038    0.0    0.0
0.5433  3.8954  0.1375    5.5  0.0024   0.0035    0.0    0.0
0.5511  3.9342  0.1302    5.5  0.0023   0.0033    0.0    0.0
0.5590  3.9729  0.1269    5.5  0.0023   0.0033    0.0    0.0
0.5669  4.0117  0.1238    5.5  0.0023   0.0032    0.0    0.0
0.5749  4.0505  0.1204    5.5  0.0022   0.0031    0.0    0.0
0.5830  4.0892  0.1193    5.5  0.0022   0.0031    0.0    0.0
0.5912  4.1280  0.1143    5.5  0.0021   0.0029    0.0    0.0
0.5995  4.1667  0.1056    5.5  0.0020   0.0027    0.0    0.0
0.6000  4.1692  0.1082    5.5  0.0015   0.0028    0.0    0.0
0.6097  4.2143  0.1021    5.5  0.0015   0.0026    0.0    0.0
0.6195  4.2593  0.0976    5.5  0.0014   0.0025    0.0    0.0
0.6293  4.3044  0.0893    5.5  0.0013   0.0023    0.0    0.0
0.6393  4.3495  0.0864    5.5  0.0013   0.0022    0.0    0.0
0.6494  4.3946  0.0799    5.5  0.0012   0.0021    0.0    0.0
0.6597  4.4396  0.0766    5.5  0.0012   0.0020    0.0    0.0
0.6700  4.4847  0.0761    5.5  0.0012   0.0020    0.0    0.0
0.6804  4.5298  0.0739    5.5  0.0012   0.0019    0.0    0.0
0.6910  4.5748  0.0745    5.5  0.0012   0.0019    0.0    0.0
0.7017  4.6199  0.0670    5.5  0.0011   0.0017    0.0    0.0
0.7124  4.6650  0.0585    5.5  0.0010   0.0015    0.0    0.0
0.7234  4.7101  0.0507    5.5  0.0009   0.0013    0.0    0.0
0.7344  4.7551  0.0429    5.5  0.0008   0.0011    0.0    0.0
0.7456  4.8002  0.0406    5.5  0.0008   0.0010    0.0    0.0
0.7568  4.8453  0.0394    5.5  0.0008   0.0010    0.0    0.0
0.7574  4.8477  0.0399    5.5  0.0006   0.0010    0.0    0.0
0.7707  4.9001  0.0432    5.5  0.0006   0.0011    0.0    0.0
0.7842  4.9525  0.0390    5.5  0.0006   0.0010    0.0    0.0
0.7979  5.0049  0.0320    5.5  0.0005   0.0008    0.0    0.0
0.8117  5.0573  0.0262    5.5  0.0004   0.0007    0.0    0.0
0.8257  5.1097  0.0212    5.5  0.0004   0.0006    0.0    0.0
0.8400  5.1621  0.0179    5.5  0.0003   0.0005    0.0    0.0
0.8544  5.2145  0.0136    5.5  0.0003   0.0004    0.0    0.0
0.8690  5.2669  0.0120    5.5  0.0003   0.0003    0.0    0.0
0.8838  5.3193  0.0110    5.5  0.0003   0.0003    0.0    0.0
0.8989  5.3718  0.0101    5.5  0.0003   0.0003    0.0    0.0
0.9141  5.4242  0.0059    5.5  0.0003   0.0002    0.0    0.0
0.9296  5.4766  0.0029    5.5  0.0002   0.0001    0.0    0.0
0.5300  3.9954  0.1558    5.5  0.0034   0.0040    0.0    0.0
0.5379  4.0386  0.1434    5.5  0.0032   0.0037    0.0    0.0
0.5458  4.0818  0.1385    5.5  0.0031   0.0036    0.0    0.0
0.5538  4.1250  0.1345    5.5  0.0031   0.0035    0.0    0.0
0.5619  4.1682  0.1321    5.5  0.0030   0.0034    0.0    0.0
0.5700  4.2114  0.1232    5.5  0.0029   0.0032    0.0    0.0
0.5782  4.2546  0.1191    5.5  0.0028   0.0031    0.0    0.0
0.5865  4.2978  0.1165    5.5  0.0028   0.0030    0.0    0.0
0.5948  4.3410  0.1130    5.5  0.0028   0.0029    0.0    0.0
0.6032  4.3842  0.1021    5.5  0.0026   0.0026    0.0    0.0
0.6117  4.4274  0.0992    5.5  0.0026   0.0025    0.0    0.0
0.6203  4.4706  0.0967    5.5  0.0026   0.0025    0.0    0.0
0.6289  4.5138  0.0889    5.5  0.0025   0.0023    0.0    0.0
0.6376  4.5570  0.0847    5.5  0.0024   0.0022    0.0    0.0
0.6463  4.6001  0.0789    5.5  0.0023   0.0020    0.0    0.0
0.6552  4.6433  0.0796    5.5  0.0023   0.0020    0.0    0.0
0.6556  4.6456  0.0770    5.5  0.0013   0.0020    0.0    0.0
0.6660  4.6958  0.0719    5.5  0.0012   0.0018    0.0    0.0
0.6765  4.7460  0.0699    5.5  0.0012   0.0018    0.0    0.0
0.6871  4.7963  0.0684    5.5  0.0012   0.0018    0.0    0.0
0.6978  4.8465  0.0701    5.5  0.0012   0.0018    0.0    0.0
0.7086  4.8967  0.0639    5.5  0.0011   0.0016    0.0    0.0
0.7195  4.9469  0.0579    5.5  0.0011   0.0015    0.0    0.0
0.7305  4.9972  0.0463    5.5  0.0009   0.0012    0.0    0.0
0.7416  5.0474  0.0397    5.5  0.0008   0.0010    0.0    0.0
0.7529  5.0976  0.0348    5.5  0.0008   0.0009    0.0    0.0
0.7642  5.1478  0.0321    5.5  0.0008   0.0008    0.0    0.0
0.7757  5.1980  0.0350    5.5  0.0008   0.0009    0.0    0.0
0.7873  5.2483  0.0349    5.5  0.0008   0.0009    0.0    0.0
0.7991  5.2985  0.0320    5.5  0.0008   0.0008    0.0    0.0
0.8109  5.3487  0.0275    5.5  0.0007   0.0007    0.0    0.0
0.8229  5.3989  0.0213    5.5  0.0006   0.0006    0.0    0.0
0.8236  5.4019  0.0207    5.5  0.0003   0.0005    0.0    0.0
0.8377  5.4603  0.0173    5.5  0.0003   0.0005    0.0    0.0
0.8520  5.5187  0.0141    5.5  0.0003   0.0004    0.0    0.0
0.8664  5.5771  0.0110    5.5  0.0002   0.0003    0.0    0.0
0.8811  5.6355  0.0102    5.5  0.0002   0.0003    0.0    0.0
0.8959  5.6939  0.0099    5.5  0.0002   0.0003    0.0    0.0
0.9109  5.7523  0.0080    5.5  0.0003   0.0003    0.0    0.0
0.9261  5.8107  0.0035    5.5  0.0002   0.0001    0.0    0.0
0.9416  5.8691  0.0012    5.5  0.0001   0.0001    0.0    0.0
0.5472  4.2817  0.1396    5.5  0.0031   0.0036    0.0    0.0
0.5551  4.3280  0.1354    5.5  0.0030   0.0035    0.0    0.0
0.5629  4.3743  0.1339    5.5  0.0029   0.0034    0.0    0.0
0.5709  4.4206  0.1177    5.5  0.0028   0.0030    0.0    0.0
0.5789  4.4668  0.1171    5.5  0.0028   0.0030    0.0    0.0
0.5869  4.5131  0.1121    5.5  0.0027   0.0029    0.0    0.0
0.5950  4.5594  0.1044    5.5  0.0026   0.0027    0.0    0.0
0.6032  4.6057  0.0984    5.5  0.0025   0.0025    0.0    0.0
0.6114  4.6520  0.0971    5.5  0.0025   0.0025    0.0    0.0
0.6197  4.6983  0.0892    5.5  0.0024   0.0023    0.0    0.0
0.6281  4.7446  0.0903    5.5  0.0024   0.0023    0.0    0.0
0.6365  4.7909  0.0822    5.5  0.0023   0.0021    0.0    0.0
0.6449  4.8372  0.0760    5.5  0.0022   0.0020    0.0    0.0
0.6535  4.8834  0.0759    5.5  0.0022   0.0019    0.0    0.0
0.6620  4.9297  0.0692    5.5  0.0021   0.0018    0.0    0.0
0.6707  4.9760  0.0679    5.5  0.0020   0.0017    0.0    0.0
0.6712  4.9787  0.0675    5.5  0.0013   0.0017    0.0    0.0
0.6813  5.0325  0.0618    5.5  0.0013   0.0016    0.0    0.0
0.6916  5.0863  0.0597    5.5  0.0012   0.0015    0.0    0.0
0.7019  5.1402  0.0627    5.5  0.0013   0.0016    0.0    0.0
0.7123  5.1940  0.0626    5.5  0.0013   0.0016    0.0    0.0
0.7228  5.2478  0.0599    5.5  0.0012   0.0015    0.0    0.0
0.7333  5.3016  0.0512    5.5  0.0011   0.0013    0.0    0.0
0.7440  5.3555  0.0429    5.5  0.0010   0.0011    0.0    0.0
0.7548  5.4093  0.0367    5.5  0.0009   0.0009    0.0    0.0
0.7657  5.4631  0.0317    5.5  0.0008   0.0008    0.0    0.0
0.7766  5.5169  0.0275    5.5  0.0008   0.0007    0.0    0.0
0.7877  5.5707  0.0290    5.5  0.0009   0.0007    0.0    0.0
0.7988  5.6246  0.0359    5.5  0.0010   0.0009    0.0    0.0
0.8101  5.6784  0.0299    5.5  0.0009   0.0008    0.0    0.0
0.8214  5.7322  0.0228    5.5  0.0007   0.0006    0.0    0.0
0.8329  5.7860  0.0191    5.5  0.0006   0.0005    0.0    0.0
0.8336  5.7894  0.0178    5.5  0.0003   0.0005    0.0    0.0
0.8471  5.8520  0.0154    5.5  0.0003   0.0004    0.0    0.0
0.8607  5.9145  0.0124    5.5  0.0002   0.0003    0.0    0.0
0.8744  5.9771  0.0095    5.5  0.0002   0.0003    0.0    0.0
0.8883  6.0397  0.0084    5.5  0.0002   0.0002    0.0    0.0
0.9024  6.1023  0.0080    5.5  0.0002   0.0003    0.0    0.0
0.9166  6.1649  0.0065    5.5  0.0003   0.0002    0.0    0.0
0.9310  6.2275  0.0032    5.5  0.0002   0.0001    0.0    0.0
0.9455  6.2901  0.0016    5.5  0.0002   0.0001    0.0    0.0
0.6032  5.0150  0.1056    5.5  0.0024   0.0027    0.0    0.0
0.6113  5.0692  0.0961    5.5  0.0023   0.0025    0.0    0.0
0.6195  5.1234  0.0906    5.5  0.0023   0.0023    0.0    0.0
0.6277  5.1776  0.0874    5.5  0.0022   0.0022    0.0    0.0
0.6359  5.2319  0.0823    5.5  0.0021   0.0021    0.0    0.0
0.6442  5.2861  0.0755    5.5  0.0020   0.0019    0.0    0.0
0.6526  5.3403  0.0736    5.5  0.0020   0.0019    0.0    0.0
0.6609  5.3945  0.0714    5.5  0.0019   0.0018    0.0    0.0
0.6694  5.4487  0.0613    5.5  0.0018   0.0016    0.0    0.0
0.6778  5.5029  0.0586    5.5  0.0018   0.0015    0.0    0.0
0.6863  5.5572  0.0565    5.5  0.0017   0.0015    0.0    0.0
0.6949  5.6114  0.0535    5.5  0.0017   0.0014    0.0    0.0
0.7035  5.6656  0.0500    5.5  0.0016   0.0013    0.0    0.0
0.7122  5.7198  0.0492    5.5  0.0016   0.0013    0.0    0.0
0.7209  5.7740  0.0459    5.5  0.0015   0.0012    0.0    0.0
0.7296  5.8282  0.0473    5.5  0.0015   0.0012    0.0    0.0
0.7302  5.8318  0.0477    5.5  0.0007   0.0012    0.0    0.0
0.7404  5.8949  0.0469    5.5  0.0007   0.0012    0.0    0.0
0.7507  5.9579  0.0439    5.5  0.0007   0.0011    0.0    0.0
0.7611  6.0210  0.0373    5.5  0.0006   0.0010    0.0    0.0
0.7715  6.0840  0.0293    5.5  0.0005   0.0008    0.0    0.0
0.7820  6.1471  0.0241    5.5  0.0005   0.0006    0.0    0.0
0.7926  6.2101  0.0226    5.5  0.0005   0.0006    0.0    0.0
0.8032  6.2732  0.0218    5.5  0.0005   0.0006    0.0    0.0
0.8139  6.3362  0.0237    5.5  0.0006   0.0006    0.0    0.0
0.8223  6.3850  0.0231    5.5  0.0006   0.0006    0.0    0.0
0.8247  6.3992  0.0231    5.5  0.0006   0.0006    0.0    0.0
0.8341  6.4541  0.0187    5.5  0.0005   0.0005    0.0    0.0
0.8355  6.4623  0.0180    5.5  0.0005   0.0005    0.0    0.0
0.8461  6.5231  0.0144    5.5  0.0004   0.0004    0.0    0.0
0.8464  6.5253  0.0144    5.5  0.0004   0.0004    0.0    0.0
0.8574  6.5884  0.0119    5.5  0.0004   0.0003    0.0    0.0
0.8581  6.5921  0.0121    5.5  0.0004   0.0003    0.0    0.0
0.8685  6.6514  0.0101    5.5  0.0003   0.0003    0.0    0.0
0.8702  6.6612  0.0096    5.5  0.0004   0.0003    0.0    0.0
0.8796  6.7145  0.0077    5.5  0.0003   0.0002    0.0    0.0
0.8824  6.7302  0.0072    5.5  0.0003   0.0002    0.0    0.0
0.8908  6.7775  0.0071    5.5  0.0003   0.0002    0.0    0.0
0.8947  6.7992  0.0062    5.5  0.0003   0.0002    0.0    0.0
0.9071  6.8682  0.0058    5.5  0.0003   0.0002    0.0    0.0
0.9196  6.9373  0.0050    5.5  0.0003   0.0002    0.0    0.0
0.9321  7.0063  0.0037    5.5  0.0004   0.0002    0.0    0.0
0.9448  7.0753  0.0019    5.5  0.0003   0.0001    0.0    0.0
0.5156  4.5252  0.1644    5.5  0.0057   0.0042    0.0    0.0
0.5222  4.5741  0.1694    5.5  0.0057   0.0043    0.0    0.0
0.5288  4.6230  0.1574    5.5  0.0054   0.0040    0.0    0.0
0.5354  4.6719  0.1435    5.5  0.0051   0.0037    0.0    0.0
0.5420  4.7209  0.1414    5.5  0.0050   0.0036    0.0    0.0
0.5487  4.7698  0.1396    5.5  0.0050   0.0036    0.0    0.0
0.5554  4.8187  0.1274    5.5  0.0048   0.0033    0.0    0.0
0.5621  4.8676  0.1249    5.5  0.0048   0.0032    0.0    0.0
0.5689  4.9165  0.1147    5.5  0.0046   0.0029    0.0    0.0
0.5756  4.9655  0.1150    5.5  0.0045   0.0030    0.0    0.0
0.5824  5.0144  0.1080    5.5  0.0044   0.0028    0.0    0.0
0.5893  5.0633  0.1080    5.5  0.0043   0.0028    0.0    0.0
0.5961  5.1122  0.1019    5.5  0.0042   0.0026    0.0    0.0
0.6030  5.1611  0.1000    5.5  0.0042   0.0026    0.0    0.0
0.6099  5.2101  0.0906    5.5  0.0040   0.0023    0.0    0.0
0.6168  5.2590  0.0939    5.5  0.0039   0.0024    0.0    0.0
0.6173  5.2623  0.0920    5.5  0.0027   0.0024    0.0    0.0
0.6254  5.3191  0.0866    5.5  0.0025   0.0022    0.0    0.0
0.6335  5.3760  0.0848    5.5  0.0025   0.0022    0.0    0.0
0.6417  5.4329  0.0762    5.5  0.0023   0.0020    0.0    0.0
0.6499  5.4898  0.0680    5.5  0.0022   0.0017    0.0    0.0
0.6582  5.5467  0.0677    5.5  0.0022   0.0017    0.0    0.0
0.6665  5.6036  0.0685    5.5  0.0022   0.0018    0.0    0.0
0.6748  5.6605  0.0623    5.5  0.0021   0.0016    0.0    0.0
0.6831  5.7174  0.0543    5.5  0.0020   0.0014    0.0    0.0
0.6915  5.7743  0.0550    5.5  0.0020   0.0014    0.0    0.0
0.7000  5.8311  0.0494    5.5  0.0018   0.0013    0.0    0.0
0.7085  5.8880  0.0479    5.5  0.0019   0.0012    0.0    0.0
0.7170  5.9449  0.0466    5.5  0.0018   0.0012    0.0    0.0
0.7255  6.0018  0.0431    5.5  0.0017   0.0011    0.0    0.0
0.7341  6.0587  0.0446    5.5  0.0018   0.0011    0.0    0.0
0.7356  6.0685  0.0417    5.5  0.0011   0.0011    0.0    0.0
0.7428  6.1156  0.0426    5.5  0.0017   0.0011    0.0    0.0
0.7456  6.1341  0.0444    5.5  0.0012   0.0011    0.0    0.0
0.7556  6.1997  0.0419    5.5  0.0010   0.0011    0.0    0.0
0.7657  6.2653  0.0358    5.5  0.0010   0.0009    0.0    0.0
0.7759  6.3309  0.0293    5.5  0.0009   0.0008    0.0    0.0
0.7861  6.3965  0.0237    5.5  0.0008   0.0006    0.0    0.0
0.7963  6.4621  0.0208    5.5  0.0008   0.0005    0.0    0.0
0.8066  6.5277  0.0207    5.5  0.0008   0.0005    0.0    0.0
0.8170  6.5933  0.0208    5.5  0.0008   0.0005    0.0    0.0
0.8274  6.6589  0.0221    5.5  0.0008   0.0006    0.0    0.0
0.8282  6.6637  0.0238    5.5  0.0005   0.0006    0.0    0.0
0.8379  6.7245  0.0177    5.5  0.0007   0.0005    0.0    0.0
0.8398  6.7358  0.0184    5.5  0.0004   0.0005    0.0    0.0
0.8485  6.7901  0.0124    5.5  0.0006   0.0003    0.0    0.0
0.8513  6.8078  0.0130    5.5  0.0003   0.0003    0.0    0.0
0.8591  6.8557  0.0118    5.5  0.0006   0.0003    0.0    0.0
0.8630  6.8799  0.0109    5.5  0.0003   0.0003    0.0    0.0
0.8697  6.9213  0.0093    5.5  0.0005   0.0003    0.0    0.0
0.8747  6.9519  0.0085    5.5  0.0003   0.0002    0.0    0.0
0.8804  6.9869  0.0084    5.5  0.0005   0.0002    0.0    0.0
0.8866  7.0239  0.0071    5.5  0.0003   0.0002    0.0    0.0
0.8912  7.0525  0.0077    5.5  0.0005   0.0002    0.0    0.0
0.8984  7.0960  0.0056    5.5  0.0002   0.0002    0.0    0.0
0.9104  7.1680  0.0054    5.5  0.0002   0.0002    0.0    0.0
0.9224  7.2401  0.0042    5.5  0.0003   0.0002    0.0    0.0
0.9345  7.3121  0.0033    5.5  0.0002   0.0002    0.0    0.0
0.9467  7.3841  0.0016    5.5  0.0002   0.0001    0.0    0.0
0.6032  5.3831  0.1031    5.5  0.0029   0.0026    0.0    0.0
0.6107  5.4413  0.0910    5.5  0.0027   0.0023    0.0    0.0
0.6183  5.4995  0.0882    5.5  0.0027   0.0023    0.0    0.0
0.6259  5.5577  0.0880    5.5  0.0026   0.0023    0.0    0.0
0.6336  5.6159  0.0785    5.5  0.0025   0.0020    0.0    0.0
0.6412  5.6741  0.0790    5.5  0.0024   0.0020    0.0    0.0
0.6489  5.7323  0.0705    5.5  0.0023   0.0018    0.0    0.0
0.6566  5.7905  0.0687    5.5  0.0023   0.0018    0.0    0.0
0.6644  5.8487  0.0675    5.5  0.0023   0.0017    0.0    0.0
0.6721  5.9069  0.0628    5.5  0.0021   0.0016    0.0    0.0
0.6799  5.9651  0.0589    5.5  0.0021   0.0015    0.0    0.0
0.6877  6.0233  0.0604    5.5  0.0022   0.0016    0.0    0.0
0.6956  6.0815  0.0489    5.5  0.0020   0.0013    0.0    0.0
0.7004  6.1175  0.0482    5.5  0.0012   0.0012    0.0    0.0
0.7034  6.1397  0.0477    5.5  0.0019   0.0012    0.0    0.0
0.7094  6.1836  0.0451    5.5  0.0011   0.0012    0.0    0.0
0.7113  6.1979  0.0473    5.5  0.0019   0.0012    0.0    0.0
0.7184  6.2498  0.0422    5.5  0.0012   0.0011    0.0    0.0
0.7193  6.2561  0.0429    5.5  0.0019   0.0011    0.0    0.0
0.7274  6.3159  0.0403    5.5  0.0011   0.0010    0.0    0.0
0.7365  6.3820  0.0371    5.5  0.0010   0.0010    0.0    0.0
0.7456  6.4482  0.0353    5.5  0.0010   0.0009    0.0    0.0
0.7548  6.5143  0.0343    5.5  0.0010   0.0009    0.0    0.0
0.7640  6.5804  0.0344    5.5  0.0010   0.0009    0.0    0.0
0.7732  6.6466  0.0332    5.5  0.0009   0.0009    0.0    0.0
0.7824  6.7127  0.0257    5.5  0.0008   0.0007    0.0    0.0
0.7917  6.7788  0.0215    5.5  0.0007   0.0006    0.0    0.0
0.8010  6.8450  0.0161    5.5  0.0007   0.0004    0.0    0.0
0.8104  6.9111  0.0177    5.5  0.0007   0.0005    0.0    0.0
0.8198  6.9772  0.0176    5.5  0.0007   0.0005    0.0    0.0
0.8293  7.0434  0.0184    5.5  0.0008   0.0005    0.0    0.0
0.8387  7.1095  0.0182    5.5  0.0008   0.0005    0.0    0.0