e03103,sig_r,d target
converted from 10048.xlsx
*
 0.0250  0
x      Q2            F2  Ebeam          stat       sys_tot  dummy  dummy
0.500  2.2573  1.466065e-01  5.011  6.451892e-04  1.905885e-03    0.0    0.0
0.525  2.3101  1.368062e-01  5.011  7.717533e-04  1.778480e-03    0.0    0.0
0.550  2.3603  1.215612e-01  5.011  4.712487e-04  1.580296e-03    0.0    0.0
0.575  2.4081  1.074721e-01  5.011  6.094766e-04  1.397137e-03    0.0    0.0
0.600  2.4536  9.453925e-02  5.011  3.972929e-04  1.229010e-03    0.0    0.0
0.625  2.4970  8.562098e-02  5.011  3.838901e-04  1.113073e-03    0.0    0.0
0.650  2.5385  7.781154e-02  5.011  5.236190e-04  1.011550e-03    0.0    0.0
0.675  2.5782  6.541483e-02  5.011  3.505562e-04  8.503928e-04    0.0    0.0
0.700  2.6161  5.556404e-02  5.011  2.823847e-04  7.223325e-04    0.0    0.0
0.725  2.6525  4.781900e-02  5.011  2.171805e-04  6.216470e-04    0.0    0.0
0.775  2.7208  3.885807e-02  5.011  2.149252e-04  5.051549e-04    0.0    0.0
0.800  2.7529  3.508473e-02  5.011  1.982768e-04  4.561015e-04    0.0    0.0
0.825  2.7838  3.005555e-02  5.011  1.818553e-04  3.907222e-04    0.0    0.0
0.850  2.8135  2.420749e-02  5.011  1.602388e-04  3.146973e-04    0.0    0.0
0.875  2.8421  1.902345e-02  5.011  1.377060e-04  2.473049e-04    0.0    0.0
0.925  2.8961  1.683255e-02  5.011  1.266461e-04  2.188231e-04    0.0    0.0
0.950  2.9217  2.004025e-02  5.011  1.465876e-04  2.605232e-04    0.0    0.0
0.975  2.9464  2.457366e-02  5.011  1.730439e-04  3.194576e-04    0.0    0.0
1.000  2.9703  2.668070e-02  5.011  1.895042e-04  3.468492e-04    0.0    0.0
1.025  2.9934  2.239244e-02  5.011  1.809861e-04  2.911017e-04    0.0    0.0
1.075  3.0372  1.082028e-02  5.011  1.094939e-04  1.406637e-04    0.0    0.0
1.100  3.0581  6.730047e-03  5.011  9.403877e-05  8.749061e-05    0.0    0.0
1.125  3.0783  4.540311e-03  5.011  8.910778e-05  5.902404e-05    0.0    0.0
1.150  3.0979  3.069195e-03  5.011  8.736264e-05  3.989954e-05    0.0    0.0
0.550  2.8395  1.103208e-01  5.011  7.648259e-04  1.434170e-03    0.0    0.0
0.575  2.9090  1.028646e-01  5.011  4.468402e-04  1.337240e-03    0.0    0.0
0.600  2.9757  9.157356e-02  5.011  5.330982e-04  1.190456e-03    0.0    0.0
0.625  3.0398  7.869578e-02  5.011  3.321934e-04  1.023045e-03    0.0    0.0
0.650  3.1015  6.863887e-02  5.011  3.098523e-04  8.923053e-04    0.0    0.0
0.675  3.1609  6.074596e-02  5.011  2.929438e-04  7.896975e-04    0.0    0.0
0.700  3.2182  5.287186e-02  5.011  3.868760e-04  6.873342e-04    0.0    0.0
0.725  3.2733  4.448134e-02  5.011  2.571578e-04  5.782574e-04    0.0    0.0
0.750  3.3266  3.684068e-02  5.011  2.016877e-04  4.789288e-04    0.0    0.0
0.775  3.3780  3.077752e-02  5.011  2.075164e-04  4.001078e-04    0.0    0.0
0.800  3.4276  2.726065e-02  5.011  2.114304e-04  3.543885e-04    0.0    0.0
0.825  3.4756  2.272239e-02  5.011  1.839758e-04  2.953910e-04    0.0    0.0
0.850  3.5220  1.930369e-02  5.011  1.687713e-04  2.509479e-04    0.0    0.0
0.875  3.5669  1.523331e-02  5.011  1.477578e-04  1.980331e-04    0.0    0.0
0.900  3.6104  1.190033e-02  5.011  1.265627e-04  1.547043e-04    0.0    0.0
0.925  3.6525  1.115064e-02  5.011  1.217078e-04  1.449583e-04    0.0    0.0
0.950  3.6933  1.148330e-02  5.011  1.246525e-04  1.492829e-04    0.0    0.0
0.975  3.7329  1.351767e-02  5.011  1.414077e-04  1.757298e-04    0.0    0.0
1.000  3.7713  1.420375e-02  5.011  1.526440e-04  1.846488e-04    0.0    0.0
1.025  3.8086  1.165672e-02  5.011  1.429979e-04  1.515373e-04    0.0    0.0
1.050  3.8447  7.709754e-03  5.011  1.218326e-04  1.002268e-04    0.0    0.0
1.075  3.8799  5.160286e-03  5.011  1.087313e-04  6.708372e-05    0.0    0.0
1.100  3.9140  3.078298e-03  5.011  9.423267e-05  4.001787e-05    0.0    0.0
1.125  3.9472  1.930742e-03  5.011  8.536790e-05  2.509965e-05    0.0    0.0
0.500  3.1551  1.293622e-01  5.011  8.186268e-04  1.681709e-03    0.0    0.0
0.525  3.2592  1.169731e-01  5.011  6.584466e-04  1.520650e-03    0.0    0.0
0.550  3.3600  1.027608e-01  5.011  4.761362e-04  1.335890e-03    0.0    0.0
0.575  3.4577  9.095985e-02  5.011  5.505241e-04  1.182478e-03    0.0    0.0
0.600  3.5524  8.110556e-02  5.011  4.335026e-04  1.054372e-03    0.0    0.0
0.625  3.6441  7.190814e-02  5.011  5.559069e-04  9.348058e-04    0.0    0.0
0.650  3.7332  6.474444e-02  5.011  4.294843e-04  8.416777e-04    0.0    0.0
0.675  3.8196  5.676660e-02  5.011  3.334286e-04  7.379658e-04    0.0    0.0
0.700  3.9035  4.736671e-02  5.011  2.772005e-04  6.157672e-04    0.0    0.0
0.725  3.9849  4.024694e-02  5.011  3.560389e-04  5.232103e-04    0.0    0.0
0.750  4.0641  3.404235e-02  5.011  2.286919e-04  4.425506e-04    0.0    0.0
0.775  4.1411  2.793579e-02  5.011  2.104488e-04  3.631653e-04    0.0    0.0
0.800  4.2160  2.279948e-02  5.011  1.958204e-04  2.963933e-04    0.0    0.0
0.825  4.2888  1.781542e-02  5.011  2.547431e-04  2.316005e-04    0.0    0.0
0.850  4.3597  1.487170e-02  5.011  1.291680e-04  1.933322e-04    0.0    0.0
0.875  4.4287  1.215122e-02  5.011  1.271315e-04  1.579659e-04    0.0    0.0
0.900  4.4959  9.800301e-03  5.011  1.172333e-04  1.274039e-04    0.0    0.0
0.925  4.5614  7.695680e-03  5.011  7.247429e-05  1.000438e-04    0.0    0.0
0.950  4.6253  7.293482e-03  5.011  1.010412e-04  9.481527e-05    0.0    0.0
0.975  4.6875  7.514940e-03  5.011  1.045286e-04  9.769421e-05    0.0    0.0
1.000  4.7482  7.633272e-03  5.011  1.099786e-04  9.923254e-05    0.0    0.0
1.025  4.8074  6.011158e-03  5.011  9.727072e-05  7.814506e-05    0.0    0.0
1.050  4.8652  4.009272e-03  5.011  7.824165e-05  5.212053e-05    0.0    0.0
1.075  4.9216  2.278560e-03  5.011  5.830386e-05  2.962128e-05    0.0    0.0
1.100  4.9766  1.468748e-03  5.011  4.722274e-05  1.909373e-05    0.0    0.0
1.125  5.0304  9.030863e-04  5.011  3.093602e-05  1.174012e-05    0.0    0.0
1.150  5.0830  5.518881e-04  5.011  4.685466e-05  7.174546e-06    0.0    0.0
1.175  5.1343  3.622840e-04  5.011  4.227901e-05  4.709692e-06    0.0    0.0
0.525  3.7345  1.089850e-01  5.011  6.290071e-04  1.416805e-03    0.0    0.0
0.550  3.8675  9.715492e-02  5.011  5.123309e-04  1.263014e-03    0.0    0.0
0.575  3.9974  8.464788e-02  5.011  5.771403e-04  1.100422e-03    0.0    0.0
0.600  4.1245  7.476959e-02  5.011  4.439174e-04  9.720047e-04    0.0    0.0
0.625  4.2487  6.416651e-02  5.011  4.409436e-04  8.341646e-04    0.0    0.0
0.650  4.3702  5.851243e-02  5.011  2.665216e-04  7.606616e-04    0.0    0.0
0.675  4.4891  5.025592e-02  5.011  2.905358e-04  6.533270e-04    0.0    0.0
0.700  4.6054  4.211525e-02  5.011  2.610964e-04  5.474982e-04    0.0    0.0
0.725  4.7193  3.587828e-02  5.011  2.414183e-04  4.664176e-04    0.0    0.0
0.750  4.8308  2.938891e-02  5.011  2.158997e-04  3.820558e-04    0.0    0.0
0.775  4.9399  2.470420e-02  5.011  2.032832e-04  3.211546e-04    0.0    0.0
0.800  5.0468  1.990478e-02  5.011  1.430624e-04  2.587622e-04    0.0    0.0
0.825  5.1516  1.585035e-02  5.011  9.794625e-05  2.060546e-04    0.0    0.0
0.850  5.2542  1.200723e-02  5.011  1.152777e-04  1.560940e-04    0.0    0.0
0.875  5.3547  9.289226e-03  5.011  7.044330e-05  1.207599e-04    0.0    0.0
0.900  5.4533  7.036965e-03  5.011  6.279444e-05  9.148054e-05    0.0    0.0
0.925  5.5500  5.520680e-03  5.011  7.881275e-05  7.176883e-05    0.0    0.0
0.950  5.6448  4.630692e-03  5.011  5.041794e-05  6.019899e-05    0.0    0.0
0.975  5.7377  4.492298e-03  5.011  7.170784e-05  5.839987e-05    0.0    0.0
1.000  5.8289  4.263082e-03  5.011  5.369813e-05  5.542006e-05    0.0    0.0
1.025  5.9184  3.045905e-03  5.011  7.293667e-05  3.959676e-05    0.0    0.0
1.050  6.0062  1.849143e-03  5.011  5.938002e-05  2.403885e-05    0.0    0.0
0.450  1.9506  1.691849e-01  5.766  6.403763e-04  2.199404e-03    0.0    0.0
0.475  1.9927  1.619613e-01  5.766  7.851198e-04  2.105498e-03    0.0    0.0
0.500  2.0320  1.503810e-01  5.766  6.994637e-04  1.954953e-03    0.0    0.0
0.525  2.0691  1.331803e-01  5.766  4.417915e-04  1.731344e-03    0.0    0.0
0.550  2.1039  1.178282e-01  5.766  5.783217e-04  1.531767e-03    0.0    0.0
0.575  2.1367  1.074867e-01  5.766  3.922871e-04  1.397327e-03    0.0    0.0
0.600  2.1678  9.864925e-02  5.766  5.335997e-04  1.282440e-03    0.0    0.0
0.625  2.1971  8.856913e-02  5.766  5.044788e-04  1.151399e-03    0.0    0.0
0.650  2.2249  7.432348e-02  5.766  3.352531e-04  9.662052e-04    0.0    0.0
0.675  2.2513  6.375863e-02  5.766  4.628197e-04  8.288622e-04    0.0    0.0
0.700  2.2763  5.564720e-02  5.766  2.270174e-04  7.234136e-04    0.0    0.0
0.725  2.3002  5.086491e-02  5.766  1.966717e-04  6.612438e-04    0.0    0.0
0.775  2.3445  4.486315e-02  5.766  1.864517e-04  5.832209e-04    0.0    0.0
0.825  2.3849  3.215364e-02  5.766  1.430245e-04  4.179973e-04    0.0    0.0
0.875  2.4219  2.114315e-02  5.766  1.022312e-04  2.748609e-04    0.0    0.0
0.925  2.4559  2.367265e-02  5.766  1.170365e-04  3.077445e-04    0.0    0.0
0.975  2.4872  3.613414e-02  5.766  1.778174e-04  4.697438e-04    0.0    0.0
1.025  2.5161  3.211676e-02  5.766  1.675626e-04  4.175179e-04    0.0    0.0
1.075  2.5429  1.557892e-02  5.766  9.393680e-05  2.025260e-04    0.0    0.0
1.125  2.5679  7.017975e-03  5.766  5.272353e-05  9.123367e-05    0.0    0.0
1.150  2.5797  4.867934e-03  5.766  4.828659e-05  6.328314e-05    0.0    0.0
1.200  2.6022  2.508569e-03  5.766  3.383504e-05  3.261140e-05    0.0    0.0
1.250  2.6232  1.449355e-03  5.766  2.704097e-05  1.884161e-05    0.0    0.0
1.300  2.6429  8.051993e-04  5.766  2.238100e-05  1.046759e-05    0.0    0.0
1.350  2.6615  5.335238e-04  5.766  2.017121e-05  6.935809e-06    0.0    0.0
1.400  2.6789  3.231946e-04  5.766  1.851382e-05  4.201530e-06    0.0    0.0
1.450  2.6953  2.384308e-04  5.766  1.001154e-06  3.099601e-06    0.0    0.0
0.400  2.2853  1.899844e-01  5.766  8.636716e-04  2.469798e-03    0.0    0.0
0.425  2.3585  1.781145e-01  5.766  7.219791e-04  2.315488e-03    0.0    0.0
0.450  2.4277  1.632947e-01  5.766  5.160379e-04  2.122831e-03    0.0    0.0
0.475  2.4931  1.482474e-01  5.766  5.968412e-04  1.927216e-03    0.0    0.0
0.500  2.5551  1.360306e-01  5.766  5.853859e-04  1.768398e-03    0.0    0.0
0.525  2.6139  1.252111e-01  5.766  5.076127e-04  1.627745e-03    0.0    0.0
0.550  2.6697  1.136941e-01  5.766  3.690324e-04  1.478023e-03    0.0    0.0
0.575  2.7228  1.038567e-01  5.766  5.091554e-04  1.350137e-03    0.0    0.0
0.600  2.7734  9.137373e-02  5.766  4.317496e-04  1.187858e-03    0.0    0.0
0.625  2.8216  7.953608e-02  5.766  2.704071e-04  1.033969e-03    0.0    0.0
0.650  2.8676  7.025536e-02  5.766  3.525076e-04  9.133197e-04    0.0    0.0
0.675  2.9116  6.294632e-02  5.766  3.268495e-04  8.183021e-04    0.0    0.0
0.700  2.9537  5.330558e-02  5.766  2.071989e-04  6.929726e-04    0.0    0.0
0.725  2.9939  4.461719e-02  5.766  2.648842e-04  5.800235e-04    0.0    0.0
0.750  3.0325  3.808993e-02  5.766  2.442828e-04  4.951691e-04    0.0    0.0
0.775  3.0695  3.275696e-02  5.766  1.692024e-04  4.258405e-04    0.0    0.0
0.800  3.1050  2.858703e-02  5.766  1.235318e-04  3.716314e-04    0.0    0.0
0.825  3.1391  2.505047e-02  5.766  1.028356e-04  3.256561e-04    0.0    0.0
0.875  3.2035  1.662340e-02  5.766  7.294515e-05  2.161043e-04    0.0    0.0
0.925  3.2632  1.354232e-02  5.766  6.088675e-05  1.760502e-04    0.0    0.0
0.950  3.2914  1.533092e-02  5.766  6.986753e-05  1.993020e-04    0.0    0.0
1.000  3.3450  1.875531e-02  5.766  8.637855e-05  2.438190e-04    0.0    0.0
1.025  3.3704  1.533907e-02  5.766  7.669536e-05  1.994079e-04    0.0    0.0
1.075  3.4187  6.802640e-03  5.766  3.958257e-05  8.843432e-05    0.0    0.0
1.125  3.4640  2.865017e-03  5.766  2.074140e-05  3.724522e-05    0.0    0.0
1.150  3.4855  1.968120e-03  5.766  1.831628e-05  2.558556e-05    0.0    0.0
1.200  3.5267  9.768982e-04  5.766  1.191742e-05  1.269968e-05    0.0    0.0
1.225  3.5464  6.933334e-04  5.766  1.136632e-05  9.013334e-06    0.0    0.0
1.275  3.5840  3.694374e-04  5.766  8.434535e-06  4.802686e-06    0.0    0.0
1.300  3.6020  2.878617e-04  5.766  1.932819e-06  3.742203e-06    0.0    0.0
1.350  3.6364  1.654629e-04  5.766  7.333785e-06  2.151017e-06    0.0    0.0
1.400  3.6691  1.107155e-04  5.766  6.496118e-06  1.439301e-06    0.0    0.0
1.425  3.6847  8.852523e-05  5.766  9.212293e-07  1.150828e-06    0.0    0.0
1.550  3.7571  3.121486e-05  5.766  5.607276e-07  4.057932e-07    0.0    0.0
1.675  3.8210  1.220106e-05  5.766  3.696702e-07  1.586137e-07    0.0    0.0
0.475  2.9140  1.432526e-01  5.766  6.159616e-04  1.862284e-03    0.0    0.0
0.500  2.9991  1.315947e-01  5.766  5.003192e-04  1.710730e-03    0.0    0.0
0.525  3.0804  1.188491e-01  5.766  4.340153e-04  1.545038e-03    0.0    0.0
0.550  3.1582  1.056911e-01  5.766  3.975502e-04  1.373984e-03    0.0    0.0
0.575  3.2328  9.528827e-02  5.766  3.113489e-04  1.238747e-03    0.0    0.0
0.600  3.3043  8.592770e-02  5.766  3.895976e-04  1.117060e-03    0.0    0.0
0.625  3.3730  7.636513e-02  5.766  2.975005e-04  9.927467e-04    0.0    0.0
0.650  3.4390  6.634719e-02  5.766  2.975986e-04  8.625134e-04    0.0    0.0
0.675  3.5024  5.754288e-02  5.766  2.839663e-04  7.480574e-04    0.0    0.0
0.700  3.5634  5.007619e-02  5.766  1.698843e-04  6.509905e-04    0.0    0.0
0.725  3.6222  4.311947e-02  5.766  2.148974e-04  5.605532e-04    0.0    0.0
0.750  3.6788  3.528262e-02  5.766  1.827352e-04  4.586741e-04    0.0    0.0
0.775  3.7334  2.888023e-02  5.766  1.131899e-04  3.754430e-04    0.0    0.0
0.800  3.7861  2.411419e-02  5.766  1.437016e-04  3.134845e-04    0.0    0.0
0.825  3.8370  2.021381e-02  5.766  1.266173e-04  2.627795e-04    0.0    0.0
0.850  3.8861  1.672418e-02  5.766  8.435093e-05  2.174143e-04    0.0    0.0
0.875  3.9336  1.365687e-02  5.766  1.156477e-04  1.775393e-04    0.0    0.0
0.900  3.9795  1.080880e-02  5.766  5.583707e-05  1.405144e-04    0.0    0.0
0.925  4.0239  9.254987e-03  5.766  4.656375e-05  1.203148e-04    0.0    0.0
0.950  4.0670  9.551311e-03  5.766  4.959701e-05  1.241670e-04    0.0    0.0
1.000  4.1491  1.087726e-02  5.766  5.582892e-05  1.414043e-04    0.0    0.0
1.025  4.1882  8.607201e-03  5.766  4.906350e-05  1.118936e-04    0.0    0.0
1.075  4.2631  3.596072e-03  5.766  2.549342e-05  4.674893e-05    0.0    0.0
1.100  4.2989  2.268729e-03  5.766  2.151585e-05  2.949347e-05    0.0    0.0
1.150  4.3675  9.488838e-04  5.766  1.233375e-05  1.233549e-05    0.0    0.0
1.175  4.4004  6.367291e-04  5.766  1.143674e-05  8.277479e-06    0.0    0.0
1.200  4.4323  4.443332e-04  5.766  1.091758e-05  5.776331e-06    0.0    0.0
1.250  4.4937  2.340579e-04  5.766  7.179903e-06  3.042753e-06    0.0    0.0
1.275  4.5231  1.808835e-04  5.766  7.004774e-06  2.351485e-06    0.0    0.0
1.325  4.5798  1.033618e-04  5.766  5.239270e-06  1.343703e-06    0.0    0.0
1.350  4.6071  7.343285e-05  5.766  5.205148e-06  9.546271e-07    0.0    0.0
1.400  4.6596  4.467584e-05  5.766  4.535235e-06  5.807859e-07    0.0    0.0
1.425  4.6848  3.500242e-05  5.766  4.841637e-06  4.550315e-07    0.0    0.0
0.525  3.6362  1.116501e-01  5.766  7.902672e-04  1.451452e-03    0.0    0.0
0.550  3.7452  1.013173e-01  5.766  4.532175e-04  1.317124e-03    0.0    0.0
0.575  3.8506  8.905311e-02  5.766  3.706852e-04  1.157690e-03    0.0    0.0
0.600  3.9525  7.841268e-02  5.766  3.335578e-04  1.019365e-03    0.0    0.0
0.625  4.0511  6.778567e-02  5.766  2.516375e-04  8.812138e-04    0.0    0.0
0.650  4.1467  6.032034e-02  5.766  3.009725e-04  7.841645e-04    0.0    0.0
0.675  4.2392  5.230442e-02  5.766  2.277002e-04  6.799574e-04    0.0    0.0
0.700  4.3290  4.477392e-02  5.766  2.072572e-04  5.820609e-04    0.0    0.0
0.725  4.4160  3.763164e-02  5.766  2.177575e-04  4.892113e-04    0.0    0.0
0.750  4.5005  3.156740e-02  5.766  1.282179e-04  4.103762e-04    0.0    0.0
0.775  4.5824  2.584158e-02  5.766  1.571072e-04  3.359405e-04    0.0    0.0
0.800  4.6621  2.076743e-02  5.766  9.679069e-05  2.699766e-04    0.0    0.0
0.825  4.7394  1.643046e-02  5.766  1.184655e-04  2.135960e-04    0.0    0.0
0.850  4.8146  1.308151e-02  5.766  7.376268e-05  1.700596e-04    0.0    0.0
0.875  4.8877  1.044471e-02  5.766  9.409614e-05  1.357813e-04    0.0    0.0
0.900  4.9588  8.082597e-03  5.766  6.238274e-05  1.050738e-04    0.0    0.0
0.925  5.0280  6.348487e-03  5.766  4.631372e-05  8.253033e-05    0.0    0.0
0.950  5.0954  5.746719e-03  5.766  4.079609e-05  7.470734e-05    0.0    0.0
0.975  5.1610  5.823645e-03  5.766  4.337858e-05  7.570738e-05    0.0    0.0
1.000  5.2249  5.636697e-03  5.766  4.271065e-05  7.327707e-05    0.0    0.0
1.025  5.2871  4.306570e-03  5.766  3.803940e-05  5.598541e-05    0.0    0.0
1.050  5.3478  2.795378e-03  5.766  3.124337e-05  3.633991e-05    0.0    0.0
1.100  5.4648  1.028324e-03  5.766  1.516276e-05  1.336821e-05    0.0    0.0
1.125  5.5211  6.487771e-04  5.766  1.283392e-05  8.434102e-06    0.0    0.0
1.150  5.5761  4.184430e-04  5.766  1.087724e-05  5.439759e-06    0.0    0.0
1.175  5.6297  2.973243e-04  5.766  9.504568e-06  3.865216e-06    0.0    0.0
1.200  5.6822  1.992179e-04  5.766  8.316355e-06  2.589833e-06    0.0    0.0
1.225  5.7334  1.352197e-04  5.766  7.370888e-06  1.757856e-06    0.0    0.0
1.250  5.7834  9.314323e-05  5.766  6.615642e-06  1.210862e-06    0.0    0.0
1.275  5.8323  7.229562e-05  5.766  6.254872e-06  9.398430e-07    0.0    0.0
1.300  5.8801  5.423198e-05  5.766  2.428982e-06  7.050158e-07    0.0    0.0
1.325  5.9269  3.696819e-05  5.766  6.339468e-06  4.805865e-07    0.0    0.0
1.350  5.9726  2.870788e-05  5.766  1.731359e-06  3.732025e-07    0.0    0.0
1.400  6.0611  1.808503e-05  5.766  1.309082e-06  2.351054e-07    0.0    0.0
1.450  6.1459  8.440744e-06  5.766  9.998180e-07  1.097297e-07    0.0    0.0
1.500  6.2272  5.030010e-06  5.766  8.015830e-07  6.539013e-08    0.0    0.0
1.550  6.3052  3.279578e-06  5.766  6.030323e-07  4.263452e-08    0.0    0.0
1.600  6.3802  2.158320e-06  5.766  4.963107e-07  2.805817e-08    0.0    0.0
1.650  6.4522  9.290144e-07  5.766  3.563567e-07  1.207719e-08    0.0    0.0
1.700  6.5216  9.316106e-07  5.766  3.413756e-07  1.211094e-08    0.0    0.0
1.750  6.5883  3.009643e-07  5.766  2.317015e-07  3.912536e-09    0.0    0.0
0.325  2.8682  2.098624e-01  5.766  9.165594e-04  2.728212e-03    0.0    0.0
0.350  3.0456  1.972155e-01  5.766  7.998798e-04  2.563802e-03    0.0    0.0
0.375  3.2182  1.870165e-01  5.766  7.810733e-04  2.431214e-03    0.0    0.0
0.400  3.3860  1.741712e-01  5.766  6.449274e-04  2.264225e-03    0.0    0.0
0.425  3.5494  1.607456e-01  5.766  5.976996e-04  2.089692e-03    0.0    0.0
0.450  3.7084  1.463384e-01  5.766  5.951755e-04  1.902399e-03    0.0    0.0
0.475  3.8632  1.332155e-01  5.766  5.430639e-04  1.731801e-03    0.0    0.0
0.500  4.0141  1.202994e-01  5.766  4.773307e-04  1.563892e-03    0.0    0.0
0.525  4.1611  1.069565e-01  5.766  4.273017e-04  1.390435e-03    0.0    0.0
0.550  4.3044  9.517074e-02  5.766  4.038326e-04  1.237220e-03    0.0    0.0
0.575  4.4442  8.336078e-02  5.766  3.267922e-04  1.083690e-03    0.0    0.0
0.600  4.5805  7.307699e-02  5.766  2.621388e-04  9.500009e-04    0.0    0.0
0.625  4.7136  6.373074e-02  5.766  2.405176e-04  8.284996e-04    0.0    0.0
0.650  4.8434  5.409451e-02  5.766  1.730839e-04  7.032287e-04    0.0    0.0
0.675  4.9702  4.614313e-02  5.766  1.918425e-04  5.998607e-04    0.0    0.0
0.700  5.0940  3.985695e-02  5.766  1.763266e-04  5.181404e-04    0.0    0.0
0.725  5.2149  3.368763e-02  5.766  1.264588e-04  4.379392e-04    0.0    0.0
0.750  5.3331  2.788587e-02  5.766  1.561266e-04  3.625164e-04    0.0    0.0
0.775  5.4486  2.312436e-02  5.766  1.075952e-04  3.006167e-04    0.0    0.0
0.800  5.5615  1.866164e-02  5.766  9.238758e-05  2.426013e-04    0.0    0.0
0.825  5.6720  1.425493e-02  5.766  1.093648e-04  1.853141e-04    0.0    0.0
0.850  5.7800  1.106867e-02  5.766  6.628665e-05  1.438927e-04    0.0    0.0
0.875  5.8857  8.221733e-03  5.766  5.761588e-05  1.068825e-04    0.0    0.0
0.900  5.9891  6.292427e-03  5.766  7.113557e-05  8.180155e-05    0.0    0.0
0.925  6.0903  4.846293e-03  5.766  3.739011e-05  6.300181e-05    0.0    0.0
0.950  6.1894  3.898412e-03  5.766  3.452990e-05  5.067935e-05    0.0    0.0
0.975  6.2865  3.722130e-03  5.766  4.307949e-05  4.838768e-05    0.0    0.0
1.000  6.3815  3.329700e-03  5.766  3.996608e-05  4.328610e-05    0.0    0.0
1.025  6.4747  2.421083e-03  5.766  3.245200e-05  3.147408e-05    0.0    0.0
1.050  6.5660  1.573976e-03  5.766  2.520873e-05  2.046168e-05    0.0    0.0
1.075  6.6554  9.092795e-04  5.766  1.467700e-05  1.182063e-05    0.0    0.0
1.100  6.7431  5.496252e-04  5.766  1.863234e-05  7.145127e-06    0.0    0.0
1.125  6.8291  3.279047e-04  5.766  1.441434e-05  4.262761e-06    0.0    0.0
1.150  6.9134  1.900034e-04  5.766  1.156334e-05  2.470044e-06    0.0    0.0
1.175  6.9961  1.352741e-04  5.766  9.173368e-06  1.758564e-06    0.0    0.0
1.200  7.0772  9.173829e-05  5.766  7.987830e-06  1.192598e-06    0.0    0.0
1.225  7.1568  7.318625e-05  5.766  4.588306e-06  9.514212e-07    0.0    0.0
1.250  7.2350  5.530702e-05  5.766  5.265753e-06  7.189913e-07    0.0    0.0
1.300  7.3869  2.628044e-05  5.766  3.830244e-06  3.416457e-07    0.0    0.0
1.325  7.4609  1.817061e-05  5.766  3.428151e-06  2.362180e-07    0.0    0.0
1.350  7.5335  1.211860e-05  5.766  3.092914e-06  1.575418e-07    0.0    0.0
1.400  7.6748  7.786446e-06  5.766  2.086868e-06  1.012238e-07    0.0    0.0
1.425  7.7437  4.369248e-06  5.766  2.060424e-06  5.680023e-08    0.0    0.0
1.450  7.8113  6.589431e-06  5.766  2.102303e-06  8.566260e-08    0.0    0.0
1.500  7.9431  1.740902e-06  5.766  1.945122e-06  2.263173e-08    0.0    0.0
1.525  8.0074  1.792050e-06  5.766  1.181020e-06  2.329665e-08    0.0    0.0
1.550  8.0705  1.506550e-06  5.766  1.146032e-06  1.958515e-08    0.0    0.0
1.625  8.2538  5.868348e-07  5.766  8.285412e-07  7.628853e-09    0.0    0.0
1.650  8.3130  1.178609e-06  5.766  1.004628e-06  1.532192e-08    0.0    0.0
1.700  8.4284  5.353950e-07  5.766  5.353950e-07  6.960135e-09    0.0    0.0
1.725  8.4847  1.852324e-07  5.766  1.024278e-06  2.408021e-09    0.0    0.0
0.350  3.2663  1.913073e-01  5.766  1.598810e-03  2.486995e-03    0.0    0.0
0.375  3.4655  1.823246e-01  5.766  1.371541e-03  2.370220e-03    0.0    0.0
0.400  3.6610  1.715733e-01  5.766  1.217829e-03  2.230453e-03    0.0    0.0
0.425  3.8527  1.562000e-01  5.766  8.622772e-04  2.030600e-03    0.0    0.0
0.450  4.0407  1.421298e-01  5.766  8.232346e-04  1.847687e-03    0.0    0.0
0.475  4.2253  1.274291e-01  5.766  7.927907e-04  1.656578e-03    0.0    0.0
0.500  4.4064  1.159422e-01  5.766  6.013195e-04  1.507248e-03    0.0    0.0
0.525  4.5842  1.035514e-01  5.766  5.199985e-04  1.346169e-03    0.0    0.0
0.550  4.7588  9.081117e-02  5.766  4.657811e-04  1.180545e-03    0.0    0.0
0.575  4.9302  7.971816e-02  5.766  3.843554e-04  1.036336e-03    0.0    0.0
0.600  5.0985  6.915159e-02  5.766  3.723139e-04  8.989707e-04    0.0    0.0
0.625  5.2639  5.947604e-02  5.766  2.545625e-04  7.731885e-04    0.0    0.0
0.650  5.4263  5.095831e-02  5.766  2.756881e-04  6.624580e-04    0.0    0.0
0.675  5.5860  4.261226e-02  5.766  2.038463e-04  5.539594e-04    0.0    0.0
0.700  5.7428  3.570491e-02  5.766  2.286549e-04  4.641639e-04    0.0    0.0
0.725  5.8970  3.034209e-02  5.766  1.797377e-04  3.944472e-04    0.0    0.0
0.750  6.0486  2.499902e-02  5.766  1.306300e-04  3.249873e-04    0.0    0.0
0.775  6.1976  2.030529e-02  5.766  1.169561e-04  2.639688e-04    0.0    0.0
0.800  6.3441  1.598640e-02  5.766  9.978395e-05  2.078232e-04    0.0    0.0
0.825  6.4882  1.248505e-02  5.766  8.764100e-05  1.623056e-04    0.0    0.0
0.850  6.6299  9.529267e-03  5.766  7.655648e-05  1.238805e-04    0.0    0.0
0.875  6.7694  7.039682e-03  5.766  6.635500e-05  9.151587e-05    0.0    0.0
0.900  6.9065  5.123493e-03  5.766  6.052434e-05  6.660541e-05    0.0    0.0
0.925  7.0415  3.774010e-03  5.766  4.286962e-05  4.906213e-05    0.0    0.0
0.950  7.1743  2.991354e-03  5.766  6.098797e-05  3.888760e-05    0.0    0.0
0.975  7.3051  2.499908e-03  5.766  5.414730e-05  3.249880e-05    0.0    0.0
1.000  7.4338  2.116763e-03  5.766  3.588018e-05  2.751792e-05    0.0    0.0
1.025  7.5605  1.410954e-03  5.766  4.241285e-05  1.834240e-05    0.0    0.0
1.050  7.6852  9.030907e-04  5.766  2.455476e-05  1.174018e-05    0.0    0.0
1.075  7.8080  4.972708e-04  5.766  2.798475e-05  6.464520e-06    0.0    0.0
1.100  7.9290  3.002212e-04  5.766  1.600398e-05  3.902875e-06    0.0    0.0
1.125  8.0481  2.042610e-04  5.766  2.022731e-05  2.655393e-06    0.0    0.0
1.150  8.1655  1.234055e-04  5.766  1.171677e-05  1.604271e-06    0.0    0.0
1.175  8.2811  8.142124e-05  5.766  8.023935e-06  1.058476e-06    0.0    0.0
1.200  8.3950  3.538545e-05  5.766  9.067118e-06  4.600109e-07    0.0    0.0
1.225  8.5073  5.066475e-05  5.766  8.020480e-06  6.586417e-07    0.0    0.0
1.250  8.6179  4.355267e-05  5.766  8.040493e-06  5.661847e-07    0.0    0.0
1.275  8.7270  1.934987e-05  5.766  6.789771e-06  2.515484e-07    0.0    0.0
1.300  8.8344  1.252224e-05  5.766  4.656567e-06  1.627891e-07    0.0    0.0
1.325  8.9404  1.064502e-05  5.766  4.062373e-06  1.383853e-07    0.0    0.0
1.350  9.0448  9.677566e-06  5.766  3.644008e-06  1.258084e-07    0.0    0.0
1.375  9.1478  6.290662e-06  5.766  3.231103e-06  8.177861e-08    0.0    0.0
1.400  9.2494  7.972040e-06  5.766  3.271360e-06  1.036365e-07    0.0    0.0
1.425  9.3495  2.930675e-06  5.766  2.802498e-06  3.809877e-08    0.0    0.0
1.450  9.4483  5.393924e-06  5.766  2.202754e-06  7.012101e-08    0.0    0.0
1.475  9.5457  5.186194e-06  5.766  2.662594e-06  6.742052e-08    0.0    0.0
1.500  9.6418  1.116113e-07  5.766  1.660384e-06  1.450947e-09    0.0    0.0