JLab Hall C F2 experimnet (E1210002,d/p)
converted from 10075.xlsx
*
 0.011 4
x	Q2	F2	ebeam	   stat   	err_tot	csv	pion	acc	live	
0.31198	4.38369	0.83514	10.602	0.00888	0.0128	0.37	0.14	0.014	0.047																							
0.31666	4.43003	0.83987	10.602	0.00896	0.0127	0.334	0.14	0.014	0.047																							
0.3214	4.47636	0.82689	10.602	0.00907	0.01262	0.302	0.14	0.015	0.047																							
0.32617	4.5227	0.82562	10.602	0.0091	0.01255	0.272	0.14	0.015	0.047																							
0.33098	4.56903	0.81979	10.602	0.00915	0.01249	0.246	0.14	0.015	0.047																							
0.33584	4.61536	0.83706	10.602	0.00921	0.01245	0.222	0.14	0.015	0.047																							
0.34075	4.66169	0.82604	10.602	0.0093	0.01241	0.201	0.14	0.015	0.047																							
0.34569	4.70802	0.81751	10.602	0.00941	0.01238	0.181	0.14	0.016	0.047																							
0.35069	4.75435	0.81672	10.602	0.00948	0.01236	0.164	0.14	0.016	0.047																							
0.35572	4.80068	0.82077	10.602	0.00954	0.01234	0.148	0.14	0.016	0.047																							
0.36081	4.84701	0.81908	10.602	0.00969	0.01232	0.134	0.14	0.016	0.047																							
0.36594	4.89333	0.8152	10.602	0.0098	0.01231	0.122	0.14	0.017	0.047																							
0.37112	4.93966	0.80727	10.602	0.00986	0.0123	0.11	0.14	0.017	0.047																							
0.37634	4.98598	0.82432	10.602	0.00999	0.01229	0.1	0.14	0.017	0.047																							
0.38162	5.0323	0.81137	10.602	0.01008	0.01228	0.09	0.14	0.017	0.047																							
0.41419	5.309	0.80195	10.602	0.0054	0.01233	0.051	0.14	0.019	0.107																							
0.42102	5.3651	0.80498	10.602	0.00545	0.01232	0.045	0.14	0.019	0.107																							
0.42793	5.4212	0.7933	10.602	0.00551	0.01232	0.04	0.14	0.02	0.107																							
0.43493	5.47731	0.78949	10.602	0.00556	0.01232	0.036	0.14	0.02	0.107																							
0.44201	5.5334	0.7919	10.602	0.00563	0.01232	0.032	0.14	0.021	0.107																							
0.44917	5.5895	0.7904	10.602	0.00572	0.01232	0.028	0.14	0.021	0.107																							
0.45642	5.6456	0.7789	10.602	0.00578	0.01232	0.025	0.14	0.022	0.107																							
0.46376	5.70169	0.78491	10.602	0.00586	0.01232	0.023	0.14	0.022	0.107																							
0.47119	5.75779	0.78092	10.602	0.00592	0.01232	0.02	0.14	0.023	0.107																							
0.47871	5.81388	0.77851	10.602	0.00602	0.01232	0.018	0.14	0.023	0.107																							
0.48632	5.86997	0.76707	10.602	0.00611	0.01232	0.016	0.14	0.024	0.107																							
0.49403	5.92605	0.7713	10.602	0.00623	0.01232	0.015	0.14	0.024	0.107																							
0.50183	5.98214	0.77193	10.602	0.00633	0.01232	0.013	0.14	0.025	0.107																							
0.50974	6.03823	0.77093	10.602	0.00643	0.01232	0.012	0.14	0.026	0.107																							
0.51774	6.09431	0.76441	10.602	0.00653	0.01232	0.011	0.14	0.026	0.107																							
0.49965	5.96654	0.77269	10.602	0.00686	0.01227	0.014	0.14	0.025	0.046																							
0.50851	6.02958	0.76684	10.602	0.00695	0.01227	0.012	0.14	0.026	0.046																							
0.5175	6.09262	0.76779	10.602	0.0071	0.01227	0.011	0.14	0.026	0.046																							
0.52661	6.15566	0.76431	10.602	0.00722	0.01227	0.01	0.14	0.027	0.046																							
0.53585	6.2187	0.75496	10.602	0.00733	0.01227	0.009	0.14	0.028	0.046																							
0.54523	6.28173	0.75997	10.602	0.00748	0.01227	0.008	0.14	0.029	0.046																							
0.55475	6.34476	0.7591	10.602	0.00769	0.01227	0.007	0.14	0.03	0.046																							
0.56441	6.40779	0.74742	10.602	0.00784	0.01227	0.006	0.14	0.031	0.046																							
0.57421	6.47082	0.7515	10.602	0.00802	0.01227	0.006	0.14	0.032	0.046																							
0.58415	6.53385	0.73921	10.602	0.00822	0.01227	0.005	0.14	0.033	0.046																							
0.59425	6.59687	0.73988	10.602	0.00844	0.01227	0.004	0.14	0.035	0.046																							
0.60451	6.65989	0.73354	10.602	0.00873	0.01227	0.004	0.14	0.036	0.046																							
0.61491	6.72292	0.73871	10.602	0.009	0.01227	0.004	0.14	0.038	0.046																							
0.62548	6.78593	0.72696	10.602	0.0092	0.01227	0.003	0.14	0.039	0.046																							
0.63622	6.84895	0.7321	10.602	0.00957	0.01227	0.003	0.14	0.041	0.046																							
0.6192	6.74858	0.72715	10.602	0.00589	0.01227	0.004	0.14	0.038	0.028																							
0.63124	6.81987	0.73138	10.602	0.00606	0.01227	0.003	0.14	0.04	0.028																							
0.6435	6.89116	0.7275	10.602	0.00624	0.01227	0.003	0.14	0.042	0.028																							
0.65598	6.96244	0.72721	10.602	0.00647	0.01227	0.003	0.14	0.045	0.028																							
0.66868	7.03373	0.72877	10.602	0.00668	0.01227	0.002	0.14	0.047	0.028																							
0.68162	7.10501	0.7183	10.602	0.00694	0.01227	0.002	0.14	0.05	0.028																							
0.69479	7.17629	0.72445	10.602	0.00722	0.01227	0.002	0.14	0.053	0.028																							
0.70821	7.24756	0.71186	10.602	0.00755	0.01227	0.002	0.14	0.057	0.028																							
0.72187	7.31883	0.71909	10.602	0.00791	0.01227	0.002	0.14	0.061	0.028																							
0.7358	7.3901	0.72668	10.602	0.00823	0.01227	0.002	0.14	0.066	0.028																							
0.74999	7.46137	0.73066	10.602	0.00873	0.01227	0.001	0.14	0.071	0.028																							
0.76445	7.53264	0.74832	10.602	0.0092	0.01228	0.001	0.14	0.078	0.028																							
0.77919	7.6039	0.71208	10.602	0.00979	0.01229	0.001	0.14	0.085	0.028																							
0.79423	7.67516	0.61553	10.602	0.01032	0.0123	0.001	0.14	0.094	0.028																							
0.80956	7.74642	0.75477	10.602	0.01101	0.01231	0.001	0.14	0.105	0.028																							
0.77767	7.5966	0.7294	10.602	0.00584	0.01227	0.001	0.14	0.084	0.061																							
0.79458	7.67683	0.61476	10.602	0.00612	0.01228	0.001	0.14	0.094	0.061																							
0.81188	7.75706	0.77073	10.602	0.00652	0.0123	0.001	0.14	0.107	0.061																							
0.82956	7.83729	0.84497	10.602	0.00702	0.01236	0.001	0.14	0.124	0.061																							
0.84764	7.91751	0.64653	10.602	0.00752	0.01247	0.001	0.14	0.146	0.061																							
0.86615	7.99773	0.73818	10.602	0.00817	0.01281	0.001	0.14	0.176	0.061																							
0.88509	8.07795	0.83228	10.602	0.00893	0.01371	0.001	0.14	0.222	0.061																							
0.90447	8.15816	0.9169	10.602	0.00999	0.01508	0.002	0.14	0.296	0.061																							
0.92432	8.23837	0.94317	10.602	0.01121	0.01707	0.002	0.14	0.437	0.061																							
0.22055	3.39386	0.87611	10.602	0.013	0.01888	0.102	0.14	0.011	1.011																							
0.22371	3.43136	0.85275	10.602	0.01311	0.01887	0.094	0.14	0.011	1.011																							
0.2269	3.46886	0.85116	10.602	0.0133	0.01887	0.086	0.14	0.011	1.011																							
0.2301	3.50636	0.86393	10.602	0.0134	0.01886	0.08	0.14	0.011	1.011																							
0.23332	3.54386	0.8663	10.602	0.01349	0.01885	0.073	0.14	0.011	1.011																							
0.23657	3.58136	0.89924	10.602	0.01363	0.01885	0.067	0.14	0.012	1.011																							
0.23983	3.61886	0.87236	10.602	0.01372	0.01885	0.062	0.14	0.012	1.011																							
0.24312	3.65637	0.84694	10.602	0.01384	0.01884	0.057	0.14	0.012	1.011																							
0.24643	3.69387	0.86041	10.602	0.01402	0.01884	0.052	0.14	0.012	1.011																							
0.24976	3.73137	0.88708	10.602	0.01422	0.01884	0.048	0.14	0.012	1.011																							
0.25312	3.76887	0.86861	10.602	0.01443	0.01883	0.044	0.14	0.012	1.011																							
0.25649	3.80637	0.86136	10.602	0.01468	0.01883	0.041	0.14	0.012	1.011																							
0.25989	3.84387	0.89093	10.602	0.01492	0.01883	0.037	0.14	0.012	1.011																							
0.26331	3.88137	0.85047	10.602	0.01517	0.01883	0.034	0.14	0.012	1.011																							
0.26676	3.91887	0.84224	10.602	0.01538	0.01883	0.032	0.14	0.013	1.011																							
0.27023	3.95637	0.86531	10.602	0.01545	0.01882	0.029	0.14	0.013	1.011																							
0.27372	3.99388	0.85517	10.602	0.01586	0.01882	0.027	0.14	0.013	1.011																							
0.27724	4.03138	0.87904	10.602	0.01607	0.01882	0.025	0.14	0.013	1.011																							
0.28078	4.06888	0.84942	10.602	0.01622	0.01882	0.023	0.14	0.013	1.011																							
0.28434	4.10638	0.8423	10.602	0.01654	0.01882	0.021	0.14	0.013	1.011																							
0.28793	4.14388	0.84867	10.602	0.01676	0.01882	0.019	0.14	0.013	1.011																							
0.29155	4.18138	0.84187	10.602	0.01715	0.01882	0.018	0.14	0.013	1.011																							
0.29519	4.21888	0.85125	10.602	0.01733	0.01882	0.016	0.14	0.014	1.011																							
0.29885	4.25638	0.84541	10.602	0.01781	0.01881	0.015	0.14	0.014	1.011																							
0.30254	4.29389	0.83063	10.602	0.01809	0.01881	0.014	0.14	0.014	1.011																							
0.30626	4.33139	0.84536	10.602	0.01858	0.01881	0.013	0.14	0.014	1.011																							
0.31	4.36889	0.83448	10.602	0.01884	0.01881	0.012	0.14	0.014	1.011																							
0.31377	4.40639	0.80184	10.602	0.01934	0.01881	0.011	0.14	0.014	1.011																							
0.31757	4.44389	0.82885	10.602	0.01975	0.01881	0.01	0.14	0.014	1.011																							
0.32139	4.48139	0.82039	10.602	0.02029	0.01881	0.009	0.14	0.015	1.011																							
0.32525	4.51889	0.83167	10.602	0.02049	0.01881	0.008	0.14	0.015	1.011																							
0.32912	4.55639	0.80491	10.602	0.02109	0.01881	0.008	0.14	0.015	1.011																							
0.28836	4.14833	0.85427	10.602	0.009	0.01342	0.019	0.14	0.013	0.386																							
0.29279	4.19417	0.84633	10.602	0.0091	0.01342	0.017	0.14	0.013	0.386																							
0.29725	4.24001	0.84959	10.602	0.00924	0.01342	0.015	0.14	0.014	0.386																							
0.30175	4.28585	0.85362	10.602	0.00934	0.01342	0.014	0.14	0.014	0.386																							
0.30629	4.33168	0.83955	10.602	0.00937	0.01341	0.013	0.14	0.014	0.386																							
0.31087	4.37752	0.84089	10.602	0.00948	0.01341	0.011	0.14	0.014	0.386																							
0.31549	4.42336	0.85695	10.602	0.00961	0.01341	0.01	0.14	0.014	0.386																							
0.32015	4.4692	0.84168	10.602	0.00967	0.01341	0.009	0.14	0.015	0.386																							
0.32485	4.51504	0.84013	10.602	0.00976	0.01341	0.008	0.14	0.015	0.386																							
0.32959	4.56087	0.83789	10.602	0.01	0.01341	0.008	0.14	0.015	0.386																							
0.33437	4.60671	0.8324	10.602	0.01016	0.01341	0.007	0.14	0.015	0.386																							
0.3392	4.65255	0.83084	10.602	0.01027	0.01341	0.006	0.14	0.015	0.386																							
0.34407	4.69839	0.82176	10.602	0.01048	0.01341	0.006	0.14	0.016	0.386																							
0.34898	4.74422	0.81929	10.602	0.0107	0.01341	0.005	0.14	0.016	0.386																							
0.35394	4.79006	0.83251	10.602	0.01087	0.01341	0.005	0.14	0.016	0.386																							
0.35894	4.8359	0.83119	10.602	0.01107	0.01341	0.004	0.14	0.016	0.386																							
0.36399	4.88174	0.83084	10.602	0.01125	0.01341	0.004	0.14	0.016	0.386																							
0.36908	4.92758	0.79677	10.602	0.01143	0.01341	0.003	0.14	0.017	0.386																							
0.37422	4.97341	0.82996	10.602	0.01166	0.01341	0.003	0.14	0.017	0.386																							
0.3794	5.01925	0.80366	10.602	0.01181	0.01341	0.003	0.14	0.017	0.386																							
0.38464	5.06509	0.80942	10.602	0.01205	0.01341	0.003	0.14	0.017	0.386																							
0.38992	5.11093	0.80162	10.602	0.0123	0.01341	0.002	0.14	0.018	0.386																							
0.39526	5.15677	0.81599	10.602	0.01265	0.01341	0.002	0.14	0.018	0.386																							
0.40064	5.2026	0.80899	10.602	0.013	0.01341	0.002	0.14	0.018	0.386																							
0.40607	5.24844	0.79688	10.602	0.01315	0.01341	0.002	0.14	0.019	0.386																							
0.41156	5.29428	0.80103	10.602	0.01351	0.01341	0.002	0.14	0.019	0.386																							
0.41709	5.34012	0.80257	10.602	0.01372	0.01341	0.001	0.14	0.019	0.386																							
0.42268	5.38596	0.78259	10.602	0.01403	0.01341	0.001	0.14	0.02	0.386																							
0.42833	5.43179	0.79216	10.602	0.01457	0.01341	0.001	0.14	0.02	0.386																							
0.43402	5.47763	0.7877	10.602	0.01492	0.01341	0.001	0.14	0.02	0.386																							
0.43978	5.52347	0.7782	10.602	0.01537	0.01341	0.001	0.14	0.021	0.386																							
0.44559	5.56931	0.78614	10.602	0.0158	0.01341	0.001	0.14	0.021	0.386																							
0.38041	5.02813	0.80687	10.602	0.00641	0.01291	0.003	0.14	0.017	0.287																							
0.38678	5.08369	0.80103	10.602	0.00651	0.01291	0.002	0.14	0.018	0.287																							
0.39321	5.13924	0.80338	10.602	0.00658	0.01291	0.002	0.14	0.018	0.287																							
0.39972	5.1948	0.79925	10.602	0.00668	0.01291	0.002	0.14	0.018	0.287																							
0.4063	5.25036	0.79701	10.602	0.00676	0.01291	0.002	0.14	0.019	0.287																							
0.41296	5.30592	0.79169	10.602	0.00685	0.01291	0.002	0.14	0.019	0.287																							
0.41969	5.36148	0.79358	10.602	0.00693	0.01291	0.001	0.14	0.019	0.287																							
0.42651	5.41704	0.79683	10.602	0.00706	0.01291	0.001	0.14	0.02	0.287																							
0.4334	5.4726	0.7924	10.602	0.0072	0.01291	0.001	0.14	0.02	0.287																							
0.44037	5.52816	0.78731	10.602	0.00736	0.01291	0.001	0.14	0.021	0.287																							
0.44743	5.58372	0.77927	10.602	0.00754	0.01291	0.001	0.14	0.021	0.287																							
0.45456	5.63928	0.78743	10.602	0.00768	0.01291	0.001	0.14	0.022	0.287																							
0.46179	5.69484	0.78735	10.602	0.00788	0.01291	0.001	0.14	0.022	0.287																							
0.4691	5.7504	0.77918	10.602	0.00808	0.01291	0.001	0.14	0.023	0.287																							
0.4765	5.80596	0.78235	10.602	0.00823	0.01291	0.001	0.14	0.023	0.287																							
0.48399	5.86152	0.77916	10.602	0.0084	0.01292	0.001	0.14	0.024	0.287																							
0.49158	5.91708	0.76265	10.602	0.00865	0.01291	0	0.14	0.024	0.287																							
0.49925	5.97264	0.76435	10.602	0.0089	0.01291	0	0.14	0.025	0.287																							
0.50702	6.0282	0.75769	10.602	0.00911	0.01292	0	0.14	0.025	0.287																							
0.51489	6.08375	0.77037	10.602	0.00934	0.01291	0	0.14	0.026	0.287																							
0.52286	6.13931	0.75663	10.602	0.00962	0.01291	0	0.14	0.027	0.287																							
0.53093	6.19487	0.75114	10.602	0.00996	0.01291	0	0.14	0.028	0.287																							
0.5391	6.25043	0.74812	10.602	0.01029	0.01291	0	0.14	0.028	0.287																							
0.54737	6.30599	0.75938	10.602	0.01062	0.01291	0	0.14	0.029	0.287																							
0.55576	6.36155	0.7285	10.602	0.01104	0.01291	0	0.14	0.03	0.287																							
0.56425	6.41711	0.74471	10.602	0.01144	0.01291	0	0.14	0.031	0.287																							
0.57285	6.47267	0.75311	10.602	0.0119	0.01291	0	0.14	0.032	0.287																							
0.58156	6.52823	0.73847	10.602	0.01226	0.01291	0	0.14	0.033	0.287																							
0.59039	6.58379	0.76354	10.602	0.01288	0.01291	0	0.14	0.034	0.287																							
0.59934	6.63935	0.74479	10.602	0.01335	0.01291	0	0.14	0.035	0.287																							
0.60841	6.69491	0.7355	10.602	0.01385	0.01291	0	0.14	0.037	0.287																							
0.6176	6.75047	0.74435	10.602	0.01457	0.01291	0	0.14	0.038	0.287																							
0.56323	6.41048	0.74851	10.602	0.00412	0.0134	0	0.14	0.031	0.389																							
0.5742	6.48131	0.74791	10.602	0.00421	0.0134	0	0.14	0.032	0.389																							
0.58535	6.55214	0.74411	10.602	0.00431	0.0134	0	0.14	0.034	0.389																							
0.59669	6.62298	0.74122	10.602	0.00442	0.0134	0	0.14	0.035	0.389																							
0.60823	6.69381	0.73844	10.602	0.00451	0.0134	0	0.14	0.037	0.389																							
0.61997	6.76465	0.73982	10.602	0.00465	0.0134	0	0.14	0.038	0.389																							
0.63191	6.83548	0.73629	10.602	0.00477	0.0134	0	0.14	0.04	0.389																							
0.64405	6.90632	0.73904	10.602	0.00494	0.0134	0	0.14	0.042	0.389																							
0.65642	6.97715	0.73094	10.602	0.00511	0.0134	0	0.14	0.045	0.389																							
0.669	7.04798	0.72536	10.602	0.00532	0.0134	0	0.14	0.047	0.389																							
0.68182	7.11882	0.72915	10.602	0.00559	0.0134	0	0.14	0.05	0.389																							
0.69486	7.18965	0.72447	10.602	0.00582	0.0134	0	0.14	0.053	0.389																							
0.70814	7.26048	0.72785	10.602	0.00612	0.01341	0	0.14	0.057	0.389																							
0.72167	7.33132	0.72573	10.602	0.00644	0.0134	0	0.14	0.061	0.389																							
0.73546	7.40215	0.72924	10.602	0.0068	0.0134	0	0.14	0.066	0.389																							
0.7495	7.47299	0.75176	10.602	0.0072	0.01341	0	0.14	0.071	0.389																							
0.76381	7.54382	0.75238	10.602	0.00764	0.01341	0	0.14	0.077	0.389																							
0.7784	7.61466	0.72943	10.602	0.0082	0.01343	0	0.14	0.085	0.389																							
0.79327	7.68549	0.6223	10.602	0.00875	0.01344	0	0.14	0.094	0.389																							
0.80843	7.75632	0.74347	10.602	0.00942	0.01346	0	0.14	0.104	0.389																							
0.82389	7.82716	0.85169	10.602	0.0102	0.01349	0	0.14	0.118	0.389																							
0.83966	7.89799	0.76842	10.602	0.01116	0.01358	0	0.14	0.135	0.389																							
0.85575	7.96883	0.58668	10.602	0.0122	0.01391	0	0.14	0.158	0.389																							
0.87216	8.03966	0.77791	10.602	0.01343	0.01479	0	0.14	0.189	0.389																							
0.88892	8.11049	0.85941	10.602	0.01506	0.01566	0	0.14	0.234	0.389																							
0.90603	8.18133	0.97039	10.602	0.01735	0.0155	0	0.14	0.304	0.389																							
0.92349	8.25216	0.98108	10.602	0.01977	0.017	0	0.14	0.429	0.389																							
0.28067	4.41233	0.86191	10.602	0.0111	0.01465	0.078	0.14	0.012	0.562																							
0.2846	4.46108	0.87529	10.602	0.0112	0.01464	0.071	0.14	0.012	0.562																							
0.28857	4.50984	0.8353	10.602	0.01131	0.01463	0.065	0.14	0.012	0.562																							
0.29255	4.55859	0.82885	10.602	0.01142	0.01463	0.059	0.14	0.012	0.562																							
0.29655	4.60735	0.84766	10.602	0.01148	0.01462	0.054	0.14	0.012	0.562																							
0.30058	4.6561	0.85547	10.602	0.01172	0.01462	0.049	0.14	0.012	0.562																							
0.30464	4.70486	0.83406	10.602	0.01182	0.01461	0.045	0.14	0.013	0.562																							
0.30872	4.75361	0.8377	10.602	0.01204	0.01461	0.041	0.14	0.013	0.562																							
0.31282	4.80237	0.86084	10.602	0.01217	0.01461	0.038	0.14	0.013	0.562																							
0.31695	4.85112	0.85805	10.602	0.01233	0.0146	0.034	0.14	0.013	0.562																							
0.3211	4.89988	0.83081	10.602	0.0126	0.0146	0.031	0.14	0.013	0.562																							
0.32528	4.94863	0.82796	10.602	0.0128	0.0146	0.029	0.14	0.013	0.562																							
0.32948	4.99739	0.83464	10.602	0.01301	0.0146	0.026	0.14	0.013	0.562																							
0.33371	5.04614	0.82784	10.602	0.01331	0.0146	0.024	0.14	0.014	0.562																							
0.33797	5.0949	0.82392	10.602	0.01344	0.01459	0.022	0.14	0.014	0.562																							
0.34225	5.14365	0.84528	10.602	0.01369	0.01459	0.02	0.14	0.014	0.562																							
0.34656	5.19241	0.82004	10.602	0.01383	0.01459	0.018	0.14	0.014	0.562																							
0.35089	5.24116	0.83985	10.602	0.01409	0.01459	0.017	0.14	0.014	0.562																							
0.35525	5.28992	0.85631	10.602	0.01456	0.01459	0.015	0.14	0.014	0.562																							
0.35964	5.33867	0.80936	10.602	0.01468	0.01459	0.014	0.14	0.015	0.562																							
0.36406	5.38743	0.84014	10.602	0.01509	0.01459	0.013	0.14	0.015	0.562																							
0.3685	5.43618	0.85056	10.602	0.01527	0.01459	0.012	0.14	0.015	0.562																							
0.37297	5.48494	0.82447	10.602	0.01558	0.01459	0.011	0.14	0.015	0.562																							
0.37747	5.53369	0.82406	10.602	0.01588	0.01459	0.01	0.14	0.015	0.562																							
0.382	5.58245	0.80069	10.602	0.01633	0.01459	0.009	0.14	0.015	0.562																							
0.38656	5.6312	0.8294	10.602	0.01671	0.01459	0.008	0.14	0.016	0.562																							
0.39114	5.67996	0.80561	10.602	0.01698	0.01459	0.007	0.14	0.016	0.562																							
0.39576	5.72871	0.82541	10.602	0.01749	0.01459	0.007	0.14	0.016	0.562																							
0.4004	5.77747	0.8066	10.602	0.01804	0.01459	0.006	0.14	0.016	0.562																							
0.40507	5.82622	0.80285	10.602	0.01829	0.01459	0.006	0.14	0.016	0.562																							
0.40978	5.87498	0.77612	10.602	0.0186	0.01459	0.005	0.14	0.017	0.562																							
0.41451	5.92373	0.7856	10.602	0.01959	0.01459	0.005	0.14	0.017	0.562																							
0.35559	5.29371	0.83178	10.602	0.00793	0.01327	0.015	0.14	0.014	0.362																							
0.36087	5.35221	0.81617	10.602	0.00804	0.01327	0.013	0.14	0.015	0.362																							
0.36618	5.4107	0.81566	10.602	0.00817	0.01327	0.012	0.14	0.015	0.362																							
0.37153	5.4692	0.80976	10.602	0.00826	0.01327	0.011	0.14	0.015	0.362																							
0.37692	5.52769	0.82441	10.602	0.00839	0.01327	0.01	0.14	0.015	0.362																							
0.38235	5.58619	0.79798	10.602	0.00846	0.01327	0.009	0.14	0.015	0.362																							
0.38782	5.64468	0.80146	10.602	0.0086	0.01326	0.008	0.14	0.016	0.362																							
0.39333	5.70317	0.80759	10.602	0.00871	0.01326	0.007	0.14	0.016	0.362																							
0.39889	5.76167	0.81038	10.602	0.00886	0.01326	0.006	0.14	0.016	0.362																							
0.40449	5.82016	0.80709	10.602	0.00905	0.01326	0.006	0.14	0.016	0.362																							
0.41013	5.87866	0.80669	10.602	0.0092	0.01326	0.005	0.14	0.017	0.362																							
0.41582	5.93715	0.80285	10.602	0.00943	0.01326	0.005	0.14	0.017	0.362																							
0.42155	5.99564	0.7931	10.602	0.00961	0.01326	0.004	0.14	0.017	0.362																							
0.42733	6.05414	0.78913	10.602	0.0099	0.01326	0.004	0.14	0.017	0.362																							
0.43315	6.11263	0.79978	10.602	0.01006	0.01326	0.003	0.14	0.018	0.362																							
0.43901	6.17113	0.80619	10.602	0.01033	0.01326	0.003	0.14	0.018	0.362																							
0.44493	6.22962	0.79329	10.602	0.01045	0.01326	0.003	0.14	0.018	0.362																							
0.45088	6.28811	0.76385	10.602	0.01064	0.01326	0.003	0.14	0.019	0.362																							
0.45689	6.34661	0.78921	10.602	0.01092	0.01326	0.002	0.14	0.019	0.362																							
0.46295	6.4051	0.76646	10.602	0.01129	0.01326	0.002	0.14	0.019	0.362																							
0.46905	6.4636	0.78062	10.602	0.01149	0.01326	0.002	0.14	0.02	0.362																							
0.4752	6.52209	0.77071	10.602	0.0118	0.01326	0.002	0.14	0.02	0.362																							
0.48141	6.58058	0.78811	10.602	0.0121	0.01326	0.002	0.14	0.02	0.362																							
0.48766	6.63908	0.77365	10.602	0.01253	0.01326	0.001	0.14	0.021	0.362																							
0.49397	6.69757	0.77641	10.602	0.01286	0.01326	0.001	0.14	0.021	0.362																							
0.50032	6.75607	0.76535	10.602	0.0133	0.01326	0.001	0.14	0.022	0.362																							
0.50673	6.81456	0.77233	10.602	0.01372	0.01326	0.001	0.14	0.022	0.362																							
0.51319	6.87305	0.76626	10.602	0.01413	0.01326	0.001	0.14	0.022	0.362																							
0.51971	6.93155	0.7678	10.602	0.01458	0.01326	0.001	0.14	0.023	0.362																							
0.52628	6.99004	0.77315	10.602	0.0149	0.01326	0.001	0.14	0.023	0.362																							
0.5329	7.04854	0.74578	10.602	0.01559	0.01326	0.001	0.14	0.024	0.362																							
0.53958	7.10703	0.76149	10.602	0.0161	0.01326	0.001	0.14	0.024	0.362																							
0.43959	6.1769	0.79122	10.602	0.00552	0.01312	0.003	0.14	0.018	0.332																							
0.4465	6.24515	0.78824	10.602	0.00559	0.01313	0.003	0.14	0.018	0.332																							
0.45348	6.3134	0.78974	10.602	0.0057	0.01313	0.002	0.14	0.019	0.332																							
0.46052	6.38166	0.79046	10.602	0.00579	0.01313	0.002	0.14	0.019	0.332																							
0.46762	6.44991	0.77921	10.602	0.00587	0.01312	0.002	0.14	0.02	0.332																							
0.47479	6.51816	0.77995	10.602	0.00597	0.01313	0.002	0.14	0.02	0.332																							
0.48203	6.58642	0.77575	10.602	0.00609	0.01313	0.002	0.14	0.02	0.332																							
0.48934	6.65467	0.77058	10.602	0.00619	0.01313	0.001	0.14	0.021	0.332																							
0.49671	6.72292	0.7776	10.602	0.00633	0.01313	0.001	0.14	0.021	0.332																							
0.50416	6.79118	0.77429	10.602	0.0065	0.01313	0.001	0.14	0.022	0.332																							
0.51168	6.85943	0.77279	10.602	0.00667	0.01312	0.001	0.14	0.022	0.332																							
0.51927	6.92768	0.7641	10.602	0.00681	0.01312	0.001	0.14	0.023	0.332																							
0.52694	6.99593	0.77141	10.602	0.00705	0.01312	0.001	0.14	0.023	0.332																							
0.53468	7.06419	0.76284	10.602	0.00724	0.01312	0.001	0.14	0.024	0.332																							
0.5425	7.13244	0.75879	10.602	0.00745	0.01312	0.001	0.14	0.025	0.332																							
0.55039	7.20069	0.76832	10.602	0.00765	0.01312	0.001	0.14	0.025	0.332																							
0.55837	7.26895	0.74606	10.602	0.00785	0.01312	0.001	0.14	0.026	0.332																							
0.56642	7.3372	0.74333	10.602	0.00811	0.01312	0	0.14	0.027	0.332																							
0.57455	7.40545	0.74267	10.602	0.00836	0.01312	0	0.14	0.028	0.332																							
0.58277	7.47371	0.74534	10.602	0.00868	0.01312	0	0.14	0.028	0.332																							
0.59107	7.54196	0.74994	10.602	0.00897	0.01312	0	0.14	0.029	0.332																							
0.59945	7.61021	0.74626	10.602	0.00935	0.01312	0	0.14	0.03	0.332																							
0.60792	7.67846	0.74769	10.602	0.0097	0.01312	0	0.14	0.031	0.332																							
0.61647	7.74672	0.7393	10.602	0.01007	0.01312	0	0.14	0.032	0.332																							
0.62511	7.81497	0.73664	10.602	0.01047	0.01312	0	0.14	0.033	0.332																							
0.63385	7.88322	0.73055	10.602	0.01089	0.01312	0	0.14	0.034	0.332																							
0.64267	7.95148	0.74404	10.602	0.01147	0.01312	0	0.14	0.036	0.332																							
0.65159	8.01973	0.73641	10.602	0.01203	0.01312	0	0.14	0.037	0.332																							
0.6606	8.08798	0.74059	10.602	0.01255	0.01312	0	0.14	0.038	0.332																							
0.66971	8.15624	0.71247	10.602	0.01311	0.01312	0	0.14	0.04	0.332																							
0.67891	8.22449	0.74376	10.602	0.01391	0.01312	0	0.14	0.041	0.332																							
0.68822	8.29274	0.72552	10.602	0.01462	0.01312	0	0.14	0.043	0.332																							
0.61862	7.76376	0.73633	10.602	0.00491	0.01299	0	0.14	0.032	0.308																							
0.62953	7.84954	0.7392	10.602	0.00505	0.01299	0	0.14	0.034	0.308																							
0.64058	7.93533	0.73085	10.602	0.00522	0.01299	0	0.14	0.035	0.308																							
0.65177	8.02112	0.73263	10.602	0.00539	0.01299	0	0.14	0.037	0.308																							
0.66312	8.1069	0.73713	10.602	0.00558	0.01299	0	0.14	0.039	0.308																							
0.67461	8.19269	0.72669	10.602	0.00578	0.01299	0	0.14	0.041	0.308																							
0.68626	8.27848	0.72887	10.602	0.00601	0.01299	0	0.14	0.043	0.308																							
0.69807	8.36427	0.73233	10.602	0.00627	0.01299	0	0.14	0.045	0.308																							
0.71004	8.45005	0.72975	10.602	0.00657	0.01299	0	0.14	0.048	0.308																							
0.72217	8.53584	0.72624	10.602	0.00696	0.013	0	0.14	0.051	0.308																							
0.73447	8.62163	0.72527	10.602	0.00734	0.013	0	0.14	0.054	0.308																							
0.74695	8.70742	0.7364	10.602	0.00777	0.013	0	0.14	0.058	0.308																							
0.7596	8.7932	0.72971	10.602	0.00827	0.01301	0	0.14	0.062	0.308																							
0.77242	8.87899	0.74053	10.602	0.00883	0.01302	0	0.14	0.067	0.308																							
0.78543	8.96478	0.75198	10.602	0.00947	0.01302	0	0.14	0.073	0.308																							
0.79863	9.05057	0.76201	10.602	0.01014	0.01305	0	0.14	0.079	0.308																							
0.81201	9.13635	0.71239	10.602	0.0109	0.01308	0	0.14	0.087	0.308																							
0.82559	9.22214	0.65689	10.602	0.01179	0.01311	0	0.14	0.097	0.308																							
0.83937	9.30793	0.82307	10.602	0.0128	0.01317	0	0.14	0.109	0.308																							
0.85335	9.39372	0.87947	10.602	0.01406	0.01329	0	0.14	0.124	0.308																							
0.86754	9.4795	0.70859	10.602	0.01541	0.01351	0	0.14	0.143	0.308																							
0.88194	9.56529	0.71141	10.602	0.01713	0.01415	0	0.14	0.168	0.308																							
0.89656	9.65108	0.8795	10.602	0.01918	0.01541	0	0.14	0.204	0.308																							
0.9114	9.73686	1.048	10.602	0.02175	0.01614	0	0.14	0.258	0.308																							
0.92647	9.82265	1.14178	10.602	0.02441	0.0165	0	0.14	0.347	0.308																							
0.94177	9.90844	0.97225	10.602	0.02836	0.01934	0	0.14	0.517	0.308																							
0.28551	4.727	0.86413	10.602	0.01155	0.0151	0.222	0.14	0.011	0.593																							
0.28931	4.77924	0.85189	10.602	0.01176	0.01506	0.205	0.14	0.011	0.593																							
0.29313	4.83147	0.8557	10.602	0.01187	0.01503	0.189	0.14	0.011	0.593																							
0.29696	4.8837	0.84477	10.602	0.01203	0.01501	0.174	0.14	0.012	0.593																							
0.30081	4.93593	0.84274	10.602	0.01219	0.01499	0.16	0.14	0.012	0.593																							
0.30468	4.98817	0.85199	10.602	0.0124	0.01497	0.148	0.14	0.012	0.593																							
0.30856	5.0404	0.86377	10.602	0.0125	0.01495	0.136	0.14	0.012	0.593																							
0.31247	5.09263	0.82874	10.602	0.01275	0.01493	0.125	0.14	0.012	0.593																							
0.31639	5.14486	0.84673	10.602	0.01293	0.01492	0.115	0.14	0.012	0.593																							
0.32033	5.19709	0.8313	10.602	0.01315	0.01491	0.106	0.14	0.012	0.593																							
0.32428	5.24933	0.83105	10.602	0.01348	0.0149	0.097	0.14	0.012	0.593																							
0.32826	5.30156	0.82452	10.602	0.01355	0.01489	0.09	0.14	0.012	0.593																							
0.33225	5.35379	0.82797	10.602	0.01392	0.01488	0.082	0.14	0.013	0.593																							
0.33626	5.40602	0.8232	10.602	0.0142	0.01488	0.076	0.14	0.013	0.593																							
0.34029	5.45825	0.82647	10.602	0.01443	0.01487	0.07	0.14	0.013	0.593																							
0.34434	5.51049	0.81266	10.602	0.01465	0.01487	0.064	0.14	0.013	0.593																							
0.34841	5.56272	0.82764	10.602	0.01503	0.01486	0.059	0.14	0.013	0.593																							
0.3525	5.61495	0.83001	10.602	0.01534	0.01486	0.054	0.14	0.013	0.593																							
0.3566	5.66718	0.82862	10.602	0.01556	0.01486	0.05	0.14	0.013	0.593																							
0.36072	5.71941	0.83321	10.602	0.01576	0.01485	0.046	0.14	0.013	0.593																							
0.36487	5.77165	0.83183	10.602	0.01614	0.01485	0.042	0.14	0.014	0.593																							
0.36903	5.82388	0.8386	10.602	0.01658	0.01485	0.039	0.14	0.014	0.593																							
0.37321	5.87611	0.78364	10.602	0.01689	0.01485	0.036	0.14	0.014	0.593																							
0.37741	5.92834	0.81652	10.602	0.01722	0.01484	0.033	0.14	0.014	0.593																							
0.38164	5.98057	0.79646	10.602	0.01763	0.01484	0.03	0.14	0.014	0.593																							
0.38588	6.03281	0.7927	10.602	0.01817	0.01484	0.028	0.14	0.014	0.593																							
0.39014	6.08504	0.76641	10.602	0.01861	0.01484	0.026	0.14	0.014	0.593																							
0.39442	6.13727	0.82827	10.602	0.01906	0.01484	0.024	0.14	0.015	0.593																							
0.39872	6.1895	0.80055	10.602	0.0194	0.01484	0.022	0.14	0.015	0.593																							
0.40304	6.24173	0.79969	10.602	0.01987	0.01484	0.02	0.14	0.015	0.593																							
0.40739	6.29397	0.80737	10.602	0.02055	0.01483	0.019	0.14	0.015	0.593																							
0.41175	6.3462	0.80975	10.602	0.021	0.01483	0.017	0.14	0.015	0.593																							
0.35697	5.67192	0.81216	10.602	0.00867	0.01319	0.05	0.14	0.013	0.335																							
0.36193	5.7346	0.82697	10.602	0.00881	0.01319	0.045	0.14	0.014	0.335																							
0.36691	5.79727	0.83002	10.602	0.0089	0.01318	0.041	0.14	0.014	0.335																							
0.37192	5.85994	0.82123	10.602	0.00904	0.01318	0.037	0.14	0.014	0.335																							
0.37695	5.92262	0.83091	10.602	0.00918	0.01318	0.033	0.14	0.014	0.335																							
0.38202	5.98529	0.82355	10.602	0.00931	0.01318	0.03	0.14	0.014	0.335																							
0.38711	6.04796	0.78719	10.602	0.00941	0.01317	0.027	0.14	0.014	0.335																							
0.39224	6.11064	0.81676	10.602	0.00958	0.01317	0.025	0.14	0.015	0.335																							
0.39739	6.17331	0.80398	10.602	0.00975	0.01317	0.023	0.14	0.015	0.335																							
0.40257	6.23598	0.81802	10.602	0.00999	0.01317	0.02	0.14	0.015	0.335																							
0.40778	6.29866	0.80198	10.602	0.01016	0.01317	0.019	0.14	0.015	0.335																							
0.41302	6.36133	0.80143	10.602	0.01033	0.01316	0.017	0.14	0.015	0.335																							
0.41829	6.424	0.80743	10.602	0.01061	0.01316	0.015	0.14	0.016	0.335																							
0.42359	6.48668	0.80764	10.602	0.01084	0.01316	0.014	0.14	0.016	0.335																							
0.42893	6.54935	0.79208	10.602	0.01106	0.01316	0.013	0.14	0.016	0.335																							
0.43429	6.61202	0.79189	10.602	0.01123	0.01316	0.011	0.14	0.016	0.335																							
0.43968	6.6747	0.79077	10.602	0.0115	0.01316	0.01	0.14	0.017	0.335																							
0.44511	6.73737	0.77849	10.602	0.01167	0.01316	0.009	0.14	0.017	0.335																							
0.45057	6.80004	0.79898	10.602	0.01209	0.01316	0.009	0.14	0.017	0.335																							
0.45606	6.86272	0.80519	10.602	0.01234	0.01316	0.008	0.14	0.017	0.335																							
0.46158	6.92539	0.78699	10.602	0.01263	0.01316	0.007	0.14	0.018	0.335																							
0.46714	6.98806	0.79472	10.602	0.01291	0.01316	0.006	0.14	0.018	0.335																							
0.47273	7.05073	0.79614	10.602	0.01324	0.01316	0.006	0.14	0.018	0.335																							
0.47835	7.11341	0.77785	10.602	0.01362	0.01316	0.005	0.14	0.018	0.335																							
0.484	7.17608	0.76573	10.602	0.01401	0.01316	0.005	0.14	0.019	0.335																							
0.48969	7.23875	0.77736	10.602	0.01446	0.01316	0.004	0.14	0.019	0.335																							
0.49542	7.30143	0.76114	10.602	0.01497	0.01316	0.004	0.14	0.019	0.335																							
0.50118	7.3641	0.77614	10.602	0.01536	0.01316	0.004	0.14	0.02	0.335																							
0.50697	7.42677	0.75673	10.602	0.01586	0.01315	0.003	0.14	0.02	0.335																							
0.5128	7.48945	0.76376	10.602	0.01623	0.01315	0.003	0.14	0.02	0.335																							
0.51866	7.55212	0.75083	10.602	0.01686	0.01316	0.003	0.14	0.021	0.335																							
0.52456	7.61479	0.74346	10.602	0.01753	0.01315	0.003	0.14	0.021	0.335																							
0.47629	7.09051	0.77781	10.602	0.00521	0.01326	0.006	0.14	0.018	0.359																							
0.48335	7.16885	0.77381	10.602	0.00529	0.01326	0.005	0.14	0.019	0.359																							
0.49046	7.2472	0.77364	10.602	0.0054	0.01326	0.004	0.14	0.019	0.359																							
0.49763	7.32555	0.76892	10.602	0.00548	0.01326	0.004	0.14	0.019	0.359																							
0.50485	7.4039	0.76725	10.602	0.00557	0.01326	0.004	0.14	0.02	0.359																							
0.51212	7.48225	0.77462	10.602	0.00569	0.01326	0.003	0.14	0.02	0.359																							
0.51945	7.5606	0.76734	10.602	0.00579	0.01326	0.003	0.14	0.021	0.359																							
0.52684	7.63894	0.76585	10.602	0.00593	0.01326	0.003	0.14	0.021	0.359																							
0.53428	7.71729	0.76268	10.602	0.00607	0.01326	0.002	0.14	0.022	0.359																							
0.54178	7.79564	0.76098	10.602	0.00624	0.01326	0.002	0.14	0.022	0.359																							
0.54934	7.87399	0.74972	10.602	0.00641	0.01326	0.002	0.14	0.023	0.359																							
0.55696	7.95234	0.75336	10.602	0.00659	0.01326	0.002	0.14	0.023	0.359																							
0.56463	8.03068	0.75559	10.602	0.00679	0.01326	0.001	0.14	0.024	0.359																							
0.57237	8.10903	0.76254	10.602	0.00701	0.01326	0.001	0.14	0.025	0.359																							
0.58017	8.18738	0.74826	10.602	0.00722	0.01326	0.001	0.14	0.025	0.359																							
0.58802	8.26573	0.74389	10.602	0.00742	0.01326	0.001	0.14	0.026	0.359																							
0.59594	8.34408	0.74964	10.602	0.00769	0.01325	0.001	0.14	0.027	0.359																							
0.60393	8.42243	0.74027	10.602	0.00795	0.01325	0.001	0.14	0.027	0.359																							
0.61197	8.50077	0.74304	10.602	0.00824	0.01325	0.001	0.14	0.028	0.359																							
0.62008	8.57912	0.74841	10.602	0.00856	0.01325	0.001	0.14	0.029	0.359																							
0.62826	8.65747	0.73273	10.602	0.00889	0.01325	0.001	0.14	0.03	0.359																							
0.6365	8.73582	0.73481	10.602	0.00919	0.01325	0.001	0.14	0.031	0.359																							
0.64481	8.81417	0.7546	10.602	0.00962	0.01325	0.001	0.14	0.032	0.359																							
0.65318	8.89251	0.73145	10.602	0.01008	0.01325	0.001	0.14	0.033	0.359																							
0.66163	8.97086	0.73659	10.602	0.01057	0.01325	0	0.14	0.034	0.359																							
0.67014	9.04921	0.71603	10.602	0.01104	0.01325	0	0.14	0.035	0.359																							
0.67873	9.12756	0.71819	10.602	0.0115	0.01325	0	0.14	0.037	0.359																							
0.68738	9.20591	0.73253	10.602	0.01214	0.01326	0	0.14	0.038	0.359																							
0.69611	9.28425	0.72153	10.602	0.01282	0.01326	0	0.14	0.039	0.359																							
0.70491	9.3626	0.73907	10.602	0.01345	0.01326	0	0.14	0.041	0.359																							
0.71378	9.44095	0.72824	10.602	0.01419	0.01326	0	0.14	0.043	0.359																							
0.72272	9.5193	0.74028	10.602	0.01525	0.01326	0	0.14	0.045	0.359																							
0.63744	8.74472	0.73472	10.602	0.00637	0.01311	0.001	0.14	0.031	0.325																							
0.6477	8.84135	0.73845	10.602	0.00663	0.01311	0.001	0.14	0.032	0.325																							
0.65807	8.93797	0.72478	10.602	0.00687	0.01311	0	0.14	0.034	0.325																							
0.66855	9.0346	0.74475	10.602	0.00714	0.01311	0	0.14	0.035	0.325																							
0.67913	9.13122	0.72645	10.602	0.00744	0.01311	0	0.14	0.037	0.325																							
0.68982	9.22785	0.72478	10.602	0.00773	0.01311	0	0.14	0.038	0.325																							
0.70061	9.32448	0.73369	10.602	0.00812	0.01311	0	0.14	0.04	0.325																							
0.71152	9.42111	0.72394	10.602	0.00851	0.01311	0	0.14	0.042	0.325																							
0.72254	9.51773	0.72204	10.602	0.00891	0.01311	0	0.14	0.045	0.325																							
0.73368	9.61436	0.72527	10.602	0.00949	0.01312	0	0.14	0.047	0.325																							
0.74494	9.71099	0.72447	10.602	0.01009	0.01312	0	0.14	0.05	0.325																							
0.75631	9.80761	0.74147	10.602	0.01069	0.01312	0	0.14	0.053	0.325																							
0.7678	9.90424	0.72669	10.602	0.01141	0.01312	0	0.14	0.057	0.325																							
0.77941  1	0.00086	0.75012	10.602	0.01219	0.01314	0	0.14	0.061	0.325																							
0.79115  1	0.09749	0.75456	10.602	0.01315	0.01316	0	0.14	0.066	0.325																							
0.80302  1	0.19412	0.77056	10.602	0.01397	0.01318	0	0.14	0.071	0.325																							
0.81501  1	0.29075	0.79295	10.602	0.01505	0.01321	0	0.14	0.077	0.325																							
0.82713  1	0.38737	0.73977	10.602	0.01634	0.01328	0	0.14	0.085	0.325																							
0.83939  1	0.484	0.64702	10.602	0.01782	0.01334	0	0.14	0.093	0.325																							
0.85178  1	0.58063	0.76628	10.602	0.01942	0.0134	0	0.14	0.104	0.325																							
0.86431  1	0.67725	0.86917	10.602	0.02137	0.01353	0	0.14	0.118	0.325																							
0.87698  1	0.77388	0.85028	10.602	0.02389	0.01385	0	0.14	0.135	0.325																							
0.88979  1	0.87051	0.65306	10.602	0.02591	0.01459	0	0.14	0.157	0.325																							
0.90274  1	0.96713	0.89425	10.602	0.02961	0.01584	0	0.14	0.188	0.325																							
0.91583  1	1.06376	1.05775	10.602	0.03436	0.01698	0	0.14	0.233	0.325																							
0.30072	5.13463	0.82385	10.602	0.01056	0.01529	0.448	0.14	0.011	0.538																							
0.3046	5.19137	0.83303	10.602	0.0107	0.01519	0.416	0.14	0.011	0.538																							
0.3085	5.24811	0.82443	10.602	0.01087	0.01509	0.387	0.14	0.011	0.538																							
0.3124	5.30484	0.81708	10.602	0.011	0.01501	0.359	0.14	0.011	0.538																							
0.31633	5.36158	0.81723	10.602	0.0112	0.01493	0.333	0.14	0.012	0.538																							
0.32026	5.41832	0.84446	10.602	0.01143	0.01487	0.309	0.14	0.012	0.538																							
0.32421	5.47505	0.83851	10.602	0.01157	0.01481	0.286	0.14	0.012	0.538																							
0.32818	5.53179	0.84308	10.602	0.01185	0.01476	0.265	0.14	0.012	0.538																							
0.33216	5.58853	0.81679	10.602	0.01202	0.01472	0.246	0.14	0.012	0.538																							
0.33615	5.64526	0.83086	10.602	0.01236	0.01468	0.228	0.14	0.012	0.538																							
0.34016	5.702	0.81255	10.602	0.01258	0.01465	0.211	0.14	0.012	0.538																							
0.34419	5.75873	0.82434	10.602	0.01267	0.01462	0.195	0.14	0.012	0.538																							
0.34823	5.81547	0.83074	10.602	0.01302	0.0146	0.181	0.14	0.012	0.538																							
0.35228	5.87221	0.82993	10.602	0.01336	0.01457	0.167	0.14	0.013	0.538																							
0.35635	5.92894	0.8152	10.602	0.01357	0.01455	0.155	0.14	0.013	0.538																							
0.36044	5.98568	0.83586	10.602	0.01388	0.01454	0.143	0.14	0.013	0.538																							
0.36454	6.04242	0.82441	10.602	0.01406	0.01452	0.133	0.14	0.013	0.538																							
0.36865	6.09915	0.8139	10.602	0.01448	0.01451	0.123	0.14	0.013	0.538																							
0.37278	6.15589	0.8101	10.602	0.01477	0.0145	0.113	0.14	0.013	0.538																							
0.37693	6.21263	0.82529	10.602	0.01501	0.01449	0.105	0.14	0.013	0.538																							
0.3811	6.26936	0.81075	10.602	0.01534	0.01448	0.097	0.14	0.013	0.538																							
0.38527	6.3261	0.80727	10.602	0.01578	0.01447	0.09	0.14	0.014	0.538																							
0.38947	6.38283	0.81485	10.602	0.01629	0.01446	0.083	0.14	0.014	0.538																							
0.39368	6.43957	0.79565	10.602	0.01645	0.01446	0.077	0.14	0.014	0.538																							
0.39791	6.49631	0.80157	10.602	0.0168	0.01445	0.071	0.14	0.014	0.538																							
0.40215	6.55304	0.8105	10.602	0.01723	0.01444	0.066	0.14	0.014	0.538																							
0.40641	6.60978	0.80476	10.602	0.01786	0.01444	0.061	0.14	0.014	0.538																							
0.41068	6.66652	0.81935	10.602	0.01814	0.01444	0.057	0.14	0.014	0.538																							
0.41498	6.72325	0.7984	10.602	0.01866	0.01443	0.052	0.14	0.015	0.538																							
0.41928	6.77999	0.80152	10.602	0.01916	0.01443	0.048	0.14	0.015	0.538																							
0.42361	6.83672	0.78624	10.602	0.01967	0.01443	0.045	0.14	0.015	0.538																							
0.42795	6.89346	0.78317	10.602	0.0204	0.01442	0.042	0.14	0.015	0.538																							
0.38929	6.38043	0.80631	10.602	0.00861	0.0134	0.084	0.14	0.014	0.374																							
0.39452	6.45093	0.79948	10.602	0.00878	0.01339	0.076	0.14	0.014	0.374																							
0.39978	6.52143	0.7979	10.602	0.00893	0.01338	0.069	0.14	0.014	0.374																							
0.40507	6.59193	0.78582	10.602	0.00906	0.01337	0.063	0.14	0.014	0.374																							
0.41038	6.66243	0.7901	10.602	0.00913	0.01337	0.057	0.14	0.014	0.374																							
0.41571	6.73293	0.78798	10.602	0.00927	0.01336	0.052	0.14	0.015	0.374																							
0.42107	6.80344	0.78242	10.602	0.00949	0.01336	0.047	0.14	0.015	0.374																							
0.42646	6.87394	0.78221	10.602	0.00962	0.01336	0.043	0.14	0.015	0.374																							
0.43187	6.94444	0.80078	10.602	0.00986	0.01335	0.039	0.14	0.015	0.374																							
0.4373	7.01494	0.77892	10.602	0.01001	0.01335	0.035	0.14	0.015	0.374																							
0.44277	7.08544	0.788	10.602	0.0103	0.01335	0.032	0.14	0.016	0.374																							
0.44826	7.15595	0.78809	10.602	0.01051	0.01334	0.029	0.14	0.016	0.374																							
0.45378	7.22645	0.78298	10.602	0.01073	0.01334	0.027	0.14	0.016	0.374																							
0.45932	7.29695	0.80572	10.602	0.01106	0.01334	0.024	0.14	0.016	0.374																							
0.46489	7.36745	0.77426	10.602	0.0113	0.01334	0.022	0.14	0.017	0.374																							
0.47049	7.43795	0.7667	10.602	0.01159	0.01334	0.02	0.14	0.017	0.374																							
0.47612	7.50846	0.78366	10.602	0.01188	0.01334	0.018	0.14	0.017	0.374																							
0.48177	7.57896	0.76343	10.602	0.01216	0.01333	0.017	0.14	0.017	0.374																							
0.48745	7.64946	0.75851	10.602	0.01244	0.01333	0.015	0.14	0.018	0.374																							
0.49316	7.71996	0.75703	10.602	0.0128	0.01333	0.014	0.14	0.018	0.374																							
0.4989	7.79046	0.75058	10.602	0.01305	0.01333	0.013	0.14	0.018	0.374																							
0.50467	7.86097	0.73873	10.602	0.01345	0.01333	0.012	0.14	0.018	0.374																							
0.51046	7.93147	0.75238	10.602	0.01396	0.01333	0.011	0.14	0.019	0.374																							
0.51629	8.00197	0.74658	10.602	0.01435	0.01333	0.01	0.14	0.019	0.374																							
0.52214	8.07247	0.75915	10.602	0.01483	0.01333	0.009	0.14	0.019	0.374																							
0.52802	8.14297	0.74438	10.602	0.0152	0.01333	0.008	0.14	0.02	0.374																							
0.53394	8.21348	0.73749	10.602	0.01572	0.01333	0.007	0.14	0.02	0.374																							
0.53988	8.28398	0.7438	10.602	0.01619	0.01333	0.007	0.14	0.02	0.374																							
0.54585	8.35448	0.74619	10.602	0.01685	0.01333	0.006	0.14	0.021	0.374																							
0.55185	8.42498	0.73065	10.602	0.01737	0.01333	0.006	0.14	0.021	0.374																							
0.55789	8.49548	0.75125	10.602	0.01824	0.01333	0.005	0.14	0.022	0.374																							
0.56395	8.56599	0.74615	10.602	0.01867	0.01333	0.005	0.14	0.022	0.374																							
0.50798	7.90134	0.766	10.602	0.005	0.01242	0.011	0.14	0.019	0.151																							
0.51519	7.98865	0.76219	10.602	0.0051	0.01242	0.01	0.14	0.019	0.151																							
0.52243	8.07596	0.7612	10.602	0.0052	0.01242	0.009	0.14	0.019	0.151																							
0.52972	8.16326	0.76778	10.602	0.00531	0.01242	0.008	0.14	0.02	0.151																							
0.53706	8.25057	0.75552	10.602	0.00541	0.01242	0.007	0.14	0.02	0.151																							
0.54444	8.33788	0.75835	10.602	0.00553	0.01242	0.006	0.14	0.021	0.151																							
0.55187	8.42519	0.75867	10.602	0.00564	0.01242	0.006	0.14	0.021	0.151																							
0.55935	8.51249	0.74436	10.602	0.00578	0.01242	0.005	0.14	0.022	0.151																							
0.56687	8.5998	0.74521	10.602	0.00592	0.01242	0.005	0.14	0.022	0.151																							
0.57444	8.68711	0.74517	10.602	0.0061	0.01242	0.004	0.14	0.023	0.151																							
0.58206	8.77442	0.7433	10.602	0.0063	0.01241	0.004	0.14	0.023	0.151																							
0.58973	8.86172	0.74645	10.602	0.0065	0.01241	0.003	0.14	0.024	0.151																							
0.59745	8.94903	0.74024	10.602	0.0067	0.01241	0.003	0.14	0.025	0.151																							
0.60521	9.03634	0.73886	10.602	0.00691	0.01241	0.003	0.14	0.025	0.151																							
0.61303	9.12365	0.73892	10.602	0.00715	0.01241	0.003	0.14	0.026	0.151																							
0.6209	9.21096	0.73715	10.602	0.00742	0.01241	0.002	0.14	0.027	0.151																							
0.62882	9.29826	0.73637	10.602	0.00767	0.01241	0.002	0.14	0.028	0.151																							
0.63679	9.38557	0.73156	10.602	0.00795	0.01241	0.002	0.14	0.028	0.151																							
0.64481	9.47288	0.73732	10.602	0.00831	0.01241	0.002	0.14	0.029	0.151																							
0.65288	9.56019	0.73594	10.602	0.00864	0.01241	0.002	0.14	0.03	0.151																							
0.66101	9.64749	0.73169	10.602	0.009	0.01241	0.001	0.14	0.031	0.151																							
0.66919	9.7348	0.72522	10.602	0.0094	0.01241	0.001	0.14	0.032	0.151																							
0.67743	9.82211	0.72313	10.602	0.00983	0.01241	0.001	0.14	0.033	0.151																							
0.68572	9.90942	0.72054	10.602	0.0103	0.01241	0.001	0.14	0.034	0.151																							
0.69406	9.99672	0.7187	10.602	0.01078	0.01241	0.001	0.14	0.036	0.151																							
0.70246  1	0.08403	0.71324	10.602	0.01135	0.01242	0.001	0.14	0.037	0.151																							
0.71092  1	0.17134	0.71964	10.602	0.0119	0.01242	0.001	0.14	0.038	0.151																							
0.71944  1	0.25865	0.72992	10.602	0.01264	0.01242	0.001	0.14	0.04	0.151																							
0.72801  1	0.34595	0.72675	10.602	0.01331	0.01242	0.001	0.14	0.042	0.151																							
0.73664  1	0.43326	0.72156	10.602	0.01417	0.01243	0.001	0.14	0.044	0.151																							
0.74533  1	0.52057	0.70995	10.602	0.01497	0.01243	0.001	0.14	0.046	0.151																							
0.75407  1	0.60788	0.73418	10.602	0.01607	0.01243	0.001	0.14	0.048	0.151																							
0.66829	9.7252	0.73996	10.602	0.00695	0.01253	0.001	0.14	0.032	0.196																							
0.67843	9.83266	0.7261	10.602	0.00723	0.01253	0.001	0.14	0.033	0.196																							
0.68865	9.94012	0.72338	10.602	0.00753	0.01253	0.001	0.14	0.035	0.196																							
0.69895  1	0.04759	0.72288	10.602	0.00789	0.01254	0.001	0.14	0.036	0.196																							
0.70934  1	0.15505	0.73063	10.602	0.00824	0.01254	0.001	0.14	0.038	0.196																							
0.71981  1	0.26251	0.72703	10.602	0.00866	0.01254	0.001	0.14	0.04	0.196																							
0.73037  1	0.36997	0.7205	10.602	0.00909	0.01254	0.001	0.14	0.042	0.196																							
0.74103  1	0.47743	0.73964	10.602	0.00961	0.01254	0.001	0.14	0.045	0.196																							
0.75176  1	0.58489	0.72571	10.602	0.01018	0.01255	0.001	0.14	0.047	0.196																							
0.76259  1	0.69235	0.74703	10.602	0.01084	0.01255	0.001	0.14	0.05	0.196																							
0.77351  1	0.79981	0.72709	10.602	0.01158	0.01256	0.001	0.14	0.053	0.196																							
0.78453  1	0.90727	0.73207	10.602	0.01228	0.01256	0.001	0.14	0.057	0.196																							
0.79564  1	1.01473	0.72289	10.602	0.01323	0.01258	0.001	0.14	0.061	0.196																							
0.80684  1	1.12219	0.74324	10.602	0.01423	0.01262	0	0.14	0.066	0.196																							
0.81814  1	1.22965	0.77559	10.602	0.01538	0.01266	0	0.14	0.071	0.196																							
0.82954  1	1.33711	0.78254	10.602	0.01662	0.0127	0	0.14	0.077	0.196																							
0.84103  1	1.44458	0.75694	10.602	0.01809	0.0128	0	0.14	0.085	0.196																							
0.85263  1	1.55204	0.65075	10.602	0.0197	0.01291	0	0.14	0.094	0.196																							
0.86433  1	1.6595	0.81433	10.602	0.02148	0.01303	0	0.14	0.105	0.196																							
0.87613  1	1.76696	0.92729	10.602	0.02346	0.01324	0	0.14	0.119	0.196																							
0.88803  1	1.87442	0.86538	10.602	0.02675	0.0137	0	0.14	0.136	0.196																							
0.90004  1	1.98188	0.70287	10.602	0.02905	0.01472	0	0.14	0.16	0.196																							
0.91216  1	2.08934	0.95716	10.602	0.03313	0.01625	0.001	0.14	0.192	0.196																							
0.30797	5.45861	0.8033	10.602	0.00976	0.01966	1.283	0.28	0.011	0.47																							
0.31179	5.51893	0.81185	10.602	0.01003	0.01922	1.219	0.28	0.011	0.47																							
0.31563	5.57925	0.81633	10.602	0.0103	0.01881	1.157	0.28	0.011	0.47																							
0.31947	5.63956	0.81352	10.602	0.01054	0.01841	1.097	0.28	0.011	0.47																							
0.32333	5.69988	0.80314	10.602	0.0108	0.01805	1.039	0.28	0.011	0.47																							
0.32719	5.76019	0.80193	10.602	0.01107	0.0177	0.984	0.28	0.011	0.47																							
0.33107	5.82051	0.79562	10.602	0.01134	0.01738	0.93	0.28	0.011	0.47																							
0.33496	5.88083	0.80347	10.602	0.01163	0.01708	0.879	0.28	0.011	0.47																							
0.33886	5.94114	0.79644	10.602	0.01192	0.01681	0.829	0.28	0.012	0.47																							
0.34277	6.00146	0.80408	10.602	0.01224	0.01656	0.782	0.28	0.012	0.47																							
0.34669	6.06178	0.8157	10.602	0.01262	0.01633	0.737	0.28	0.012	0.47																							
0.35062	6.12209	0.80581	10.602	0.01288	0.01612	0.694	0.28	0.012	0.47																							
0.35456	6.18241	0.82489	10.602	0.01315	0.01592	0.653	0.28	0.012	0.47																							
0.35851	6.24272	0.79569	10.602	0.01359	0.01574	0.615	0.28	0.012	0.47																							
0.36247	6.30304	0.79922	10.602	0.01393	0.01558	0.578	0.28	0.012	0.47																							
0.36645	6.36336	0.8117	10.602	0.01427	0.01544	0.543	0.28	0.012	0.47																							
0.37043	6.42367	0.82474	10.602	0.01461	0.01531	0.51	0.28	0.012	0.47																							
0.37443	6.48399	0.8072	10.602	0.01495	0.01519	0.479	0.28	0.012	0.47																							
0.37844	6.54431	0.7931	10.602	0.0155	0.01508	0.45	0.28	0.013	0.47																							
0.38245	6.60462	0.80816	10.602	0.01587	0.01498	0.422	0.28	0.013	0.47																							
0.38648	6.66494	0.77515	10.602	0.01644	0.01489	0.396	0.28	0.013	0.47																							
0.39052	6.72525	0.77969	10.602	0.01682	0.01481	0.371	0.28	0.013	0.47																							
0.39458	6.78557	0.77657	10.602	0.0173	0.01474	0.348	0.28	0.013	0.47																							
0.39864	6.84589	0.76479	10.602	0.0177	0.01467	0.326	0.28	0.013	0.47																							
0.40271	6.9062	0.78348	10.602	0.01816	0.01462	0.305	0.28	0.013	0.47																							
0.4068	6.96652	0.79182	10.602	0.01871	0.01456	0.286	0.28	0.013	0.47																							
0.4109	7.02683	0.81433	10.602	0.01911	0.01452	0.268	0.28	0.014	0.47																							
0.41501	7.08715	0.78735	10.602	0.01986	0.01448	0.251	0.28	0.014	0.47																							
0.41913	7.14747	0.78764	10.602	0.0204	0.01444	0.235	0.28	0.014	0.47																							
0.42326	7.20778	0.79748	10.602	0.02086	0.0144	0.22	0.28	0.014	0.47																							
0.4274	7.2681	0.74969	10.602	0.02206	0.01438	0.205	0.28	0.014	0.47																							
0.43156	7.32842	0.7942	10.602	0.02241	0.01435	0.192	0.28	0.014	0.47																							
0.39008	6.71862	0.80442	10.602	0.00927	0.01365	0.374	0.28	0.013	0.233																							
0.39507	6.79286	0.80547	10.602	0.00942	0.01356	0.345	0.28	0.013	0.233																							
0.40007	6.8671	0.80137	10.602	0.00961	0.01347	0.318	0.28	0.013	0.233																							
0.40509	6.94134	0.79979	10.602	0.0098	0.0134	0.294	0.28	0.013	0.233																							
0.41013	7.01558	0.80189	10.602	0.00998	0.01333	0.271	0.28	0.014	0.233																							
0.41519	7.08982	0.78875	10.602	0.0102	0.01327	0.25	0.28	0.014	0.233																							
0.42026	7.16406	0.78271	10.602	0.01037	0.01322	0.23	0.28	0.014	0.233																							
0.42535	7.2383	0.80242	10.602	0.01058	0.01318	0.212	0.28	0.014	0.233																							
0.43046	7.31253	0.78801	10.602	0.01081	0.01314	0.196	0.28	0.014	0.233																							
0.43559	7.38677	0.79409	10.602	0.01114	0.01311	0.18	0.28	0.014	0.233																							
0.44073	7.46101	0.79489	10.602	0.01139	0.01308	0.166	0.28	0.015	0.233																							
0.4459	7.53525	0.79367	10.602	0.01167	0.01306	0.153	0.28	0.015	0.233																							
0.45108	7.60949	0.79389	10.602	0.01194	0.01304	0.141	0.28	0.015	0.233																							
0.45628	7.68373	0.78002	10.602	0.01217	0.01302	0.13	0.28	0.015	0.233																							
0.4615	7.75797	0.7886	10.602	0.01257	0.013	0.12	0.28	0.015	0.233																							
0.46673	7.83221	0.79115	10.602	0.01284	0.01299	0.111	0.28	0.016	0.233																							
0.47199	7.90645	0.79006	10.602	0.01319	0.01298	0.102	0.28	0.016	0.233																							
0.47726	7.98069	0.76763	10.602	0.01367	0.01296	0.094	0.28	0.016	0.233																							
0.48255	8.05492	0.75784	10.602	0.01387	0.01296	0.087	0.28	0.016	0.233																							
0.48786	8.12916	0.77222	10.602	0.01424	0.01295	0.08	0.28	0.016	0.233																							
0.49319	8.2034	0.78173	10.602	0.01474	0.01294	0.074	0.28	0.017	0.233																							
0.49854	8.27764	0.76877	10.602	0.0151	0.01293	0.068	0.28	0.017	0.233																							
0.5039	8.35188	0.77531	10.602	0.01565	0.01293	0.063	0.28	0.017	0.233																							
0.50929	8.42612	0.75092	10.602	0.01615	0.01292	0.058	0.28	0.017	0.233																							
0.5147	8.50036	0.76453	10.602	0.01651	0.01292	0.054	0.28	0.018	0.233																							
0.52012	8.5746	0.77841	10.602	0.01714	0.01291	0.05	0.28	0.018	0.233																							
0.52556	8.64883	0.76334	10.602	0.01779	0.01291	0.046	0.28	0.018	0.233																							
0.53103	8.72307	0.78687	10.602	0.01815	0.01291	0.042	0.28	0.019	0.233																							
0.53651	8.79731	0.75452	10.602	0.01881	0.0129	0.039	0.28	0.019	0.233																							
0.54202	8.87155	0.76577	10.602	0.01947	0.0129	0.036	0.28	0.019	0.233																							
0.54754	8.94579	0.76078	10.602	0.02044	0.0129	0.034	0.28	0.019	0.233																							
0.55308	9.02003	0.75294	10.602	0.02096	0.0129	0.031	0.28	0.02	0.233																							
0.50719	8.39721	0.77018	10.602	0.00541	0.01265	0.06	0.28	0.017	0.137																							
0.51394	8.49	0.76875	10.602	0.00552	0.01264	0.054	0.28	0.018	0.137																							
0.52072	8.58278	0.76641	10.602	0.00563	0.01264	0.049	0.28	0.018	0.137																							
0.52753	8.67557	0.75953	10.602	0.00577	0.01264	0.045	0.28	0.018	0.137																							
0.53437	8.76836	0.76499	10.602	0.00586	0.01263	0.041	0.28	0.019	0.137																							
0.54124	8.86115	0.76041	10.602	0.00599	0.01263	0.037	0.28	0.019	0.137																							
0.54814	8.95393	0.75696	10.602	0.00613	0.01262	0.033	0.28	0.019	0.137																							
0.55508	9.04672	0.7527	10.602	0.00629	0.01262	0.03	0.28	0.02	0.137																							
0.56204	9.13951	0.76063	10.602	0.00645	0.01262	0.028	0.28	0.02	0.137																							
0.56904	9.23229	0.74194	10.602	0.00665	0.01262	0.025	0.28	0.021	0.137																							
0.57607	9.32508	0.74333	10.602	0.00686	0.01262	0.023	0.28	0.021	0.137																							
0.58313	9.41787	0.74343	10.602	0.00704	0.01262	0.021	0.28	0.022	0.137																							
0.59022	9.51065	0.74378	10.602	0.00727	0.01261	0.019	0.28	0.022	0.137																							
0.59735	9.60344	0.75069	10.602	0.00753	0.01261	0.018	0.28	0.023	0.137																							
0.60451	9.69623	0.7492	10.602	0.00777	0.01261	0.016	0.28	0.023	0.137																							
0.6117	9.78901	0.73125	10.602	0.00804	0.01261	0.015	0.28	0.024	0.137																							
0.61893	9.8818	0.74857	10.602	0.00834	0.01261	0.014	0.28	0.024	0.137																							
0.62618	9.97459	0.73341	10.602	0.00863	0.01261	0.012	0.28	0.025	0.137																							
0.63348  1	0.06737	0.73059	10.602	0.00894	0.01261	0.011	0.28	0.026	0.137																							
0.64080  1	0.16016	0.73607	10.602	0.00927	0.01261	0.011	0.28	0.026	0.137																							
0.64816  1	0.25295	0.7254	10.602	0.00971	0.01261	0.01	0.28	0.027	0.137																							
0.65556  1	0.34574	0.73098	10.602	0.0101	0.01261	0.009	0.28	0.028	0.137																							
0.66299  1	0.43852	0.74011	10.602	0.01047	0.01261	0.008	0.28	0.029	0.137																							
0.67045  1	0.53131	0.73332	10.602	0.01095	0.01261	0.008	0.28	0.029	0.137																							
0.67795  1	0.6241	0.71992	10.602	0.01146	0.01261	0.007	0.28	0.03	0.137																							
0.68549  1	0.71688	0.72823	10.602	0.01211	0.01261	0.007	0.28	0.031	0.137																							
0.69306  1	0.80967	0.71453	10.602	0.01265	0.01261	0.006	0.28	0.032	0.137																							
0.70066  1	0.90245	0.74047	10.602	0.01328	0.01261	0.006	0.28	0.033	0.137																							
0.70830  1	0.99524	0.74915	10.602	0.01408	0.01261	0.005	0.28	0.035	0.137																							
0.71598  1	1.08803	0.71292	10.602	0.01474	0.01261	0.005	0.28	0.036	0.137																							
0.72370  1	1.18082	0.7287	10.602	0.01557	0.01262	0.005	0.28	0.037	0.137																							
0.73145  1	1.2736	0.72868	10.602	0.01655	0.01262	0.004	0.28	0.038	0.137																							
0.66782  1	0.49865	0.72887	10.602	0.00691	0.01256	0.008	0.28	0.029	0.11																							
0.67719  1	0.61466	0.7299	10.602	0.00718	0.01256	0.007	0.28	0.03	0.11																							
0.68661  1	0.73066	0.73458	10.602	0.00745	0.01256	0.007	0.28	0.031	0.11																							
0.69608  1	0.84667	0.72164	10.602	0.00779	0.01256	0.006	0.28	0.033	0.11																							
0.70562  1	0.96268	0.7207	10.602	0.00813	0.01256	0.006	0.28	0.034	0.11																							
0.71521  1	1.07868	0.72028	10.602	0.00849	0.01256	0.005	0.28	0.036	0.11																							
0.72486  1	1.19469	0.72381	10.602	0.0089	0.01256	0.005	0.28	0.037	0.11																							
0.73456  1	1.3107	0.7162	10.602	0.0093	0.01257	0.004	0.28	0.039	0.11																							
0.74433  1	1.42671	0.73442	10.602	0.00984	0.01257	0.004	0.28	0.041	0.11																							
0.75415  1	1.54271	0.73911	10.602	0.01048	0.01257	0.004	0.28	0.043	0.11																							
0.76403  1	1.65872	0.74209	10.602	0.01123	0.01258	0.004	0.28	0.045	0.11																							
0.77397  1	1.77473	0.73751	10.602	0.0118	0.01259	0.003	0.28	0.048	0.11																							
0.78397  1	1.89073	0.72846	10.602	0.01264	0.0126	0.003	0.28	0.051	0.11																							
0.79404  1	2.00674	0.7152	10.602	0.01347	0.0126	0.003	0.28	0.054	0.11																							
0.80416  1	2.12275	0.74666	10.602	0.01446	0.01261	0.003	0.28	0.058	0.11																							
0.81435  1	2.23876	0.76021	10.602	0.01592	0.01264	0.003	0.28	0.062	0.11																							
0.82460  1	2.35476	0.77763	10.602	0.01687	0.01271	0.003	0.28	0.067	0.11																							
0.83491  1	2.47077	0.78016	10.602	0.01828	0.01276	0.003	0.28	0.072	0.11																							
0.84529  1	2.58678	0.77843	10.602	0.01978	0.01283	0.002	0.28	0.079	0.11																							
0.85573  1	2.70278	0.74251	10.602	0.02175	0.01296	0.002	0.28	0.086	0.11																							
0.86624  1	2.81879	0.6889	10.602	0.0238	0.01311	0.002	0.28	0.095	0.11																							
0.87681  1	2.9348	0.82556	10.602	0.02619	0.01329	0.002	0.28	0.106	0.11																							
0.88745  1	3.05081	0.9973	10.602	0.02916	0.01364	0.003	0.28	0.12	0.11																							
0.89815  1	3.16681	0.90121	10.602	0.0327	0.01445	0.003	0.28	0.137	0.11																							
0.90893  1	3.28282	0.75293	10.602	0.03645	0.0161	0.002	0.28	0.16	0.11																							
0.91977  1	3.39883	1.00096	10.602	0.04086	0.01752	0.003	0.28	0.191	0.11																							