e140x,f2,p target
converted from 10035.xlsx
*
 0.0173  0
x   Q2        F2  Ebeam      stat   sys_tot  dummy  dummy
0.10  0.5  0.280446   3.30  0.009917  0.003935    0.0    0.0
0.10  0.5  0.284935   4.00  0.005869  0.004020    0.0    0.0
0.10  0.5  0.282107   4.95  0.003485  0.004028    0.0    0.0
0.10  1.0  0.333812   6.45  0.008096  0.004800    0.0    0.0
0.10  1.0  0.333089   6.90  0.008107  0.004689    0.0    0.0
0.10  1.0  0.339748   7.99  0.004697  0.004813    0.0    0.0
0.35  3.0  0.276933   5.60  0.005979  0.003904    0.0    0.0
0.35  3.0  0.270881   6.45  0.004028  0.003833    0.0    0.0
0.35  3.0  0.274458   7.99  0.002602  0.003903    0.0    0.0
0.35  3.0  0.274883   9.75  0.002256  0.003941    0.0    0.0
0.50  3.6  0.169646   4.95  0.003637  0.002486    0.0    0.0
0.50  3.6  0.168875   5.60  0.002450  0.002426    0.0    0.0
0.50  3.6  0.172244   6.45  0.001708  0.002537    0.0    0.0
0.50  3.6  0.166650   6.90  0.002134  0.002427    0.0    0.0
0.50  3.6  0.171787   9.75  0.001177  0.002532    0.0    0.0