e140x,f2,d target
converted from 10036.xlsx
*
 0.0173  1
x   Q2        F2  Ebeam      stat   sys_tot     sys_u  dr
0.10  0.5  0.268242   3.30  0.009352  0.005672  0.001843   2
0.10  0.5  0.266631   4.00  0.005382  0.005654  0.001878   2
0.10  0.5  0.264236   4.95  0.003214  0.005631  0.001944   2
0.10  1.0  0.318733   6.45  0.007583  0.006817  0.002417   2
0.10  1.0  0.319970   6.90  0.007711  0.006779  0.002235   2
0.10  1.0  0.318850   7.99  0.004335  0.006776  0.002290   2
0.35  3.0  0.222759   5.60  0.005106  0.004728  0.001584   2
0.35  3.0  0.219190   6.45  0.003200  0.004660  0.001579   2
0.35  3.0  0.224224   7.99  0.002067  0.004777  0.001645   2
0.35  3.0  0.224267   9.75  0.001743  0.004795  0.001694   2
0.50  3.6  0.129673   4.95  0.002677  0.002803  0.001063   2
0.50  3.6  0.129921   5.60  0.001841  0.002783  0.000996   2
0.50  3.6  0.130638   6.45  0.001287  0.002833  0.001095   2
0.50  3.6  0.132630   6.90  0.001609  0.002848  0.001037   2
0.50  3.6  0.131246   9.75  0.000945  0.002850  0.001110   2
0.50  3.6  0.128143   4.95  0.002314  0.002771  0.001054   2
0.50  3.6  0.129246   5.60  0.001765  0.002769  0.000993   2
0.50  3.6  0.131815   6.45  0.001385  0.002857  0.001101   2
0.50  3.6  0.132150   7.99  0.001191  0.003014  0.001449   2