e140x,f2,p target
converted from 10035.xlsx
*
 0.0173  1
x   Q2        F2  Ebeam      stat   sys_tot     sys_u  dr
0.10  0.5  0.280446   3.30  0.009917  0.006564  0.002804   2
0.10  0.5  0.284935   4.00  0.005869  0.006683  0.002849   2
0.10  0.5  0.282107   4.95  0.003485  0.006645  0.002821   2
0.10  1.0  0.333812   6.45  0.008096  0.007884  0.003338   2
0.10  1.0  0.333089   6.90  0.008107  0.007806  0.003331   2
0.10  1.0  0.339748   7.99  0.004697  0.007980  0.003397   2
0.35  3.0  0.276933   5.60  0.005979  0.006493  0.002769   2
0.35  3.0  0.270881   6.45  0.004028  0.006360  0.002709   2
0.35  3.0  0.274458   7.99  0.002602  0.006456  0.002745   2
0.35  3.0  0.274883   9.75  0.002256  0.006485  0.002749   2
0.50  3.6  0.169646   4.95  0.003637  0.004035  0.001696   2
0.50  3.6  0.168875   5.60  0.002450  0.003987  0.001689   2
0.50  3.6  0.172244   6.45  0.001708  0.004105  0.001722   2
0.50  3.6  0.166650   6.90  0.002134  0.003954  0.001666   2
0.50  3.6  0.171787   9.75  0.001177  0.004095  0.001718   2