e665,F2,p target
converted from 10062.xlsx
*
 0.0180  0
x      Q2     F2  Ebeam     stat  sys_tot  dummy  dummy
0.00089   0.229  0.140    0.0  0.02268  0.01498    0.0    0.0
0.00089   0.313  0.179    0.0  0.01378  0.00949    0.0    0.0
0.00089   0.428  0.271    0.0  0.01328  0.02412    0.0    0.0
0.00089   0.585  0.367    0.0  0.02386  0.02826    0.0    0.0
0.00124   0.229  0.124    0.0  0.02220  0.05146    0.0    0.0
0.00124   0.313  0.187    0.0  0.00972  0.00991    0.0    0.0
0.00124   0.428  0.228    0.0  0.00889  0.01208    0.0    0.0
0.00124   0.585  0.301    0.0  0.01114  0.01385    0.0    0.0
0.00124   0.800  0.341    0.0  0.01671  0.01876    0.0    0.0
0.00175   0.229  0.088    0.0  0.01918  0.05368    0.0    0.0
0.00175   0.313  0.187    0.0  0.01496  0.01683    0.0    0.0
0.00175   0.428  0.232    0.0  0.01137  0.00951    0.0    0.0
0.00175   0.585  0.245    0.0  0.01201  0.01274    0.0    0.0
0.00175   0.800  0.320    0.0  0.01536  0.01536    0.0    0.0
0.00246   0.313  0.149    0.0  0.01207  0.01550    0.0    0.0
0.00246   0.428  0.204    0.0  0.00938  0.00877    0.0    0.0
0.00246   0.585  0.262    0.0  0.00917  0.00812    0.0    0.0
0.00246   0.800  0.306    0.0  0.01193  0.00979    0.0    0.0
0.00246   1.094  0.357    0.0  0.01606  0.01178    0.0    0.0
0.00246   1.496  0.434    0.0  0.02387  0.02127    0.0    0.0
0.00370   0.428  0.194    0.0  0.01048  0.00970    0.0    0.0
0.00370   0.585  0.245    0.0  0.00907  0.00833    0.0    0.0
0.00370   0.800  0.291    0.0  0.00960  0.00931    0.0    0.0
0.00370   1.094  0.317    0.0  0.01395  0.00919    0.0    0.0
0.00370   1.496  0.382    0.0  0.01795  0.01070    0.0    0.0
0.00370   2.046  0.445    0.0  0.02759  0.01691    0.0    0.0
0.00520   0.428  0.178    0.0  0.01157  0.01477    0.0    0.0
0.00520   0.585  0.238    0.0  0.01000  0.01190    0.0    0.0
0.00520   0.800  0.270    0.0  0.01080  0.00999    0.0    0.0
0.00520   1.094  0.299    0.0  0.01375  0.01106    0.0    0.0
0.00520   1.496  0.337    0.0  0.01921  0.00741    0.0    0.0
0.00520   2.046  0.365    0.0  0.02446  0.00986    0.0    0.0
0.00520   2.799  0.441    0.0  0.03263  0.01764    0.0    0.0
0.00693   0.800  0.272    0.0  0.01088  0.00925    0.0    0.0
0.00693   1.094  0.301    0.0  0.01565  0.01204    0.0    0.0
0.00693   1.496  0.329    0.0  0.01777  0.01283    0.0    0.0
0.00693   2.046  0.390    0.0  0.02184  0.01443    0.0    0.0
0.00693   2.799  0.412    0.0  0.02472  0.01277    0.0    0.0
0.00693   3.828  0.482    0.0  0.03422  0.02169    0.0    0.0
0.00893   0.800  0.262    0.0  0.01205  0.01389    0.0    0.0
0.00893   1.094  0.281    0.0  0.01461  0.00983    0.0    0.0
0.00893   1.496  0.327    0.0  0.01995  0.01014    0.0    0.0
0.00893   2.046  0.422    0.0  0.02532  0.01139    0.0    0.0
0.00893   2.799  0.400    0.0  0.02880  0.01960    0.0    0.0
0.00893   3.828  0.490    0.0  0.03332  0.01715    0.0    0.0
0.01225   1.496  0.313    0.0  0.01471  0.01690    0.0    0.0
0.01225   2.046  0.374    0.0  0.01758  0.01047    0.0    0.0
0.01225   2.799  0.377    0.0  0.02262  0.00829    0.0    0.0
0.01225   3.828  0.408    0.0  0.02326  0.01061    0.0    0.0
0.01225   5.236  0.403    0.0  0.02740  0.01451    0.0    0.0
0.01225   7.161  0.421    0.0  0.04463  0.01600    0.0    0.0
0.01730   1.496  0.336    0.0  0.01680  0.01075    0.0    0.0
0.01730   2.046  0.340    0.0  0.01938  0.00952    0.0    0.0
0.01730   2.799  0.361    0.0  0.02563  0.01841    0.0    0.0
0.01730   3.828  0.398    0.0  0.02667  0.00876    0.0    0.0
0.01730   5.236  0.437    0.0  0.02928  0.00743    0.0    0.0
0.01730   7.161  0.435    0.0  0.03523  0.01435    0.0    0.0
0.01730   9.795  0.499    0.0  0.04591  0.02245    0.0    0.0
0.02449   2.799  0.347    0.0  0.01978  0.01423    0.0    0.0
0.02449   3.828  0.320    0.0  0.02336  0.00640    0.0    0.0
0.02449   5.236  0.394    0.0  0.02640  0.00670    0.0    0.0
0.02449   7.161  0.450    0.0  0.02475  0.01395    0.0    0.0
0.02449   9.795  0.409    0.0  0.03517  0.01431    0.0    0.0
0.02449  13.397  0.521    0.0  0.05002  0.03074    0.0    0.0
0.03459   3.828  0.336    0.0  0.02554  0.01982    0.0    0.0
0.03459   5.236  0.434    0.0  0.02778  0.01996    0.0    0.0
0.03459   7.161  0.411    0.0  0.03041  0.00945    0.0    0.0
0.03459   9.795  0.456    0.0  0.03785  0.01094    0.0    0.0
0.03459  13.397  0.464    0.0  0.04594  0.01114    0.0    0.0
0.04898   5.236  0.383    0.0  0.02298  0.00843    0.0    0.0
0.04898   7.161  0.350    0.0  0.02275  0.00700    0.0    0.0
0.04898   9.795  0.430    0.0  0.02838  0.01462    0.0    0.0
0.04898  13.397  0.415    0.0  0.02988  0.00913    0.0    0.0
0.04898  18.323  0.470    0.0  0.04653  0.01457    0.0    0.0
0.04898  25.061  0.448    0.0  0.08333  0.02778    0.0    0.0
0.06918   9.795  0.362    0.0  0.03837  0.00615    0.0    0.0
0.06918  13.397  0.390    0.0  0.03432  0.01209    0.0    0.0
0.06918  18.323  0.378    0.0  0.04536  0.01512    0.0    0.0
0.06918  25.061  0.451    0.0  0.05953  0.01218    0.0    0.0
0.06918  34.277  0.183    0.0  0.14054  0.01189    0.0    0.0
0.09795   9.795  0.367    0.0  0.02606  0.01688    0.0    0.0
0.09795  13.397  0.454    0.0  0.02906  0.00953    0.0    0.0
0.09795  18.323  0.307    0.0  0.03930  0.01228    0.0    0.0
0.09795  25.061  0.394    0.0  0.04295  0.01694    0.0    0.0
0.09795  34.277  0.265    0.0  0.08056  0.00954    0.0    0.0
0.17298  18.323  0.302    0.0  0.02476  0.01087    0.0    0.0
0.17298  25.061  0.271    0.0  0.02900  0.00759    0.0    0.0
0.17298  34.277  0.304    0.0  0.04043  0.00882    0.0    0.0
0.17298  46.881  0.313    0.0  0.06729  0.01972    0.0    0.0
0.38726  46.881  0.205    0.0  0.04858  0.00820    0.0    0.0
0.38726  64.269  0.191    0.0  0.06494  0.02196    0.0    0.0