e94110,F2,p target
converted from 10043.xlsx
total uncertainty (stat and syst) is provided in column sys_tot. 
 0.0190  0
x     Q2        F2  Ebeam  stat   sys_tot  dummy  dummy
0.790805  1.297  0.007602    0.0   0.0  0.001751    0.0    0.0
0.766109  1.291  0.025463    0.0   0.0  0.003098    0.0    0.0
0.742927  1.284  0.051740    0.0   0.0  0.005402    0.0    0.0
0.721439  1.278  0.113498    0.0   0.0  0.007840    0.0    0.0
0.700422  1.271  0.144582    0.0   0.0  0.008154    0.0    0.0
0.680920  1.265  0.177173    0.0   0.0  0.007301    0.0    0.0
0.661125  1.258  0.168663    0.0   0.0  0.006337    0.0    0.0
0.643378  1.252  0.145498    0.0   0.0  0.005467    0.0    0.0
0.625899  1.245  0.130243    0.0   0.0  0.004814    0.0    0.0
0.609654  1.239  0.118117    0.0   0.0  0.004369    0.0    0.0
0.593604  1.232  0.114020    0.0   0.0  0.004210    0.0    0.0
0.578679  1.226  0.115349    0.0   0.0  0.004283    0.0    0.0
0.563398  1.219  0.119720    0.0   0.0  0.004493    0.0    0.0
0.549660  1.213  0.126828    0.0   0.0  0.004801    0.0    0.0
0.536005  1.206  0.132451    0.0   0.0  0.005081    0.0    0.0
0.523300  1.200  0.138745    0.0   0.0  0.005448    0.0    0.0
0.510637  1.193  0.146764    0.0   0.0  0.005858    0.0    0.0
0.498460  1.187  0.163050    0.0   0.0  0.006624    0.0    0.0
0.486699  1.180  0.193594    0.0   0.0  0.008001    0.0    0.0
0.475755  1.174  0.238857    0.0   0.0  0.009890    0.0    0.0
0.464789  1.167  0.270743    0.0   0.0  0.012468    0.0    0.0
0.454585  1.161  0.295469    0.0   0.0  0.010846    0.0    0.0
0.444335  1.154  0.268718    0.0   0.0  0.009855    0.0    0.0
0.434490  1.148  0.236832    0.0   0.0  0.008686    0.0    0.0
0.424900  1.141  0.217733    0.0   0.0  0.007949    0.0    0.0
0.415980  1.135  0.212716    0.0   0.0  0.007783    0.0    0.0
0.406977  1.128  0.211974    0.0   0.0  0.007846    0.0    0.0
0.398605  1.122  0.224379    0.0   0.0  0.008376    0.0    0.0
0.389880  1.115  0.233070    0.0   0.0  0.008887    0.0    0.0
0.382017  1.109  0.249930    0.0   0.0  0.009752    0.0    0.0
0.374044  1.102  0.282265    0.0   0.0  0.011190    0.0    0.0
0.366636  1.096  0.309350    0.0   0.0  0.012299    0.0    0.0
0.359110  1.089  0.345762    0.0   0.0  0.010427    0.0    0.0
0.352120  1.083  0.346459    0.0   0.0  0.010028    0.0    0.0
0.344795  1.076  0.326348    0.0   0.0  0.009360    0.0    0.0
0.338195  1.070  0.311484    0.0   0.0  0.008921    0.0    0.0
0.328221  1.060  0.287587    0.0   0.0  0.008515    0.0    0.0
0.315756  1.047  0.281035    0.0   0.0  0.008420    0.0    0.0
0.303923  1.034  0.289062    0.0   0.0  0.006535    0.0    0.0
0.292519  1.021  0.297001    0.0   0.0  0.006772    0.0    0.0
0.281824  1.008  0.299778    0.0   0.0  0.006904    0.0    0.0
0.271634  0.995  0.311014    0.0   0.0  0.007089    0.0    0.0
0.261782  0.982  0.318274    0.0   0.0  0.007167    0.0    0.0
0.252506  0.969  0.320846    0.0   0.0  0.007179    0.0    0.0
0.243638  0.956  0.321102    0.0   0.0  0.007176    0.0    0.0
0.677194  1.666  0.083727    0.0   0.0  0.003169    0.0    0.0
0.662420  1.657  0.084810    0.0   0.0  0.003209    0.0    0.0
0.648518  1.649  0.085786    0.0   0.0  0.003281    0.0    0.0
0.634674  1.640  0.089120    0.0   0.0  0.003464    0.0    0.0
0.621265  1.631  0.100237    0.0   0.0  0.003889    0.0    0.0
0.608272  1.622  0.102783    0.0   0.0  0.004054    0.0    0.0
0.596044  1.614  0.108832    0.0   0.0  0.004343    0.0    0.0
0.583819  1.605  0.117876    0.0   0.0  0.004755    0.0    0.0
0.571956  1.596  0.132109    0.0   0.0  0.005419    0.0    0.0
0.560439  1.587  0.154598    0.0   0.0  0.006496    0.0    0.0
0.549601  1.579  0.185849    0.0   0.0  0.007899    0.0    0.0
0.538727  1.570  0.221803    0.0   0.0  0.009998    0.0    0.0
0.528157  1.561  0.223827    0.0   0.0  0.008234    0.0    0.0
0.517878  1.552  0.216211    0.0   0.0  0.007898    0.0    0.0
0.508208  1.544  0.195025    0.0   0.0  0.005623    0.0    0.0
0.498472  1.535  0.179760    0.0   0.0  0.005134    0.0    0.0
0.488994  1.526  0.172286    0.0   0.0  0.004978    0.0    0.0
0.479763  1.517  0.176271    0.0   0.0  0.005188    0.0    0.0
0.471082  1.509  0.179178    0.0   0.0  0.005428    0.0    0.0
0.462314  1.500  0.191825    0.0   0.0  0.005966    0.0    0.0
0.453766  1.491  0.202215    0.0   0.0  0.006591    0.0    0.0
0.445431  1.482  0.239579    0.0   0.0  0.007908    0.0    0.0
0.437597  1.474  0.263398    0.0   0.0  0.008702    0.0    0.0
0.429659  1.465  0.290961    0.0   0.0  0.006557    0.0    0.0
0.422140  1.456  0.297634    0.0   0.0  0.006077    0.0    0.0
0.414569  1.447  0.282895    0.0   0.0  0.005634    0.0    0.0
0.407457  1.439  0.276466    0.0   0.0  0.005469    0.0    0.0
0.396818  1.426  0.257412    0.0   0.0  0.005242    0.0    0.0
0.383009  1.408  0.258481    0.0   0.0  0.005424    0.0    0.0
0.370073  1.391  0.263189    0.0   0.0  0.005628    0.0    0.0
0.357432  1.373  0.270430    0.0   0.0  0.005846    0.0    0.0
0.345578  1.356  0.279271    0.0   0.0  0.006062    0.0    0.0
0.333964  1.338  0.284474    0.0   0.0  0.006143    0.0    0.0
0.323062  1.321  0.292637    0.0   0.0  0.006236    0.0    0.0
0.312353  1.303  0.299361    0.0   0.0  0.006295    0.0    0.0
0.302295  1.286  0.305097    0.0   0.0  0.006385    0.0    0.0
0.865464  2.212  0.002169    0.0   0.0  0.000795    0.0    0.0
0.848312  2.200  0.007406    0.0   0.0  0.001410    0.0    0.0
0.831436  2.189  0.022593    0.0   0.0  0.002540    0.0    0.0
0.815059  2.178  0.048538    0.0   0.0  0.003657    0.0    0.0
0.799157  2.167  0.068328    0.0   0.0  0.003909    0.0    0.0
0.784246  2.156  0.076224    0.0   0.0  0.003568    0.0    0.0
0.769218  2.145  0.073665    0.0   0.0  0.003071    0.0    0.0
0.754609  2.134  0.067285    0.0   0.0  0.002617    0.0    0.0
0.740402  2.123  0.063346    0.0   0.0  0.002388    0.0    0.0
0.727049  2.112  0.060247    0.0   0.0  0.002298    0.0    0.0
0.713582  2.101  0.061018    0.0   0.0  0.002354    0.0    0.0
0.700471  2.090  0.062924    0.0   0.0  0.002459    0.0    0.0
0.687371  2.078  0.066696    0.0   0.0  0.002178    0.0    0.0
0.675348  2.067  0.072616    0.0   0.0  0.002393    0.0    0.0
0.663214  2.056  0.080151    0.0   0.0  0.002645    0.0    0.0
0.651386  2.045  0.084907    0.0   0.0  0.002854    0.0    0.0
0.639850  2.034  0.090808    0.0   0.0  0.003138    0.0    0.0
0.628964  2.023  0.103156    0.0   0.0  0.003617    0.0    0.0
0.617973  2.012  0.123686    0.0   0.0  0.004450    0.0    0.0
0.607244  2.001  0.149461    0.0   0.0  0.005466    0.0    0.0
0.597105  1.990  0.182005    0.0   0.0  0.006797    0.0    0.0
0.586866  1.979  0.188396    0.0   0.0  0.005369    0.0    0.0
0.576862  1.968  0.171197    0.0   0.0  0.003540    0.0    0.0
0.567087  1.957  0.152765    0.0   0.0  0.003144    0.0    0.0
0.557547  1.945  0.142940    0.0   0.0  0.002893    0.0    0.0
0.548201  1.934  0.138062    0.0   0.0  0.002872    0.0    0.0
0.539061  1.923  0.139966    0.0   0.0  0.003043    0.0    0.0
0.530122  1.912  0.145738    0.0   0.0  0.003334    0.0    0.0
0.521644  1.901  0.156096    0.0   0.0  0.003730    0.0    0.0
0.513077  1.890  0.172928    0.0   0.0  0.004358    0.0    0.0
0.504692  1.879  0.197371    0.0   0.0  0.005210    0.0    0.0
0.496482  1.868  0.218015    0.0   0.0  0.005760    0.0    0.0
0.488684  1.857  0.240747    0.0   0.0  0.005472    0.0    0.0
0.480803  1.846  0.250950    0.0   0.0  0.005032    0.0    0.0
0.473082  1.835  0.243691    0.0   0.0  0.004734    0.0    0.0
0.465261  1.823  0.232426    0.0   0.0  0.004509    0.0    0.0
0.454431  1.807  0.218418    0.0   0.0  0.004365    0.0    0.0
0.440378  1.785  0.215851    0.0   0.0  0.004464    0.0    0.0
0.426412  1.762  0.222099    0.0   0.0  0.004656    0.0    0.0
0.413391  1.740  0.237536    0.0   0.0  0.004986    0.0    0.0
0.400662  1.718  0.243922    0.0   0.0  0.005146    0.0    0.0
0.388559  1.696  0.249116    0.0   0.0  0.005245    0.0    0.0
0.376876  1.674  0.265543    0.0   0.0  0.005439    0.0    0.0
0.365438  1.652  0.275022    0.0   0.0  0.005543    0.0    0.0
0.354320  1.629  0.276339    0.0   0.0  0.005574    0.0    0.0
0.886509  2.690  0.000933    0.0   0.0  0.000551    0.0    0.0
0.871653  2.676  0.005150    0.0   0.0  0.001012    0.0    0.0
0.856943  2.663  0.014459    0.0   0.0  0.001773    0.0    0.0
0.842768  2.649  0.036404    0.0   0.0  0.002488    0.0    0.0
0.828737  2.636  0.050389    0.0   0.0  0.002561    0.0    0.0
0.815197  2.622  0.058739    0.0   0.0  0.002337    0.0    0.0
0.802262  2.609  0.054918    0.0   0.0  0.001910    0.0    0.0
0.789158  2.596  0.050233    0.0   0.0  0.001524    0.0    0.0
0.776486  2.582  0.046938    0.0   0.0  0.001376    0.0    0.0
0.763954  2.569  0.044416    0.0   0.0  0.001383    0.0    0.0
0.751819  2.555  0.047129    0.0   0.0  0.001141    0.0    0.0
0.739823  2.542  0.048119    0.0   0.0  0.001224    0.0    0.0
0.728193  2.528  0.051623    0.0   0.0  0.001347    0.0    0.0
0.716700  2.515  0.056457    0.0   0.0  0.001495    0.0    0.0
0.705542  2.501  0.062016    0.0   0.0  0.001651    0.0    0.0
0.694521  2.488  0.067675    0.0   0.0  0.001824    0.0    0.0
0.683807  2.474  0.076256    0.0   0.0  0.002117    0.0    0.0
0.673576  2.461  0.085403    0.0   0.0  0.002436    0.0    0.0
0.662934  2.447  0.097655    0.0   0.0  0.002991    0.0    0.0
0.653104  2.434  0.118511    0.0   0.0  0.003697    0.0    0.0
0.642873  2.420  0.145604    0.0   0.0  0.004210    0.0    0.0
0.633420  2.407  0.150692    0.0   0.0  0.003026    0.0    0.0
0.623577  2.393  0.136378    0.0   0.0  0.002817    0.0    0.0
0.614481  2.380  0.124441    0.0   0.0  0.002527    0.0    0.0
0.605004  2.366  0.114722    0.0   0.0  0.002327    0.0    0.0
0.596243  2.353  0.110910    0.0   0.0  0.002319    0.0    0.0
0.587112  2.339  0.114126    0.0   0.0  0.002488    0.0    0.0
0.578670  2.326  0.119815    0.0   0.0  0.002741    0.0    0.0
0.569866  2.312  0.130394    0.0   0.0  0.003103    0.0    0.0
0.561726  2.299  0.146017    0.0   0.0  0.003627    0.0    0.0
0.553483  2.285  0.163709    0.0   0.0  0.004271    0.0    0.0
0.545376  2.272  0.185816    0.0   0.0  0.004845    0.0    0.0
0.537416  2.258  0.203354    0.0   0.0  0.004641    0.0    0.0
0.529592  2.245  0.206752    0.0   0.0  0.004198    0.0    0.0
0.521899  2.231  0.201582    0.0   0.0  0.003944    0.0    0.0
0.514343  2.218  0.193044    0.0   0.0  0.003763    0.0    0.0
0.503352  2.198  0.188159    0.0   0.0  0.003782    0.0    0.0
0.488974  2.171  0.189851    0.0   0.0  0.003980    0.0    0.0
0.475062  2.144  0.194891    0.0   0.0  0.004149    0.0    0.0
0.461594  2.117  0.205303    0.0   0.0  0.004387    0.0    0.0
0.448550  2.090  0.220224    0.0   0.0  0.004664    0.0    0.0
0.435908  2.063  0.227356    0.0   0.0  0.004787    0.0    0.0
0.423817  2.036  0.233188    0.0   0.0  0.004867    0.0    0.0
0.411922  2.009  0.246356    0.0   0.0  0.005029    0.0    0.0
0.400378  1.982  0.247562    0.0   0.0  0.005067    0.0    0.0
0.901953  3.160  0.000391    0.0   0.0  0.000400    0.0    0.0
0.888345  3.144  0.002523    0.0   0.0  0.000760    0.0    0.0
0.875749  3.129  0.009387    0.0   0.0  0.001281    0.0    0.0
0.863111  3.113  0.026083    0.0   0.0  0.001748    0.0    0.0
0.850708  3.097  0.036723    0.0   0.0  0.001731    0.0    0.0
0.838533  3.081  0.041777    0.0   0.0  0.001504    0.0    0.0
0.826161  3.065  0.039384    0.0   0.0  0.001118    0.0    0.0
0.814433  3.049  0.036441    0.0   0.0  0.000788    0.0    0.0
0.803180  3.034  0.035491    0.0   0.0  0.000725    0.0    0.0
0.791863  3.018  0.035288    0.0   0.0  0.000775    0.0    0.0
0.780746  3.002  0.035905    0.0   0.0  0.000880    0.0    0.0
0.769450  2.986  0.037217    0.0   0.0  0.000953    0.0    0.0
0.758723  2.970  0.039804    0.0   0.0  0.001046    0.0    0.0
0.748179  2.954  0.043914    0.0   0.0  0.001159    0.0    0.0
0.737815  2.938  0.048850    0.0   0.0  0.001291    0.0    0.0
0.727874  2.923  0.053802    0.0   0.0  0.001429    0.0    0.0
0.717519  2.907  0.057231    0.0   0.0  0.001660    0.0    0.0
0.707670  2.891  0.068193    0.0   0.0  0.001947    0.0    0.0
0.697982  2.875  0.080839    0.0   0.0  0.002418    0.0    0.0
0.688452  2.859  0.100425    0.0   0.0  0.003006    0.0    0.0
0.679076  2.843  0.117928    0.0   0.0  0.003203    0.0    0.0
0.669789  2.828  0.118826    0.0   0.0  0.002269    0.0    0.0
0.660714  2.812  0.106277    0.0   0.0  0.002134    0.0    0.0
0.651781  2.796  0.096456    0.0   0.0  0.001891    0.0    0.0
0.642989  2.780  0.088708    0.0   0.0  0.001739    0.0    0.0
0.634332  2.764  0.088052    0.0   0.0  0.001805    0.0    0.0
0.625542  2.748  0.089132    0.0   0.0  0.001927    0.0    0.0
0.617380  2.733  0.097157    0.0   0.0  0.002176    0.0    0.0
0.609118  2.717  0.107212    0.0   0.0  0.002474    0.0    0.0
0.600980  2.701  0.120659    0.0   0.0  0.002890    0.0    0.0
0.592963  2.685  0.132573    0.0   0.0  0.003387    0.0    0.0
0.584825  2.669  0.152212    0.0   0.0  0.003856    0.0    0.0
0.577048  2.653  0.168067    0.0   0.0  0.003692    0.0    0.0
0.569385  2.637  0.167966    0.0   0.0  0.003273    0.0    0.0
0.562047  2.622  0.167467    0.0   0.0  0.003089    0.0    0.0
0.554601  2.606  0.165902    0.0   0.0  0.003024    0.0    0.0
0.543417  2.582  0.158307    0.0   0.0  0.002987    0.0    0.0
0.529159  2.550  0.160426    0.0   0.0  0.003168    0.0    0.0
0.515301  2.519  0.166152    0.0   0.0  0.003318    0.0    0.0
0.501820  2.487  0.175629    0.0   0.0  0.003519    0.0    0.0
0.488702  2.455  0.185884    0.0   0.0  0.003708    0.0    0.0
0.475953  2.424  0.197182    0.0   0.0  0.003893    0.0    0.0
0.463521  2.392  0.205994    0.0   0.0  0.004009    0.0    0.0
0.451249  2.360  0.211383    0.0   0.0  0.004063    0.0    0.0
0.439454  2.328  0.213782    0.0   0.0  0.004099    0.0    0.0
0.912992  3.615  0.000364    0.0   0.0  0.000336    0.0    0.0
0.901185  3.597  0.002433    0.0   0.0  0.000626    0.0    0.0
0.889565  3.579  0.007298    0.0   0.0  0.001058    0.0    0.0
0.878129  3.561  0.019688    0.0   0.0  0.001450    0.0    0.0
0.866870  3.543  0.030326    0.0   0.0  0.001546    0.0    0.0
0.855787  3.525  0.034454    0.0   0.0  0.001507    0.0    0.0
0.844873  3.507  0.031730    0.0   0.0  0.001189    0.0    0.0
0.834126  3.489  0.029740    0.0   0.0  0.000985    0.0    0.0
0.823305  3.470  0.028008    0.0   0.0  0.000849    0.0    0.0
0.812881  3.452  0.027855    0.0   0.0  0.000887    0.0    0.0
0.802613  3.434  0.028408    0.0   0.0  0.000948    0.0    0.0
0.792497  3.416  0.030079    0.0   0.0  0.001015    0.0    0.0
0.782530  3.398  0.031258    0.0   0.0  0.001085    0.0    0.0
0.772708  3.380  0.035837    0.0   0.0  0.001181    0.0    0.0
0.763028  3.362  0.040195    0.0   0.0  0.001301    0.0    0.0
0.753487  3.344  0.043871    0.0   0.0  0.001404    0.0    0.0
0.743859  3.325  0.047930    0.0   0.0  0.001600    0.0    0.0
0.734590  3.307  0.059363    0.0   0.0  0.001880    0.0    0.0
0.725451  3.289  0.067633    0.0   0.0  0.002253    0.0    0.0
0.716439  3.271  0.084620    0.0   0.0  0.002768    0.0    0.0
0.707553  3.253  0.093704    0.0   0.0  0.002799    0.0    0.0
0.698789  3.235  0.098025    0.0   0.0  0.002353    0.0    0.0
0.690145  3.217  0.087132    0.0   0.0  0.002190    0.0    0.0
0.681619  3.199  0.080868    0.0   0.0  0.001978    0.0    0.0
0.672996  3.180  0.076718    0.0   0.0  0.001886    0.0    0.0
0.664699  3.162  0.078221    0.0   0.0  0.001927    0.0    0.0
0.656512  3.144  0.080417    0.0   0.0  0.002023    0.0    0.0
0.648434  3.126  0.084765    0.0   0.0  0.002178    0.0    0.0
0.640462  3.108  0.088044    0.0   0.0  0.002380    0.0    0.0
0.632594  3.090  0.100741    0.0   0.0  0.002732    0.0    0.0
0.625067  3.072  0.110901    0.0   0.0  0.003110    0.0    0.0
0.617397  3.054  0.127185    0.0   0.0  0.003593    0.0    0.0
0.609624  3.035  0.132530    0.0   0.0  0.003502    0.0    0.0
0.602150  3.017  0.144768    0.0   0.0  0.003328    0.0    0.0
0.594771  2.999  0.140710    0.0   0.0  0.003165    0.0    0.0
0.587484  2.981  0.140024    0.0   0.0  0.003106    0.0    0.0
0.576619  2.954  0.137957    0.0   0.0  0.003172    0.0    0.0
0.562585  2.918  0.138987    0.0   0.0  0.003384    0.0    0.0
0.548702  2.881  0.146654    0.0   0.0  0.003576    0.0    0.0
0.535340  2.845  0.155231    0.0   0.0  0.003776    0.0    0.0
0.522296  2.809  0.161368    0.0   0.0  0.003916    0.0    0.0
0.509557  2.773  0.171933    0.0   0.0  0.004075    0.0    0.0
0.496932  2.736  0.176254    0.0   0.0  0.004160    0.0    0.0
0.484776  2.700  0.184030    0.0   0.0  0.004296    0.0    0.0
0.472895  2.664  0.188853    0.0   0.0  0.004343    0.0    0.0
0.921695  4.049  0.000325    0.0   0.0  0.000275    0.0    0.0
0.910917  4.029  0.002085    0.0   0.0  0.000496    0.0    0.0
0.900283  4.009  0.004980    0.0   0.0  0.000824    0.0    0.0
0.889570  3.988  0.013910    0.0   0.0  0.001123    0.0    0.0
0.879586  3.968  0.022117    0.0   0.0  0.001191    0.0    0.0
0.869366  3.948  0.025379    0.0   0.0  0.001102    0.0    0.0
0.859281  3.928  0.023980    0.0   0.0  0.000868    0.0    0.0
0.849110  3.907  0.023214    0.0   0.0  0.000705    0.0    0.0
0.839287  3.887  0.023544    0.0   0.0  0.000657    0.0    0.0
0.829590  3.867  0.023520    0.0   0.0  0.000691    0.0    0.0
0.820132  3.846  0.023437    0.0   0.0  0.000749    0.0    0.0
0.810677  3.826  0.024856    0.0   0.0  0.000787    0.0    0.0
0.801341  3.806  0.026731    0.0   0.0  0.000835    0.0    0.0
0.791914  3.785  0.029710    0.0   0.0  0.000924    0.0    0.0
0.782812  3.765  0.032671    0.0   0.0  0.001018    0.0    0.0
0.773823  3.745  0.037190    0.0   0.0  0.001127    0.0    0.0
0.765239  3.725  0.040453    0.0   0.0  0.001239    0.0    0.0
0.756260  3.704  0.048668    0.0   0.0  0.001463    0.0    0.0
0.747594  3.684  0.056877    0.0   0.0  0.001787    0.0    0.0
0.739033  3.664  0.066989    0.0   0.0  0.002184    0.0    0.0
0.730374  3.643  0.077941    0.0   0.0  0.002168    0.0    0.0
0.722288  3.623  0.077541    0.0   0.0  0.001727    0.0    0.0
0.714027  3.603  0.070251    0.0   0.0  0.001627    0.0    0.0
0.705666  3.582  0.067772    0.0   0.0  0.001496    0.0    0.0
0.697600  3.562  0.063843    0.0   0.0  0.001415    0.0    0.0
0.689628  3.542  0.065492    0.0   0.0  0.001447    0.0    0.0
0.681748  3.522  0.065162    0.0   0.0  0.001518    0.0    0.0
0.674011  3.501  0.069821    0.0   0.0  0.001670    0.0    0.0
0.666309  3.481  0.074763    0.0   0.0  0.001858    0.0    0.0
0.658695  3.461  0.084107    0.0   0.0  0.002131    0.0    0.0
0.650979  3.440  0.094897    0.0   0.0  0.002489    0.0    0.0
0.643537  3.420  0.109414    0.0   0.0  0.002784    0.0    0.0
0.636180  3.400  0.112989    0.0   0.0  0.002680    0.0    0.0
0.628938  3.379  0.119935    0.0   0.0  0.002490    0.0    0.0
0.621741  3.359  0.117983    0.0   0.0  0.002336    0.0    0.0
0.614623  3.339  0.118137    0.0   0.0  0.002296    0.0    0.0
0.603910  3.308  0.117155    0.0   0.0  0.002317    0.0    0.0
0.590338  3.268  0.117936    0.0   0.0  0.002377    0.0    0.0
0.576676  3.227  0.126114    0.0   0.0  0.002538    0.0    0.0
0.563482  3.187  0.131778    0.0   0.0  0.002670    0.0    0.0
0.550570  3.146  0.140658    0.0   0.0  0.002820    0.0    0.0
0.537743  3.105  0.149174    0.0   0.0  0.002950    0.0    0.0
0.525352  3.065  0.155562    0.0   0.0  0.003044    0.0    0.0
0.513208  3.024  0.161865    0.0   0.0  0.003131    0.0    0.0
0.501310  2.984  0.165382    0.0   0.0  0.003198    0.0    0.0
0.928348  4.458  0.000544    0.0   0.0  0.000243    0.0    0.0
0.918383  4.436  0.001885    0.0   0.0  0.000446    0.0    0.0
0.908679  4.413  0.005074    0.0   0.0  0.000713    0.0    0.0
0.898939  4.391  0.011311    0.0   0.0  0.000963    0.0    0.0
0.889310  4.369  0.016230    0.0   0.0  0.000995    0.0    0.0
0.879589  4.346  0.021048    0.0   0.0  0.000934    0.0    0.0
0.870508  4.324  0.021624    0.0   0.0  0.000783    0.0    0.0
0.861199  4.302  0.019986    0.0   0.0  0.000728    0.0    0.0
0.851795  4.279  0.019909    0.0   0.0  0.000634    0.0    0.0
0.843006  4.257  0.020089    0.0   0.0  0.000655    0.0    0.0
0.833804  4.234  0.020146    0.0   0.0  0.000723    0.0    0.0
0.824899  4.212  0.022575    0.0   0.0  0.000804    0.0    0.0
0.816091  4.190  0.024337    0.0   0.0  0.000837    0.0    0.0
0.807480  4.167  0.026537    0.0   0.0  0.000922    0.0    0.0
0.798859  4.145  0.029046    0.0   0.0  0.000972    0.0    0.0
0.790332  4.123  0.033763    0.0   0.0  0.001084    0.0    0.0
0.781705  4.100  0.033953    0.0   0.0  0.001271    0.0    0.0
0.773636  4.078  0.040907    0.0   0.0  0.001439    0.0    0.0
0.765375  4.056  0.046508    0.0   0.0  0.001725    0.0    0.0
0.757014  4.033  0.054620    0.0   0.0  0.002021    0.0    0.0
0.748927  4.011  0.065419    0.0   0.0  0.002071    0.0    0.0
0.741184  3.989  0.064693    0.0   0.0  0.001822    0.0    0.0
0.733076  3.966  0.060447    0.0   0.0  0.001654    0.0    0.0
0.725236  3.944  0.057985    0.0   0.0  0.001547    0.0    0.0
0.717477  3.922  0.056845    0.0   0.0  0.001476    0.0    0.0
0.709858  3.899  0.056140    0.0   0.0  0.001451    0.0    0.0
0.702254  3.877  0.056739    0.0   0.0  0.001556    0.0    0.0
0.694727  3.855  0.062049    0.0   0.0  0.001660    0.0    0.0
0.687328  3.832  0.064770    0.0   0.0  0.001805    0.0    0.0
0.679949  3.810  0.071183    0.0   0.0  0.002021    0.0    0.0
0.672466  3.787  0.078390    0.0   0.0  0.002361    0.0    0.0
0.665234  3.765  0.089321    0.0   0.0  0.002547    0.0    0.0
0.658291  3.743  0.095952    0.0   0.0  0.002666    0.0    0.0
0.651023  3.720  0.104540    0.0   0.0  0.002585    0.0    0.0
0.644001  3.698  0.103252    0.0   0.0  0.002481    0.0    0.0
0.637047  3.676  0.102021    0.0   0.0  0.002416    0.0    0.0
0.626671  3.642  0.101422    0.0   0.0  0.002436    0.0    0.0
0.613357  3.598  0.106273    0.0   0.0  0.002716    0.0    0.0
0.599928  3.553  0.110496    0.0   0.0  0.002839    0.0    0.0
0.586936  3.508  0.116821    0.0   0.0  0.002973    0.0    0.0
0.574001  3.463  0.124109    0.0   0.0  0.003108    0.0    0.0
0.561641  3.419  0.134648    0.0   0.0  0.003306    0.0    0.0
0.549171  3.374  0.138078    0.0   0.0  0.003388    0.0    0.0
0.537089  3.329  0.143560    0.0   0.0  0.003432    0.0    0.0
0.525377  3.285  0.147736    0.0   0.0  0.003516    0.0    0.0
0.933529  4.842  0.000346    0.0   0.0  0.000194    0.0    0.0
0.924553  4.818  0.001650    0.0   0.0  0.000349    0.0    0.0
0.915333  4.794  0.003145    0.0   0.0  0.000611    0.0    0.0
0.906205  4.770  0.009308    0.0   0.0  0.000815    0.0    0.0
0.896979  4.745  0.013384    0.0   0.0  0.000829    0.0    0.0
0.888345  4.721  0.015905    0.0   0.0  0.000789    0.0    0.0
0.879481  4.697  0.016312    0.0   0.0  0.000673    0.0    0.0
0.870518  4.672  0.015934    0.0   0.0  0.000645    0.0    0.0
0.862127  4.648  0.015955    0.0   0.0  0.000576    0.0    0.0
0.853517  4.624  0.016346    0.0   0.0  0.000593    0.0    0.0
0.844989  4.600  0.016534    0.0   0.0  0.000677    0.0    0.0
0.836360  4.575  0.018341    0.0   0.0  0.000698    0.0    0.0
0.828279  4.551  0.019850    0.0   0.0  0.000722    0.0    0.0
0.819990  4.527  0.022069    0.0   0.0  0.000823    0.0    0.0
0.811600  4.502  0.024737    0.0   0.0  0.000865    0.0    0.0
0.803739  4.478  0.027700    0.0   0.0  0.000914    0.0    0.0
0.795679  4.454  0.030505    0.0   0.0  0.001298    0.0    0.0
0.787695  4.430  0.036347    0.0   0.0  0.001464    0.0    0.0
0.779867  4.405  0.041754    0.0   0.0  0.001745    0.0    0.0
0.772027  4.381  0.048062    0.0   0.0  0.002003    0.0    0.0
0.764259  4.357  0.059144    0.0   0.0  0.002168    0.0    0.0
0.756563  4.333  0.056839    0.0   0.0  0.001991    0.0    0.0
0.749007  4.308  0.054316    0.0   0.0  0.001907    0.0    0.0
0.741448  4.284  0.051403    0.0   0.0  0.001704    0.0    0.0
0.733957  4.260  0.050210    0.0   0.0  0.001685    0.0    0.0
0.726596  4.235  0.051540    0.0   0.0  0.001707    0.0    0.0
0.719236  4.211  0.052324    0.0   0.0  0.001743    0.0    0.0
0.711942  4.187  0.055180    0.0   0.0  0.001801    0.0    0.0
0.704714  4.163  0.057653    0.0   0.0  0.001877    0.0    0.0
0.697601  4.138  0.059674    0.0   0.0  0.002039    0.0    0.0
0.690496  4.114  0.072716    0.0   0.0  0.002366    0.0    0.0
0.683455  4.090  0.078987    0.0   0.0  0.002548    0.0    0.0
0.676519  4.065  0.083625    0.0   0.0  0.002308    0.0    0.0
0.669597  4.041  0.088159    0.0   0.0  0.002198    0.0    0.0
0.662735  4.017  0.089869    0.0   0.0  0.002193    0.0    0.0
0.656135  3.993  0.090001    0.0   0.0  0.002121    0.0    0.0
0.645873  3.956  0.090316    0.0   0.0  0.002014    0.0    0.0
0.632802  3.908  0.092985    0.0   0.0  0.002012    0.0    0.0
0.619596  3.859  0.098612    0.0   0.0  0.002099    0.0    0.0
0.606951  3.811  0.104519    0.0   0.0  0.002243    0.0    0.0
0.594175  3.762  0.111509    0.0   0.0  0.002390    0.0    0.0
0.581781  3.713  0.117817    0.0   0.0  0.002462    0.0    0.0
0.569570  3.665  0.124185    0.0   0.0  0.002584    0.0    0.0
0.557565  3.616  0.130286    0.0   0.0  0.002699    0.0    0.0
0.545899  3.568  0.133885    0.0   0.0  0.002736    0.0    0.0
0.929149  5.168  0.001669    0.0   0.0  0.000354    0.0    0.0
0.920437  5.142  0.003356    0.0   0.0  0.000647    0.0    0.0
0.911801  5.116  0.009276    0.0   0.0  0.000841    0.0    0.0
0.903541  5.090  0.011704    0.0   0.0  0.000909    0.0    0.0
0.895050  5.064  0.013590    0.0   0.0  0.000932    0.0    0.0
0.886632  5.038  0.014041    0.0   0.0  0.000748    0.0    0.0
0.878285  5.012  0.013456    0.0   0.0  0.000729    0.0    0.0
0.870295  4.986  0.013659    0.0   0.0  0.000620    0.0    0.0
0.862086  4.960  0.014569    0.0   0.0  0.000732    0.0    0.0
0.853946  4.934  0.014508    0.0   0.0  0.000634    0.0    0.0
0.845875  4.908  0.016502    0.0   0.0  0.000650    0.0    0.0
0.837871  4.882  0.018197    0.0   0.0  0.000765    0.0    0.0
0.830200  4.856  0.019917    0.0   0.0  0.000787    0.0    0.0
0.822325  4.830  0.022129    0.0   0.0  0.000819    0.0    0.0
0.814516  4.804  0.024833    0.0   0.0  0.000861    0.0    0.0
0.806771  4.778  0.027941    0.0   0.0  0.000919    0.0    0.0
0.799341  4.752  0.031807    0.0   0.0  0.001087    0.0    0.0
0.791719  4.726  0.035960    0.0   0.0  0.001242    0.0    0.0
0.784159  4.700  0.042211    0.0   0.0  0.001582    0.0    0.0
0.776660  4.674  0.047573    0.0   0.0  0.001590    0.0    0.0
0.769460  4.648  0.049443    0.0   0.0  0.001357    0.0    0.0
0.761913  4.621  0.047917    0.0   0.0  0.001355    0.0    0.0
0.754591  4.595  0.044829    0.0   0.0  0.001206    0.0    0.0
0.747328  4.569  0.043327    0.0   0.0  0.001185    0.0    0.0
0.740122  4.543  0.044852    0.0   0.0  0.001217    0.0    0.0
0.733196  4.517  0.046313    0.0   0.0  0.001257    0.0    0.0
0.726101  4.491  0.048960    0.0   0.0  0.001319    0.0    0.0
0.719061  4.465  0.052189    0.0   0.0  0.001404    0.0    0.0
0.712076  4.439  0.055761    0.0   0.0  0.001522    0.0    0.0
0.705357  4.413  0.059521    0.0   0.0  0.001732    0.0    0.0
0.698478  4.387  0.069920    0.0   0.0  0.001959    0.0    0.0
0.691652  4.361  0.075049    0.0   0.0  0.002054    0.0    0.0
0.684879  4.335  0.079255    0.0   0.0  0.001993    0.0    0.0
0.678358  4.309  0.080979    0.0   0.0  0.001938    0.0    0.0
0.671685  4.283  0.081385    0.0   0.0  0.001936    0.0    0.0
0.661868  4.244  0.081551    0.0   0.0  0.002043    0.0    0.0
0.648821  4.192  0.084569    0.0   0.0  0.002278    0.0    0.0
0.636154  4.140  0.089716    0.0   0.0  0.002341    0.0    0.0
0.623489  4.088  0.094874    0.0   0.0  0.002494    0.0    0.0
0.611185  4.036  0.102146    0.0   0.0  0.002654    0.0    0.0
0.598735  3.983  0.108004    0.0   0.0  0.002799    0.0    0.0
0.586616  3.931  0.112755    0.0   0.0  0.002838    0.0    0.0
0.574832  3.879  0.117742    0.0   0.0  0.002878    0.0    0.0
0.563055  3.827  0.122667    0.0   0.0  0.003003    0.0    0.0
0.536931  0.399  0.009562    0.0   0.0  0.001944    0.0    0.0
0.501250  0.396  0.030711    0.0   0.0  0.003257    0.0    0.0
0.468373  0.392  0.115265    0.0   0.0  0.006485    0.0    0.0
0.439921  0.388  0.230415    0.0   0.0  0.007822    0.0    0.0
0.414473  0.385  0.348440    0.0   0.0  0.008435    0.0    0.0
0.390447  0.381  0.380896    0.0   0.0  0.007476    0.0    0.0
0.369303  0.377  0.366005    0.0   0.0  0.006970    0.0    0.0
0.350268  0.374  0.302273    0.0   0.0  0.006038    0.0    0.0
0.331937  0.370  0.253185    0.0   0.0  0.004950    0.0    0.0
0.315949  0.367  0.209677    0.0   0.0  0.004231    0.0    0.0
0.300841  0.363  0.193063    0.0   0.0  0.003914    0.0    0.0
0.286391  0.359  0.183060    0.0   0.0  0.003733    0.0    0.0
0.273752  0.356  0.183055    0.0   0.0  0.003727    0.0    0.0
0.261616  0.352  0.175798    0.0   0.0  0.003689    0.0    0.0
0.249929  0.348  0.181544    0.0   0.0  0.003816    0.0    0.0
0.239698  0.345  0.186704    0.0   0.0  0.003817    0.0    0.0
0.229731  0.341  0.197793    0.0   0.0  0.004122    0.0    0.0
0.220733  0.338  0.210869    0.0   0.0  0.004517    0.0    0.0
0.211637  0.334  0.238812    0.0   0.0  0.005050    0.0    0.0
0.203066  0.330  0.289581    0.0   0.0  0.006024    0.0    0.0
0.195794  0.327  0.323483    0.0   0.0  0.006277    0.0    0.0
0.188115  0.323  0.321041    0.0   0.0  0.006017    0.0    0.0
0.180844  0.319  0.307264    0.0   0.0  0.005691    0.0    0.0
0.174683  0.316  0.281964    0.0   0.0  0.005226    0.0    0.0
0.168112  0.312  0.260651    0.0   0.0  0.004880    0.0    0.0
0.162391  0.309  0.251289    0.0   0.0  0.004785    0.0    0.0
0.156432  0.305  0.249528    0.0   0.0  0.004762    0.0    0.0
0.150895  0.301  0.257870    0.0   0.0  0.004938    0.0    0.0
0.145958  0.298  0.252389    0.0   0.0  0.004963    0.0    0.0
0.140764  0.294  0.273308    0.0   0.0  0.005283    0.0    0.0
0.135918  0.290  0.279144    0.0   0.0  0.005472    0.0    0.0
0.131618  0.287  0.295767    0.0   0.0  0.005728    0.0    0.0
0.127051  0.283  0.307665    0.0   0.0  0.005820    0.0    0.0
0.123111  0.280  0.287202    0.0   0.0  0.005468    0.0    0.0
0.118996  0.276  0.268417    0.0   0.0  0.005108    0.0    0.0
0.114946  0.272  0.270002    0.0   0.0  0.005034    0.0    0.0
0.109617  0.267  0.241596    0.0   0.0  0.004439    0.0    0.0
0.102784  0.260  0.244699    0.0   0.0  0.004335    0.0    0.0
0.096127  0.252  0.226340    0.0   0.0  0.004080    0.0    0.0
0.090290  0.245  0.221231    0.0   0.0  0.004023    0.0    0.0
0.084779  0.238  0.220783    0.0   0.0  0.003980    0.0    0.0
0.079675  0.231  0.212683    0.0   0.0  0.003768    0.0    0.0
0.074505  0.223  0.205685    0.0   0.0  0.003675    0.0    0.0
0.070015  0.216  0.200445    0.0   0.0  0.003610    0.0    0.0
0.065747  0.209  0.191735    0.0   0.0  0.003497    0.0    0.0
0.645463  0.625  0.025102    0.0   0.0  0.003386    0.0    0.0
0.610855  0.619  0.049302    0.0   0.0  0.003404    0.0    0.0
0.580220  0.613  0.112434    0.0   0.0  0.006323    0.0    0.0
0.551958  0.608  0.201011    0.0   0.0  0.007434    0.0    0.0
0.525045  0.602  0.273184    0.0   0.0  0.007777    0.0    0.0
0.500954  0.596  0.323342    0.0   0.0  0.006887    0.0    0.0
0.478633  0.591  0.321337    0.0   0.0  0.006391    0.0    0.0
0.457101  0.585  0.278660    0.0   0.0  0.005663    0.0    0.0
0.437653  0.579  0.235957    0.0   0.0  0.004705    0.0    0.0
0.419590  0.574  0.210415    0.0   0.0  0.004269    0.0    0.0
0.402505  0.568  0.185878    0.0   0.0  0.003898    0.0    0.0
0.385936  0.562  0.181229    0.0   0.0  0.003841    0.0    0.0
0.371028  0.557  0.173462    0.0   0.0  0.003767    0.0    0.0
0.356774  0.551  0.180611    0.0   0.0  0.003910    0.0    0.0
0.342889  0.545  0.176143    0.0   0.0  0.003944    0.0    0.0
0.330382  0.540  0.183360    0.0   0.0  0.004111    0.0    0.0
0.318306  0.534  0.201550    0.0   0.0  0.004468    0.0    0.0
0.306501  0.528  0.216793    0.0   0.0  0.004884    0.0    0.0
0.296178  0.523  0.242610    0.0   0.0  0.005500    0.0    0.0
0.285499  0.517  0.291570    0.0   0.0  0.006516    0.0    0.0
0.275338  0.511  0.346954    0.0   0.0  0.007402    0.0    0.0
0.266447  0.506  0.343854    0.0   0.0  0.006927    0.0    0.0
0.257188  0.500  0.332108    0.0   0.0  0.006551    0.0    0.0
0.248349  0.494  0.296428    0.0   0.0  0.005912    0.0    0.0
0.240614  0.489  0.288075    0.0   0.0  0.005725    0.0    0.0
0.232509  0.483  0.271916    0.0   0.0  0.005539    0.0    0.0
0.224947  0.477  0.266607    0.0   0.0  0.005295    0.0    0.0
0.217960  0.472  0.275685    0.0   0.0  0.005484    0.0    0.0
0.210805  0.466  0.278334    0.0   0.0  0.005660    0.0    0.0
0.204106  0.460  0.297258    0.0   0.0  0.005838    0.0    0.0
0.197932  0.455  0.323113    0.0   0.0  0.006331    0.0    0.0
0.191569  0.449  0.331788    0.0   0.0  0.006538    0.0    0.0
0.185591  0.443  0.349942    0.0   0.0  0.006682    0.0    0.0
0.180098  0.438  0.343926    0.0   0.0  0.006459    0.0    0.0
0.174534  0.432  0.334243    0.0   0.0  0.006185    0.0    0.0
0.169034  0.426  0.316455    0.0   0.0  0.005865    0.0    0.0
0.161647  0.418  0.294933    0.0   0.0  0.005629    0.0    0.0
0.151722  0.406  0.271376    0.0   0.0  0.005393    0.0    0.0
0.142901  0.395  0.268265    0.0   0.0  0.005365    0.0    0.0
0.134626  0.384  0.269777    0.0   0.0  0.005418    0.0    0.0
0.126507  0.372  0.271945    0.0   0.0  0.005364    0.0    0.0
0.119118  0.361  0.280094    0.0   0.0  0.005269    0.0    0.0
0.112222  0.350  0.271546    0.0   0.0  0.005164    0.0    0.0
0.105394  0.338  0.264953    0.0   0.0  0.005083    0.0    0.0
0.099235  0.327  0.251712    0.0   0.0  0.004923    0.0    0.0
0.717893  0.877  0.022165    0.0   0.0  0.002939    0.0    0.0
0.688091  0.869  0.039863    0.0   0.0  0.002655    0.0    0.0
0.659227  0.861  0.083636    0.0   0.0  0.004852    0.0    0.0
0.633090  0.853  0.152657    0.0   0.0  0.005847    0.0    0.0
0.608507  0.845  0.218371    0.0   0.0  0.006045    0.0    0.0
0.584577  0.837  0.263609    0.0   0.0  0.005048    0.0    0.0
0.562763  0.829  0.255547    0.0   0.0  0.004567    0.0    0.0
0.541468  0.821  0.230412    0.0   0.0  0.004139    0.0    0.0
0.521979  0.813  0.195252    0.0   0.0  0.003469    0.0    0.0
0.504123  0.806  0.179899    0.0   0.0  0.003172    0.0    0.0
0.485999  0.798  0.166281    0.0   0.0  0.002967    0.0    0.0
0.469327  0.790  0.163348    0.0   0.0  0.002941    0.0    0.0
0.452960  0.782  0.163666    0.0   0.0  0.002964    0.0    0.0
0.437856  0.774  0.165783    0.0   0.0  0.003046    0.0    0.0
0.423441  0.766  0.165861    0.0   0.0  0.003125    0.0    0.0
0.409254  0.758  0.164299    0.0   0.0  0.003214    0.0    0.0
0.396106  0.750  0.180004    0.0   0.0  0.003522    0.0    0.0
0.383147  0.742  0.201196    0.0   0.0  0.003980    0.0    0.0
0.371105  0.734  0.235904    0.0   0.0  0.004700    0.0    0.0
0.359555  0.726  0.283413    0.0   0.0  0.005641    0.0    0.0
0.348151  0.718  0.332220    0.0   0.0  0.006684    0.0    0.0
0.337515  0.710  0.330740    0.0   0.0  0.005800    0.0    0.0
0.327003  0.702  0.310158    0.0   0.0  0.005395    0.0    0.0
0.317177  0.694  0.282670    0.0   0.0  0.004899    0.0    0.0
0.307715  0.686  0.267471    0.0   0.0  0.004628    0.0    0.0
0.298350  0.678  0.257694    0.0   0.0  0.004535    0.0    0.0
0.289569  0.670  0.261174    0.0   0.0  0.004646    0.0    0.0
0.280873  0.662  0.264326    0.0   0.0  0.004780    0.0    0.0
0.272702  0.654  0.270120    0.0   0.0  0.004975    0.0    0.0
0.264807  0.646  0.295110    0.0   0.0  0.005440    0.0    0.0
0.256981  0.638  0.321101    0.0   0.0  0.005967    0.0    0.0
0.249608  0.630  0.338680    0.0   0.0  0.006272    0.0    0.0
0.242295  0.622  0.370837    0.0   0.0  0.006518    0.0    0.0
0.235394  0.614  0.366848    0.0   0.0  0.006323    0.0    0.0
0.228707  0.606  0.347935    0.0   0.0  0.005969    0.0    0.0
0.222070  0.598  0.339767    0.0   0.0  0.005786    0.0    0.0
0.212722  0.586  0.314435    0.0   0.0  0.005412    0.0    0.0
0.201112  0.571  0.295797    0.0   0.0  0.005163    0.0    0.0
0.189831  0.555  0.290482    0.0   0.0  0.005106    0.0    0.0
0.179183  0.539  0.289893    0.0   0.0  0.005125    0.0    0.0
0.169116  0.523  0.298448    0.0   0.0  0.005247    0.0    0.0
0.159679  0.507  0.308678    0.0   0.0  0.005345    0.0    0.0
0.150634  0.491  0.311452    0.0   0.0  0.005375    0.0    0.0
0.142045  0.475  0.309776    0.0   0.0  0.005348    0.0    0.0
0.133880  0.459  0.290387    0.0   0.0  0.005101    0.0    0.0
0.693135  1.116  0.121828    0.0   0.0  0.004687    0.0    0.0
0.669907  1.105  0.173024    0.0   0.0  0.004824    0.0    0.0
0.648354  1.095  0.203275    0.0   0.0  0.004015    0.0    0.0
0.627207  1.084  0.202847    0.0   0.0  0.003598    0.0    0.0
0.607567  1.074  0.180379    0.0   0.0  0.003223    0.0    0.0
0.588784  1.064  0.155636    0.0   0.0  0.002723    0.0    0.0
0.570262  1.053  0.142621    0.0   0.0  0.002506    0.0    0.0
0.552494  1.043  0.137904    0.0   0.0  0.002436    0.0    0.0
0.535489  1.032  0.138217    0.0   0.0  0.002464    0.0    0.0
0.519673  1.022  0.144566    0.0   0.0  0.002579    0.0    0.0
0.504480  1.012  0.148219    0.0   0.0  0.002677    0.0    0.0
0.489383  1.001  0.150233    0.0   0.0  0.002773    0.0    0.0
0.475336  0.991  0.154197    0.0   0.0  0.002912    0.0    0.0
0.461339  0.980  0.162763    0.0   0.0  0.003170    0.0    0.0
0.448315  0.970  0.178377    0.0   0.0  0.003531    0.0    0.0
0.435757  0.960  0.208405    0.0   0.0  0.004224    0.0    0.0
0.423194  0.949  0.252074    0.0   0.0  0.005100    0.0    0.0
0.411503  0.939  0.297361    0.0   0.0  0.006345    0.0    0.0
0.399455  0.928  0.313198    0.0   0.0  0.005422    0.0    0.0
0.388560  0.918  0.287021    0.0   0.0  0.004987    0.0    0.0
0.377605  0.907  0.261767    0.0   0.0  0.004527    0.0    0.0
0.367414  0.897  0.253577    0.0   0.0  0.004365    0.0    0.0
0.357547  0.887  0.248888    0.0   0.0  0.004325    0.0    0.0
0.347591  0.876  0.247615    0.0   0.0  0.004377    0.0    0.0
0.338333  0.866  0.246382    0.0   0.0  0.004465    0.0    0.0
0.328971  0.855  0.257936    0.0   0.0  0.004734    0.0    0.0
0.320267  0.845  0.272312    0.0   0.0  0.005114    0.0    0.0
0.311820  0.835  0.300138    0.0   0.0  0.005686    0.0    0.0
0.303040  0.824  0.330033    0.0   0.0  0.006160    0.0    0.0
0.295086  0.814  0.371884    0.0   0.0  0.006514    0.0    0.0
0.286998  0.803  0.349647    0.0   0.0  0.006067    0.0    0.0
0.279487  0.793  0.343457    0.0   0.0  0.005871    0.0    0.0
0.271835  0.782  0.334585    0.0   0.0  0.005704    0.0    0.0
0.261169  0.767  0.310345    0.0   0.0  0.005375    0.0    0.0
0.247380  0.746  0.301680    0.0   0.0  0.005292    0.0    0.0
0.234292  0.725  0.296352    0.0   0.0  0.005249    0.0    0.0
0.221855  0.704  0.299684    0.0   0.0  0.005321    0.0    0.0
0.210329  0.684  0.300381    0.0   0.0  0.005365    0.0    0.0
0.198935  0.663  0.312396    0.0   0.0  0.005569    0.0    0.0
0.188184  0.642  0.314947    0.0   0.0  0.005597    0.0    0.0
0.177918  0.621  0.313755    0.0   0.0  0.005577    0.0    0.0
0.168105  0.600  0.305781    0.0   0.0  0.005461    0.0    0.0
0.847505  1.918  0.004650    0.0   0.0  0.000761    0.0    0.0
0.828317  1.901  0.013580    0.0   0.0  0.001052    0.0    0.0
0.809655  1.884  0.029570    0.0   0.0  0.001859    0.0    0.0
0.790445  1.866  0.063147    0.0   0.0  0.002402    0.0    0.0
0.772801  1.849  0.087985    0.0   0.0  0.002470    0.0    0.0
0.755208  1.831  0.100752    0.0   0.0  0.002117    0.0    0.0
0.737916  1.814  0.096889    0.0   0.0  0.002218    0.0    0.0
0.721234  1.796  0.092539    0.0   0.0  0.002016    0.0    0.0
0.704847  1.779  0.085062    0.0   0.0  0.001741    0.0    0.0
0.689398  1.762  0.083911    0.0   0.0  0.001731    0.0    0.0
0.673943  1.744  0.087187    0.0   0.0  0.001792    0.0    0.0
0.658775  1.727  0.088964    0.0   0.0  0.001876    0.0    0.0
0.644071  1.709  0.094028    0.0   0.0  0.001982    0.0    0.0
0.630089  1.692  0.097137    0.0   0.0  0.002056    0.0    0.0
0.616009  1.675  0.103737    0.0   0.0  0.002199    0.0    0.0
0.602323  1.657  0.108056    0.0   0.0  0.002315    0.0    0.0
0.589310  1.640  0.113610    0.0   0.0  0.002390    0.0    0.0
0.575852  1.622  0.126315    0.0   0.0  0.002671    0.0    0.0
0.563435  1.605  0.149774    0.0   0.0  0.003123    0.0    0.0
0.550588  1.587  0.182973    0.0   0.0  0.003805    0.0    0.0
0.538727  1.570  0.219147    0.0   0.0  0.004576    0.0    0.0
0.527124  1.553  0.233512    0.0   0.0  0.004017    0.0    0.0
0.515109  1.535  0.218681    0.0   0.0  0.003783    0.0    0.0
0.504008  1.518  0.200099    0.0   0.0  0.003454    0.0    0.0
0.492812  1.500  0.187716    0.0   0.0  0.003249    0.0    0.0
0.481879  1.483  0.183357    0.0   0.0  0.003224    0.0    0.0
0.471468  1.466  0.184512    0.0   0.0  0.003350    0.0    0.0
0.460950  1.448  0.189867    0.0   0.0  0.003495    0.0    0.0
0.450692  1.431  0.201716    0.0   0.0  0.003741    0.0    0.0
0.440596  1.413  0.215815    0.0   0.0  0.004162    0.0    0.0
0.430759  1.396  0.242581    0.0   0.0  0.004692    0.0    0.0
0.421060  1.378  0.261359    0.0   0.0  0.005043    0.0    0.0
0.411851  1.361  0.292924    0.0   0.0  0.005311    0.0    0.0
0.402591  1.344  0.317082    0.0   0.0  0.005473    0.0    0.0
0.393440  1.326  0.310980    0.0   0.0  0.005308    0.0    0.0
0.384754  1.309  0.296707    0.0   0.0  0.005078    0.0    0.0
0.371780  1.283  0.283559    0.0   0.0  0.004978    0.0    0.0
0.354884  1.248  0.277938    0.0   0.0  0.005472    0.0    0.0
0.338607  1.213  0.282792    0.0   0.0  0.005560    0.0    0.0
0.322916  1.178  0.290949    0.0   0.0  0.007205    0.0    0.0
0.307936  1.143  0.298654    0.0   0.0  0.007374    0.0    0.0
0.293317  1.108  0.312778    0.0   0.0  0.007624    0.0    0.0
0.279457  1.074  0.315440    0.0   0.0  0.007686    0.0    0.0
0.265935  1.039  0.328162    0.0   0.0  0.007928    0.0    0.0
0.252728  1.004  0.331879    0.0   0.0  0.007987    0.0    0.0
0.877499  2.470  0.002027    0.0   0.0  0.000436    0.0    0.0
0.861641  2.448  0.007616    0.0   0.0  0.000714    0.0    0.0
0.845172  2.425  0.019288    0.0   0.0  0.001270    0.0    0.0
0.829368  2.403  0.042088    0.0   0.0  0.001600    0.0    0.0
0.814049  2.380  0.057334    0.0   0.0  0.001670    0.0    0.0
0.798833  2.358  0.066682    0.0   0.0  0.001491    0.0    0.0
0.783569  2.335  0.061890    0.0   0.0  0.001305    0.0    0.0
0.769403  2.313  0.059744    0.0   0.0  0.001185    0.0    0.0
0.755016  2.291  0.059719    0.0   0.0  0.001109    0.0    0.0
0.740566  2.268  0.059386    0.0   0.0  0.001116    0.0    0.0
0.726703  2.246  0.063283    0.0   0.0  0.001173    0.0    0.0
0.713199  2.223  0.062594    0.0   0.0  0.001203    0.0    0.0
0.699821  2.201  0.066009    0.0   0.0  0.001281    0.0    0.0
0.686365  2.178  0.069422    0.0   0.0  0.001361    0.0    0.0
0.673853  2.156  0.078879    0.0   0.0  0.001506    0.0    0.0
0.661160  2.134  0.083271    0.0   0.0  0.001610    0.0    0.0
0.648380  2.111  0.088541    0.0   0.0  0.001799    0.0    0.0
0.636487  2.089  0.099965    0.0   0.0  0.002043    0.0    0.0
0.624127  2.066  0.116389    0.0   0.0  0.002553    0.0    0.0
0.612274  2.044  0.141144    0.0   0.0  0.003102    0.0    0.0
0.600658  2.021  0.172872    0.0   0.0  0.003607    0.0    0.0
0.589190  1.999  0.186196    0.0   0.0  0.003345    0.0    0.0
0.577911  1.977  0.180102    0.0   0.0  0.003242    0.0    0.0
0.566526  1.954  0.162426    0.0   0.0  0.002934    0.0    0.0
0.555913  1.932  0.151901    0.0   0.0  0.002758    0.0    0.0
0.544882  1.909  0.146631    0.0   0.0  0.002716    0.0    0.0
0.534310  1.887  0.149977    0.0   0.0  0.002899    0.0    0.0
0.523900  1.864  0.150875    0.0   0.0  0.002971    0.0    0.0
0.513653  1.842  0.165043    0.0   0.0  0.003223    0.0    0.0
0.503566  1.820  0.180320    0.0   0.0  0.004587    0.0    0.0
0.493614  1.797  0.203157    0.0   0.0  0.005157    0.0    0.0
0.483830  1.775  0.221584    0.0   0.0  0.005595    0.0    0.0
0.473924  1.752  0.243976    0.0   0.0  0.005965    0.0    0.0
0.464437  1.730  0.259180    0.0   0.0  0.006167    0.0    0.0
0.455319  1.708  0.263359    0.0   0.0  0.006211    0.0    0.0
0.445842  1.685  0.256521    0.0   0.0  0.006049    0.0    0.0
0.432126  1.651  0.247436    0.0   0.0  0.005969    0.0    0.0
0.414703  1.607  0.239992    0.0   0.0  0.006035    0.0    0.0
0.397318  1.562  0.254157    0.0   0.0  0.006328    0.0    0.0
0.380603  1.517  0.265062    0.0   0.0  0.006583    0.0    0.0
0.364338  1.472  0.279129    0.0   0.0  0.006924    0.0    0.0
0.348346  1.427  0.285889    0.0   0.0  0.007321    0.0    0.0
0.332938  1.382  0.299073    0.0   0.0  0.007574    0.0    0.0
0.317787  1.337  0.311950    0.0   0.0  0.007861    0.0    0.0
0.303405  1.293  0.316582    0.0   0.0  0.007903    0.0    0.0
0.896763  2.987  0.000527    0.0   0.0  0.000324    0.0    0.0
0.882392  2.959  0.005131    0.0   0.0  0.000535    0.0    0.0
0.868508  2.932  0.013320    0.0   0.0  0.000923    0.0    0.0
0.854808  2.905  0.029817    0.0   0.0  0.001218    0.0    0.0
0.840827  2.878  0.039982    0.0   0.0  0.001288    0.0    0.0
0.827495  2.851  0.048470    0.0   0.0  0.001294    0.0    0.0
0.814336  2.824  0.044722    0.0   0.0  0.001586    0.0    0.0
0.801347  2.797  0.045817    0.0   0.0  0.001493    0.0    0.0
0.788524  2.770  0.042317    0.0   0.0  0.001261    0.0    0.0
0.775453  2.743  0.043514    0.0   0.0  0.001333    0.0    0.0
0.762682  2.715  0.045455    0.0   0.0  0.001409    0.0    0.0
0.750351  2.688  0.045479    0.0   0.0  0.001412    0.0    0.0
0.738173  2.661  0.048587    0.0   0.0  0.001668    0.0    0.0
0.726147  2.634  0.052090    0.0   0.0  0.001721    0.0    0.0
0.713903  2.607  0.056610    0.0   0.0  0.001850    0.0    0.0
0.702179  2.580  0.060476    0.0   0.0  0.001973    0.0    0.0
0.690598  2.553  0.069946    0.0   0.0  0.002182    0.0    0.0
0.679158  2.526  0.079198    0.0   0.0  0.002416    0.0    0.0
0.667588  2.498  0.091748    0.0   0.0  0.002788    0.0    0.0
0.656094  2.471  0.111688    0.0   0.0  0.003390    0.0    0.0
0.645068  2.444  0.140980    0.0   0.0  0.003981    0.0    0.0
0.634173  2.417  0.149446    0.0   0.0  0.003977    0.0    0.0
0.623405  2.390  0.141783    0.0   0.0  0.003804    0.0    0.0
0.612763  2.363  0.131858    0.0   0.0  0.003523    0.0    0.0
0.601954  2.336  0.122884    0.0   0.0  0.003316    0.0    0.0
0.591564  2.309  0.120370    0.0   0.0  0.003277    0.0    0.0
0.581293  2.282  0.121910    0.0   0.0  0.003357    0.0    0.0
0.570886  2.254  0.126578    0.0   0.0  0.003492    0.0    0.0
0.560848  2.227  0.135244    0.0   0.0  0.003699    0.0    0.0
0.550666  2.200  0.150388    0.0   0.0  0.004120    0.0    0.0
0.540859  2.173  0.161009    0.0   0.0  0.004396    0.0    0.0
0.531162  2.146  0.183446    0.0   0.0  0.004913    0.0    0.0
0.521572  2.119  0.211157    0.0   0.0  0.005465    0.0    0.0
0.512087  2.092  0.218873    0.0   0.0  0.005557    0.0    0.0
0.502478  2.065  0.222922    0.0   0.0  0.005600    0.0    0.0
0.493205  2.038  0.219089    0.0   0.0  0.005489    0.0    0.0
0.479365  1.997  0.206594    0.0   0.0  0.005459    0.0    0.0
0.461414  1.943  0.210082    0.0   0.0  0.005896    0.0    0.0
0.443413  1.888  0.214644    0.0   0.0  0.006068    0.0    0.0
0.426222  1.834  0.231182    0.0   0.0  0.006460    0.0    0.0
0.409211  1.780  0.244267    0.0   0.0  0.006794    0.0    0.0
0.392731  1.726  0.257791    0.0   0.0  0.007310    0.0    0.0
0.376359  1.671  0.268002    0.0   0.0  0.007510    0.0    0.0
0.360389  1.617  0.282492    0.0   0.0  0.007866    0.0    0.0
0.344892  1.563  0.287750    0.0   0.0  0.007880    0.0    0.0
0.910717  3.512  0.000659    0.0   0.0  0.000378    0.0    0.0
0.898049  3.480  0.003465    0.0   0.0  0.000595    0.0    0.0
0.885930  3.448  0.010242    0.0   0.0  0.000899    0.0    0.0
0.873496  3.416  0.021671    0.0   0.0  0.001150    0.0    0.0
0.861436  3.385  0.030239    0.0   0.0  0.001303    0.0    0.0
0.849640  3.353  0.035550    0.0   0.0  0.001274    0.0    0.0
0.837549  3.321  0.035210    0.0   0.0  0.001225    0.0    0.0
0.825572  3.289  0.033718    0.0   0.0  0.001058    0.0    0.0
0.814088  3.257  0.033850    0.0   0.0  0.001048    0.0    0.0
0.802327  3.225  0.034224    0.0   0.0  0.001046    0.0    0.0
0.791042  3.193  0.034702    0.0   0.0  0.001048    0.0    0.0
0.779490  3.161  0.036377    0.0   0.0  0.001070    0.0    0.0
0.768045  3.129  0.039645    0.0   0.0  0.001223    0.0    0.0
0.757296  3.098  0.043259    0.0   0.0  0.001277    0.0    0.0
0.746052  3.066  0.046586    0.0   0.0  0.001334    0.0    0.0
0.734909  3.034  0.049906    0.0   0.0  0.001601    0.0    0.0
0.724196  3.002  0.054372    0.0   0.0  0.001683    0.0    0.0
0.713247  2.970  0.062886    0.0   0.0  0.001947    0.0    0.0
0.702397  2.938  0.076502    0.0   0.0  0.002873    0.0    0.0
0.691953  2.906  0.092883    0.0   0.0  0.003390    0.0    0.0
0.681289  2.874  0.109076    0.0   0.0  0.003811    0.0    0.0
0.670956  2.843  0.116316    0.0   0.0  0.003921    0.0    0.0
0.660770  2.811  0.113067    0.0   0.0  0.003729    0.0    0.0
0.650379  2.779  0.105592    0.0   0.0  0.003467    0.0    0.0
0.640079  2.747  0.103006    0.0   0.0  0.003396    0.0    0.0
0.630143  2.715  0.101477    0.0   0.0  0.003354    0.0    0.0
0.620015  2.683  0.101151    0.0   0.0  0.003570    0.0    0.0
0.609975  2.651  0.100223    0.0   0.0  0.003443    0.0    0.0
0.600279  2.619  0.112055    0.0   0.0  0.003816    0.0    0.0
0.590406  2.587  0.123470    0.0   0.0  0.004199    0.0    0.0
0.580843  2.556  0.135302    0.0   0.0  0.004488    0.0    0.0
0.571378  2.524  0.151940    0.0   0.0  0.004928    0.0    0.0
0.561748  2.492  0.163623    0.0   0.0  0.005152    0.0    0.0
0.552431  2.460  0.169988    0.0   0.0  0.005393    0.0    0.0
0.542957  2.428  0.179638    0.0   0.0  0.005502    0.0    0.0
0.533562  2.396  0.177322    0.0   0.0  0.005466    0.0    0.0
0.519832  2.348  0.169515    0.0   0.0  0.005353    0.0    0.0
0.920852  3.990  0.001708    0.0   0.0  0.000418    0.0    0.0
0.909393  3.954  0.003079    0.0   0.0  0.000733    0.0    0.0
0.898170  3.917  0.006165    0.0   0.0  0.001117    0.0    0.0
0.887242  3.881  0.015416    0.0   0.0  0.001183    0.0    0.0
0.876006  3.845  0.025610    0.0   0.0  0.001230    0.0    0.0
0.865215  3.809  0.025604    0.0   0.0  0.001166    0.0    0.0
0.921652  4.054  0.000342    0.0   0.0  0.000468    0.0    0.0
0.910917  4.029  0.003003    0.0   0.0  0.001089    0.0    0.0
0.900074  4.003  0.006379    0.0   0.0  0.001049    0.0    0.0
0.889573  3.978  0.015414    0.0   0.0  0.001523    0.0    0.0
0.878964  3.952  0.022821    0.0   0.0  0.001819    0.0    0.0
0.868690  3.927  0.024859    0.0   0.0  0.002082    0.0    0.0
0.858307  3.901  0.025270    0.0   0.0  0.002022    0.0    0.0
0.848035  3.875  0.025039    0.0   0.0  0.001403    0.0    0.0
0.838089  3.850  0.024939    0.0   0.0  0.001229    0.0    0.0
0.828032  3.824  0.025278    0.0   0.0  0.001226    0.0    0.0
0.818296  3.799  0.026026    0.0   0.0  0.001305    0.0    0.0
0.808123  3.773  0.027190    0.0   0.0  0.001162    0.0    0.0
0.798595  3.748  0.029306    0.0   0.0  0.001180    0.0    0.0
0.788955  3.722  0.032449    0.0   0.0  0.001283    0.0    0.0
0.779624  3.697  0.036647    0.0   0.0  0.001324    0.0    0.0
0.770179  3.671  0.041662    0.0   0.0  0.001446    0.0    0.0
0.761039  3.646  0.046090    0.0   0.0  0.001580    0.0    0.0
0.751784  3.620  0.048537    0.0   0.0  0.001664    0.0    0.0
0.742622  3.594  0.061705    0.0   0.0  0.002003    0.0    0.0
0.733757  3.569  0.072271    0.0   0.0  0.002412    0.0    0.0
0.724777  3.543  0.084733    0.0   0.0  0.002606    0.0    0.0
0.716089  3.518  0.083320    0.0   0.0  0.002448    0.0    0.0
0.707285  3.492  0.080800    0.0   0.0  0.002359    0.0    0.0
0.698768  3.467  0.075173    0.0   0.0  0.002140    0.0    0.0
0.690135  3.441  0.071826    0.0   0.0  0.002099    0.0    0.0
0.681785  3.416  0.072802    0.0   0.0  0.002114    0.0    0.0
0.673318  3.390  0.072907    0.0   0.0  0.002136    0.0    0.0
0.665129  3.365  0.079405    0.0   0.0  0.002281    0.0    0.0
0.656823  3.339  0.081562    0.0   0.0  0.002546    0.0    0.0
0.648596  3.313  0.093610    0.0   0.0  0.002827    0.0    0.0
0.640642  3.288  0.101514    0.0   0.0  0.003041    0.0    0.0
0.632569  3.262  0.116365    0.0   0.0  0.003329    0.0    0.0
0.624766  3.237  0.123182    0.0   0.0  0.003419    0.0    0.0
0.616843  3.211  0.130223    0.0   0.0  0.003469    0.0    0.0
0.609186  3.186  0.130232    0.0   0.0  0.003424    0.0    0.0
0.601409  3.160  0.129297    0.0   0.0  0.003347    0.0    0.0
0.589963  3.122  0.131048    0.0   0.0  0.003312    0.0    0.0
0.575024  3.071  0.134108    0.0   0.0  0.003434    0.0    0.0
0.560355  3.020  0.139157    0.0   0.0  0.003990    0.0    0.0
0.545950  2.969  0.147018    0.0   0.0  0.004648    0.0    0.0
0.531618  2.917  0.156477    0.0   0.0  0.005848    0.0    0.0
0.517720  2.866  0.163203    0.0   0.0  0.005962    0.0    0.0
0.504065  2.815  0.173084    0.0   0.0  0.006233    0.0    0.0
0.490646  2.764  0.179640    0.0   0.0  0.006396    0.0    0.0
0.477458  2.713  0.188559    0.0   0.0  0.006564    0.0    0.0
0.930135  4.594  0.000616    0.0   0.0  0.000349    0.0    0.0
0.920417  4.565  0.002164    0.0   0.0  0.000538    0.0    0.0
0.910779  4.536  0.004503    0.0   0.0  0.000767    0.0    0.0
0.901221  4.507  0.011535    0.0   0.0  0.000982    0.0    0.0
0.891741  4.478  0.015439    0.0   0.0  0.001095    0.0    0.0
0.882011  4.449  0.019550    0.0   0.0  0.001171    0.0    0.0
0.872691  4.420  0.019885    0.0   0.0  0.001113    0.0    0.0
0.863446  4.391  0.017817    0.0   0.0  0.000790    0.0    0.0
0.854276  4.362  0.019301    0.0   0.0  0.000788    0.0    0.0
0.844870  4.333  0.019057    0.0   0.0  0.000782    0.0    0.0
0.835851  4.304  0.020872    0.0   0.0  0.000788    0.0    0.0
0.826905  4.275  0.021903    0.0   0.0  0.000793    0.0    0.0
0.818029  4.246  0.023005    0.0   0.0  0.000804    0.0    0.0
0.809224  4.217  0.024862    0.0   0.0  0.000825    0.0    0.0
0.800201  4.188  0.027489    0.0   0.0  0.000973    0.0    0.0
0.791538  4.159  0.031141    0.0   0.0  0.001014    0.0    0.0
0.783133  4.131  0.034775    0.0   0.0  0.001069    0.0    0.0
0.774604  4.102  0.041648    0.0   0.0  0.001279    0.0    0.0
0.765871  4.073  0.046579    0.0   0.0  0.001430    0.0    0.0
0.757478  4.044  0.059347    0.0   0.0  0.001743    0.0    0.0
0.749149  4.015  0.065098    0.0   0.0  0.001806    0.0    0.0
0.740885  3.986  0.065368    0.0   0.0  0.001727    0.0    0.0
0.732683  3.957  0.063315    0.0   0.0  0.001592    0.0    0.0
0.724293  3.928  0.059717    0.0   0.0  0.001533    0.0    0.0
0.716220  3.899  0.057405    0.0   0.0  0.001500    0.0    0.0
0.708207  3.870  0.057684    0.0   0.0  0.001507    0.0    0.0
0.700255  3.841  0.060037    0.0   0.0  0.001655    0.0    0.0
0.692127  3.812  0.063614    0.0   0.0  0.001707    0.0    0.0
0.684297  3.783  0.066363    0.0   0.0  0.001983    0.0    0.0
0.676525  3.754  0.073486    0.0   0.0  0.002190    0.0    0.0
0.668811  3.725  0.083435    0.0   0.0  0.002432    0.0    0.0
0.661154  3.696  0.094832    0.0   0.0  0.002560    0.0    0.0
0.653334  3.667  0.102526    0.0   0.0  0.002754    0.0    0.0
0.645792  3.638  0.107949    0.0   0.0  0.002688    0.0    0.0
0.638306  3.609  0.110699    0.0   0.0  0.002781    0.0    0.0
0.631050  3.581  0.109148    0.0   0.0  0.002658    0.0    0.0
0.619811  3.537  0.109871    0.0   0.0  0.002676    0.0    0.0
0.605071  3.479  0.112172    0.0   0.0  0.002717    0.0    0.0
0.590742  3.421  0.118489    0.0   0.0  0.003232    0.0    0.0
0.576616  3.363  0.126038    0.0   0.0  0.003882    0.0    0.0
0.562679  3.306  0.134647    0.0   0.0  0.005424    0.0    0.0
0.548950  3.248  0.146485    0.0   0.0  0.005598    0.0    0.0
0.535243  3.190  0.149522    0.0   0.0  0.005719    0.0    0.0
0.521896  3.132  0.160970    0.0   0.0  0.005870    0.0    0.0
0.508574  3.074  0.163576    0.0   0.0  0.006566    0.0    0.0
0.935954  5.039  0.000496    0.0   0.0  0.000281    0.0    0.0
0.927102  5.007  0.002239    0.0   0.0  0.000543    0.0    0.0
0.917988  4.975  0.003000    0.0   0.0  0.000612    0.0    0.0
0.908936  4.943  0.010295    0.0   0.0  0.000697    0.0    0.0
0.900129  4.912  0.012807    0.0   0.0  0.000873    0.0    0.0
0.891506  4.880  0.015917    0.0   0.0  0.000817    0.0    0.0
0.882634  4.848  0.017061    0.0   0.0  0.000772    0.0    0.0
0.873823  4.816  0.015856    0.0   0.0  0.000745    0.0    0.0
0.865252  4.785  0.015822    0.0   0.0  0.000730    0.0    0.0
0.856849  4.753  0.016043    0.0   0.0  0.000717    0.0    0.0
0.848211  4.721  0.016146    0.0   0.0  0.000710    0.0    0.0
0.839631  4.689  0.018926    0.0   0.0  0.000917    0.0    0.0
0.831565  4.658  0.019808    0.0   0.0  0.000917    0.0    0.0
0.823095  4.626  0.022461    0.0   0.0  0.000932    0.0    0.0
0.814681  4.594  0.023265    0.0   0.0  0.000943    0.0    0.0
0.806323  4.562  0.026044    0.0   0.0  0.000972    0.0    0.0
0.798460  4.531  0.028272    0.0   0.0  0.001191    0.0    0.0
0.790208  4.499  0.034939    0.0   0.0  0.001268    0.0    0.0
0.782010  4.467  0.039732    0.0   0.0  0.001380    0.0    0.0
0.774119  4.435  0.046060    0.0   0.0  0.001685    0.0    0.0
0.766198  4.404  0.056898    0.0   0.0  0.001887    0.0    0.0
0.758156  4.372  0.057729    0.0   0.0  0.001760    0.0    0.0
0.750166  4.340  0.055588    0.0   0.0  0.001738    0.0    0.0
0.742467  4.308  0.050869    0.0   0.0  0.001481    0.0    0.0
0.734748  4.277  0.049667    0.0   0.0  0.001643    0.0    0.0
0.726907  4.245  0.051811    0.0   0.0  0.001651    0.0    0.0
0.719117  4.213  0.054067    0.0   0.0  0.001669    0.0    0.0
0.711603  4.181  0.055938    0.0   0.0  0.001690    0.0    0.0
0.704078  4.150  0.055662    0.0   0.0  0.002068    0.0    0.0
0.696432  4.118  0.061951    0.0   0.0  0.002310    0.0    0.0
0.689052  4.086  0.066112    0.0   0.0  0.002368    0.0    0.0
0.681499  4.054  0.076385    0.0   0.0  0.002628    0.0    0.0
0.674161  4.023  0.087267    0.0   0.0  0.002820    0.0    0.0
0.666702  3.991  0.091538    0.0   0.0  0.002770    0.0    0.0
0.659496  3.959  0.094070    0.0   0.0  0.002939    0.0    0.0
0.652127  3.927  0.093169    0.0   0.0  0.002753    0.0    0.0
0.641324  3.880  0.092272    0.0   0.0  0.003087    0.0    0.0
0.627050  3.816  0.094983    0.0   0.0  0.003133    0.0    0.0
0.612918  3.753  0.100088    0.0   0.0  0.003209    0.0    0.0
0.598978  3.689  0.106155    0.0   0.0  0.003447    0.0    0.0
0.585360  3.626  0.116677    0.0   0.0  0.003588    0.0    0.0
0.571565  3.562  0.124386    0.0   0.0  0.003837    0.0    0.0
0.558262  3.499  0.131668    0.0   0.0  0.004072    0.0    0.0
0.544789  3.435  0.143389    0.0   0.0  0.004220    0.0    0.0
0.531790  3.372  0.147774    0.0   0.0  0.004401    0.0    0.0
0.913282  3.635  0.000608    0.0   0.0  0.000268    0.0    0.0
0.901475  3.610  0.002645    0.0   0.0  0.000485    0.0    0.0
0.889645  3.586  0.007501    0.0   0.0  0.000813    0.0    0.0
0.878129  3.561  0.019443    0.0   0.0  0.001043    0.0    0.0
0.866351  3.536  0.028290    0.0   0.0  0.001123    0.0    0.0
0.855358  3.512  0.031148    0.0   0.0  0.001042    0.0    0.0
0.843870  3.487  0.030656    0.0   0.0  0.000912    0.0    0.0
0.832903  3.462  0.030362    0.0   0.0  0.000801    0.0    0.0
0.821934  3.438  0.029990    0.0   0.0  0.000746    0.0    0.0
0.811226  3.413  0.030282    0.0   0.0  0.000761    0.0    0.0
0.800286  3.388  0.032119    0.0   0.0  0.000840    0.0    0.0
0.790064  3.364  0.034539    0.0   0.0  0.000922    0.0    0.0
0.779384  3.339  0.036523    0.0   0.0  0.000954    0.0    0.0
0.769169  3.314  0.038880    0.0   0.0  0.000994    0.0    0.0
0.758970  3.290  0.042737    0.0   0.0  0.001100    0.0    0.0
0.748988  3.265  0.047899    0.0   0.0  0.001219    0.0    0.0
0.738801  3.240  0.049137    0.0   0.0  0.001281    0.0    0.0
0.729271  3.216  0.059921    0.0   0.0  0.001496    0.0    0.0
0.719317  3.191  0.067926    0.0   0.0  0.001773    0.0    0.0
0.709778  3.166  0.087263    0.0   0.0  0.002189    0.0    0.0
0.700273  3.142  0.101716    0.0   0.0  0.002291    0.0    0.0
0.690945  3.117  0.101707    0.0   0.0  0.002004    0.0    0.0
0.681434  3.092  0.098451    0.0   0.0  0.001941    0.0    0.0
0.672529  3.068  0.090572    0.0   0.0  0.001929    0.0    0.0
0.663230  3.043  0.086105    0.0   0.0  0.001822    0.0    0.0
0.654302  3.018  0.084463    0.0   0.0  0.001775    0.0    0.0
0.645423  2.994  0.089021    0.0   0.0  0.002259    0.0    0.0
0.636685  2.969  0.091164    0.0   0.0  0.002365    0.0    0.0
0.627787  2.944  0.095938    0.0   0.0  0.002460    0.0    0.0
0.619447  2.920  0.105617    0.0   0.0  0.002671    0.0    0.0
0.610740  2.895  0.117525    0.0   0.0  0.002988    0.0    0.0
0.602366  2.870  0.135482    0.0   0.0  0.003292    0.0    0.0
0.594053  2.846  0.150259    0.0   0.0  0.003439    0.0    0.0
0.585851  2.821  0.159050    0.0   0.0  0.003464    0.0    0.0
0.577508  2.796  0.156376    0.0   0.0  0.003387    0.0    0.0
0.569681  2.772  0.155723    0.0   0.0  0.003329    0.0    0.0
0.557775  2.735  0.153793    0.0   0.0  0.003380    0.0    0.0
0.541978  2.685  0.156006    0.0   0.0  0.003533    0.0    0.0
0.526700  2.636  0.164622    0.0   0.0  0.004120    0.0    0.0
0.511729  2.587  0.177170    0.0   0.0  0.004355    0.0    0.0
0.496859  2.537  0.186456    0.0   0.0  0.004554    0.0    0.0
0.482475  2.488  0.195527    0.0   0.0  0.004685    0.0    0.0
0.468371  2.439  0.204598    0.0   0.0  0.004912    0.0    0.0
0.454348  2.389  0.216501    0.0   0.0  0.004887    0.0    0.0
0.440782  2.340  0.223906    0.0   0.0  0.004881    0.0    0.0
0.621527  0.568  0.025866    0.0   0.0  0.003414    0.0    0.0
0.587335  0.561  0.050464    0.0   0.0  0.003136    0.0    0.0
0.553929  0.553  0.116685    0.0   0.0  0.005849    0.0    0.0
0.524253  0.546  0.218481    0.0   0.0  0.006339    0.0    0.0
0.496938  0.539  0.287169    0.0   0.0  0.006878    0.0    0.0
0.471611  0.531  0.357426    0.0   0.0  0.007053    0.0    0.0
0.448213  0.524  0.348088    0.0   0.0  0.006721    0.0    0.0
0.426480  0.517  0.297904    0.0   0.0  0.005910    0.0    0.0
0.406053  0.509  0.244909    0.0   0.0  0.004863    0.0    0.0
0.387139  0.502  0.213282    0.0   0.0  0.004352    0.0    0.0
0.368697  0.494  0.187364    0.0   0.0  0.003987    0.0    0.0
0.352129  0.487  0.176385    0.0   0.0  0.003805    0.0    0.0
0.337008  0.480  0.172266    0.0   0.0  0.003745    0.0    0.0
0.321645  0.472  0.173760    0.0   0.0  0.003820    0.0    0.0
0.307821  0.465  0.180250    0.0   0.0  0.003952    0.0    0.0
0.295122  0.458  0.190075    0.0   0.0  0.004121    0.0    0.0
0.282120  0.450  0.208342    0.0   0.0  0.004508    0.0    0.0
0.270415  0.443  0.216629    0.0   0.0  0.004743    0.0    0.0
0.259310  0.436  0.244237    0.0   0.0  0.005275    0.0    0.0
0.248452  0.428  0.287880    0.0   0.0  0.006090    0.0    0.0
0.238415  0.421  0.338742    0.0   0.0  0.006823    0.0    0.0
0.228304  0.413  0.351232    0.0   0.0  0.006895    0.0    0.0
0.219427  0.406  0.321679    0.0   0.0  0.006343    0.0    0.0
0.210728  0.399  0.292094    0.0   0.0  0.005789    0.0    0.0
0.201901  0.391  0.281010    0.0   0.0  0.005596    0.0    0.0
0.193963  0.384  0.269113    0.0   0.0  0.006804    0.0    0.0
0.186538  0.377  0.268439    0.0   0.0  0.006804    0.0    0.0
0.178762  0.369  0.267682    0.0   0.0  0.006852    0.0    0.0
0.171779  0.362  0.271725    0.0   0.0  0.006985    0.0    0.0
0.164755  0.354  0.279511    0.0   0.0  0.007251    0.0    0.0
0.158317  0.347  0.303761    0.0   0.0  0.007009    0.0    0.0
0.152128  0.340  0.316489    0.0   0.0  0.007094    0.0    0.0
0.145734  0.332  0.322659    0.0   0.0  0.007185    0.0    0.0
0.140122  0.325  0.315276    0.0   0.0  0.006988    0.0    0.0
0.134599  0.318  0.300954    0.0   0.0  0.006657    0.0    0.0
0.128859  0.310  0.279133    0.0   0.0  0.006184    0.0    0.0
0.121075  0.299  0.255483    0.0   0.0  0.005601    0.0    0.0
0.111199  0.284  0.231652    0.0   0.0  0.005102    0.0    0.0
0.102261  0.270  0.219755    0.0   0.0  0.004929    0.0    0.0
0.093587  0.255  0.212749    0.0   0.0  0.004941    0.0    0.0
0.085377  0.240  0.206472    0.0   0.0  0.004744    0.0    0.0
0.077707  0.225  0.204803    0.0   0.0  0.004648    0.0    0.0
0.070806  0.211  0.195727    0.0   0.0  0.004427    0.0    0.0
0.063921  0.196  0.183083    0.0   0.0  0.004134    0.0    0.0
0.057447  0.181  0.172103    0.0   0.0  0.004053    0.0    0.0
0.747075  1.022  0.016905    0.0   0.0  0.002223    0.0    0.0
0.718837  1.009  0.041057    0.0   0.0  0.002119    0.0    0.0
0.691097  0.996  0.069480    0.0   0.0  0.003549    0.0    0.0
0.664933  0.982  0.136688    0.0   0.0  0.003993    0.0    0.0
0.639869  0.969  0.190531    0.0   0.0  0.004322    0.0    0.0
0.616764  0.956  0.242274    0.0   0.0  0.004288    0.0    0.0
0.593994  0.943  0.223222    0.0   0.0  0.003866    0.0    0.0
0.571661  0.929  0.209397    0.0   0.0  0.003610    0.0    0.0
0.551560  0.916  0.179059    0.0   0.0  0.003066    0.0    0.0
0.531716  0.903  0.162317    0.0   0.0  0.002794    0.0    0.0
0.513285  0.890  0.152975    0.0   0.0  0.002650    0.0    0.0
0.494508  0.876  0.150130    0.0   0.0  0.002607    0.0    0.0
0.477062  0.863  0.152769    0.0   0.0  0.002660    0.0    0.0
0.460793  0.850  0.157647    0.0   0.0  0.002754    0.0    0.0
0.444698  0.837  0.161053    0.0   0.0  0.002845    0.0    0.0
0.429131  0.823  0.166037    0.0   0.0  0.002966    0.0    0.0
0.414246  0.810  0.177454    0.0   0.0  0.004154    0.0    0.0
0.400298  0.797  0.193431    0.0   0.0  0.004533    0.0    0.0
0.386484  0.784  0.220897    0.0   0.0  0.005186    0.0    0.0
0.372687  0.770  0.266110    0.0   0.0  0.006218    0.0    0.0
0.360179  0.757  0.319625    0.0   0.0  0.007384    0.0    0.0
0.347784  0.744  0.325247    0.0   0.0  0.007224    0.0    0.0
0.335645  0.730  0.307321    0.0   0.0  0.006822    0.0    0.0
0.324076  0.717  0.286588    0.0   0.0  0.006358    0.0    0.0
0.313153  0.704  0.268731    0.0   0.0  0.006086    0.0    0.0
0.302323  0.691  0.259123    0.0   0.0  0.006172    0.0    0.0
0.291413  0.677  0.257588    0.0   0.0  0.006162    0.0    0.0
0.281497  0.664  0.266582    0.0   0.0  0.006382    0.0    0.0
0.271663  0.651  0.267067    0.0   0.0  0.006458    0.0    0.0
0.262335  0.638  0.295996    0.0   0.0  0.007107    0.0    0.0
0.252679  0.624  0.318121    0.0   0.0  0.007635    0.0    0.0
0.243711  0.611  0.344993    0.0   0.0  0.008220    0.0    0.0
0.235181  0.598  0.369197    0.0   0.0  0.008637    0.0    0.0
0.226722  0.585  0.355863    0.0   0.0  0.008331    0.0    0.0
0.218280  0.571  0.343739    0.0   0.0  0.008027    0.0    0.0
0.210293  0.558  0.332642    0.0   0.0  0.007749    0.0    0.0
0.198681  0.538  0.303596    0.0   0.0  0.007292    0.0    0.0
0.184104  0.512  0.284705    0.0   0.0  0.006889    0.0    0.0
0.169812  0.485  0.280326    0.0   0.0  0.006688    0.0    0.0
0.156693  0.459  0.280746    0.0   0.0  0.006595    0.0    0.0
0.143881  0.432  0.278533    0.0   0.0  0.006467    0.0    0.0
0.132004  0.406  0.276699    0.0   0.0  0.006356    0.0    0.0
0.120362  0.379  0.266158    0.0   0.0  0.006068    0.0    0.0
0.109558  0.353  0.253614    0.0   0.0  0.005745    0.0    0.0
0.098931  0.326  0.236758    0.0   0.0  0.005362    0.0    0.0
0.813137  1.503  0.010316    0.0   0.0  0.001416    0.0    0.0
0.790025  1.484  0.024423    0.0   0.0  0.001467    0.0    0.0
0.767116  1.464  0.045961    0.0   0.0  0.002516    0.0    0.0
0.744712  1.445  0.093932    0.0   0.0  0.002790    0.0    0.0
0.723213  1.425  0.121122    0.0   0.0  0.003492    0.0    0.0
0.702860  1.406  0.149208    0.0   0.0  0.003699    0.0    0.0
0.682617  1.386  0.151415    0.0   0.0  0.003632    0.0    0.0
0.662845  1.367  0.138955    0.0   0.0  0.003336    0.0    0.0
0.643774  1.347  0.127411    0.0   0.0  0.003008    0.0    0.0
0.625715  1.328  0.117339    0.0   0.0  0.002880    0.0    0.0
0.607694  1.308  0.117897    0.0   0.0  0.002899    0.0    0.0
0.590121  1.289  0.118450    0.0   0.0  0.003019    0.0    0.0
0.573087  1.269  0.119528    0.0   0.0  0.003062    0.0    0.0
0.556955  1.250  0.126976    0.0   0.0  0.003230    0.0    0.0
0.540808  1.230  0.127519    0.0   0.0  0.003285    0.0    0.0
0.525089  1.211  0.134864    0.0   0.0  0.003487    0.0    0.0
0.509781  1.191  0.147499    0.0   0.0  0.003773    0.0    0.0
0.495283  1.172  0.159257    0.0   0.0  0.004207    0.0    0.0
0.480355  1.152  0.188569    0.0   0.0  0.005098    0.0    0.0
0.466591  1.133  0.228049    0.0   0.0  0.006002    0.0    0.0
0.452757  1.113  0.269821    0.0   0.0  0.006986    0.0    0.0
0.439658  1.094  0.294435    0.0   0.0  0.007264    0.0    0.0
0.426157  1.074  0.282276    0.0   0.0  0.006947    0.0    0.0
0.413689  1.055  0.259581    0.0   0.0  0.006424    0.0    0.0
0.401124  1.035  0.236339    0.0   0.0  0.005998    0.0    0.0
0.389231  1.016  0.228065    0.0   0.0  0.005909    0.0    0.0
0.376962  0.996  0.237427    0.0   0.0  0.006118    0.0    0.0
0.365616  0.977  0.231832    0.0   0.0  0.006061    0.0    0.0
0.354153  0.957  0.245181    0.0   0.0  0.006384    0.0    0.0
0.343307  0.938  0.266625    0.0   0.0  0.006890    0.0    0.0
0.332109  0.918  0.292270    0.0   0.0  0.007367    0.0    0.0
0.321741  0.899  0.323422    0.0   0.0  0.007931    0.0    0.0
0.311238  0.879  0.352383    0.0   0.0  0.008460    0.0    0.0
0.301308  0.860  0.361240    0.0   0.0  0.008604    0.0    0.0
0.291047  0.840  0.346742    0.0   0.0  0.008242    0.0    0.0
0.281535  0.821  0.338279    0.0   0.0  0.008035    0.0    0.0
0.267460  0.792  0.312533    0.0   0.0  0.007388    0.0    0.0
0.249081  0.753  0.302759    0.0   0.0  0.007163    0.0    0.0
0.231580  0.714  0.301271    0.0   0.0  0.007157    0.0    0.0
0.214620  0.675  0.303797    0.0   0.0  0.007217    0.0    0.0
0.198431  0.636  0.306090    0.0   0.0  0.007229    0.0    0.0
0.182733  0.597  0.311279    0.0   0.0  0.007283    0.0    0.0
0.856778  2.066  0.004625    0.0   0.0  0.000887    0.0    0.0
0.837757  2.039  0.012180    0.0   0.0  0.001138    0.0    0.0
0.819086  2.012  0.027689    0.0   0.0  0.002065    0.0    0.0
0.800147  1.985  0.056116    0.0   0.0  0.002259    0.0    0.0
0.782563  1.959  0.074807    0.0   0.0  0.002601    0.0    0.0
0.764329  1.932  0.088181    0.0   0.0  0.002690    0.0    0.0
0.746993  1.905  0.090458    0.0   0.0  0.002661    0.0    0.0
0.729960  1.878  0.085671    0.0   0.0  0.002480    0.0    0.0
0.712707  1.851  0.081566    0.0   0.0  0.002282    0.0    0.0
0.696656  1.825  0.079128    0.0   0.0  0.002350    0.0    0.0
0.680500  1.798  0.081109    0.0   0.0  0.002382    0.0    0.0
0.664149  1.771  0.080431    0.0   0.0  0.002634    0.0    0.0
0.648547  1.744  0.084731    0.0   0.0  0.002697    0.0    0.0
0.633204  1.717  0.088924    0.0   0.0  0.002832    0.0    0.0
0.618055  1.691  0.097048    0.0   0.0  0.003028    0.0    0.0
0.603222  1.664  0.102669    0.0   0.0  0.003224    0.0    0.0
0.588232  1.637  0.112298    0.0   0.0  0.003488    0.0    0.0
0.573886  1.610  0.124293    0.0   0.0  0.003796    0.0    0.0
0.560122  1.584  0.149265    0.0   0.0  0.004388    0.0    0.0
0.545866  1.557  0.177039    0.0   0.0  0.005110    0.0    0.0
0.532198  1.530  0.212142    0.0   0.0  0.005845    0.0    0.0
0.518743  1.503  0.234309    0.0   0.0  0.006168    0.0    0.0
0.505171  1.476  0.225256    0.0   0.0  0.005916    0.0    0.0
0.492477  1.450  0.205350    0.0   0.0  0.005447    0.0    0.0
0.479638  1.423  0.196175    0.0   0.0  0.005404    0.0    0.0
0.466700  1.396  0.195553    0.0   0.0  0.005616    0.0    0.0
0.454254  1.369  0.196148    0.0   0.0  0.005615    0.0    0.0
0.441720  1.342  0.200649    0.0   0.0  0.005757    0.0    0.0
0.429975  1.316  0.223100    0.0   0.0  0.006228    0.0    0.0
0.418077  1.289  0.229505    0.0   0.0  0.006475    0.0    0.0
0.406106  1.262  0.261697    0.0   0.0  0.007068    0.0    0.0
0.394559  1.235  0.290244    0.0   0.0  0.007653    0.0    0.0
0.383176  1.208  0.322935    0.0   0.0  0.008263    0.0    0.0
0.372050  1.182  0.332344    0.0   0.0  0.008404    0.0    0.0
0.360993  1.155  0.332557    0.0   0.0  0.008374    0.0    0.0
0.349886  1.128  0.322817    0.0   0.0  0.008124    0.0    0.0
0.881033  2.556  0.002504    0.0   0.0  0.000640    0.0    0.0
0.864625  2.523  0.009471    0.0   0.0  0.000931    0.0    0.0
0.848406  2.490  0.018647    0.0   0.0  0.001483    0.0    0.0
0.832372  2.457  0.039283    0.0   0.0  0.001726    0.0    0.0
0.816520  2.424  0.052402    0.0   0.0  0.001914    0.0    0.0
0.800848  2.391  0.060174    0.0   0.0  0.002014    0.0    0.0
0.785020  2.357  0.060905    0.0   0.0  0.001997    0.0    0.0
0.769699  2.324  0.057738    0.0   0.0  0.001839    0.0    0.0
0.754549  2.291  0.055512    0.0   0.0  0.001700    0.0    0.0
0.739567  2.258  0.055880    0.0   0.0  0.001789    0.0    0.0
0.724749  2.225  0.056379    0.0   0.0  0.001789    0.0    0.0
0.710094  2.192  0.059801    0.0   0.0  0.001924    0.0    0.0
0.695275  2.158  0.065064    0.0   0.0  0.001991    0.0    0.0
0.680938  2.125  0.070063    0.0   0.0  0.002150    0.0    0.0
0.666755  2.092  0.075255    0.0   0.0  0.002226    0.0    0.0
0.652724  2.059  0.082239    0.0   0.0  0.002419    0.0    0.0
0.638842  2.026  0.091345    0.0   0.0  0.002650    0.0    0.0
0.625108  1.993  0.103341    0.0   0.0  0.003024    0.0    0.0
0.611206  1.959  0.121717    0.0   0.0  0.003513    0.0    0.0
0.597760  1.926  0.146461    0.0   0.0  0.004108    0.0    0.0
0.584455  1.893  0.177114    0.0   0.0  0.004716    0.0    0.0
0.571287  1.860  0.189693    0.0   0.0  0.004911    0.0    0.0
0.558255  1.827  0.186211    0.0   0.0  0.004831    0.0    0.0
0.545358  1.794  0.174704    0.0   0.0  0.004532    0.0    0.0
0.532591  1.760  0.167771    0.0   0.0  0.004457    0.0    0.0
0.519948  1.727  0.167131    0.0   0.0  0.004576    0.0    0.0
0.507433  1.694  0.171859    0.0   0.0  0.004712    0.0    0.0
0.495043  1.661  0.177950    0.0   0.0  0.004798    0.0    0.0
0.482778  1.628  0.188297    0.0   0.0  0.005034    0.0    0.0
0.470635  1.595  0.204571    0.0   0.0  0.005442    0.0    0.0
0.458612  1.562  0.227151    0.0   0.0  0.005959    0.0    0.0
0.446416  1.528  0.249105    0.0   0.0  0.006529    0.0    0.0
0.434630  1.495  0.274592    0.0   0.0  0.007059    0.0    0.0
0.422959  1.462  0.288633    0.0   0.0  0.007252    0.0    0.0
0.411402  1.429  0.288591    0.0   0.0  0.007219    0.0    0.0
0.399957  1.396  0.265677    0.0   0.0  0.006675    0.0    0.0
0.526499  0.494  0.119682    0.0   0.0  0.005474    0.0    0.0
0.491823  0.479  0.216306    0.0   0.0  0.005577    0.0    0.0
0.460587  0.465  0.306900    0.0   0.0  0.007346    0.0    0.0
0.431482  0.451  0.356525    0.0   0.0  0.008282    0.0    0.0
0.403371  0.436  0.359380    0.0   0.0  0.008077    0.0    0.0
0.377952  0.422  0.284830    0.0   0.0  0.006547    0.0    0.0
0.353238  0.407  0.260080    0.0   0.0  0.005839    0.0    0.0
0.330849  0.393  0.215256    0.0   0.0  0.004919    0.0    0.0
0.308948  0.378  0.180038    0.0   0.0  0.004050    0.0    0.0
0.289081  0.364  0.189643    0.0   0.0  0.004209    0.0    0.0
0.270309  0.350  0.185029    0.0   0.0  0.004113    0.0    0.0
0.594031  0.651  0.106320    0.0   0.0  0.004390    0.0    0.0
0.561315  0.632  0.185276    0.0   0.0  0.004426    0.0    0.0
0.529439  0.613  0.270691    0.0   0.0  0.006044    0.0    0.0
0.500062  0.594  0.314040    0.0   0.0  0.006832    0.0    0.0
0.471406  0.575  0.320200    0.0   0.0  0.006937    0.0    0.0
0.444879  0.556  0.272806    0.0   0.0  0.005942    0.0    0.0
0.418981  0.537  0.246024    0.0   0.0  0.005296    0.0    0.0
0.394906  0.518  0.206110    0.0   0.0  0.004469    0.0    0.0
0.702177  0.813  0.020903    0.0   0.0  0.002667    0.0    0.0
0.670091  0.801  0.042977    0.0   0.0  0.002232    0.0    0.0
0.640123  0.788  0.091589    0.0   0.0  0.004117    0.0    0.0
0.610936  0.775  0.161907    0.0   0.0  0.004187    0.0    0.0
0.583427  0.762  0.230186    0.0   0.0  0.005883    0.0    0.0
0.558199  0.750  0.290923    0.0   0.0  0.006619    0.0    0.0
0.533618  0.737  0.276440    0.0   0.0  0.006259    0.0    0.0
0.510338  0.724  0.253052    0.0   0.0  0.005811    0.0    0.0
0.488257  0.711  0.204844    0.0   0.0  0.004844    0.0    0.0
0.468545  0.699  0.191161    0.0   0.0  0.004540    0.0    0.0
0.448546  0.686  0.172610    0.0   0.0  0.004163    0.0    0.0
0.429506  0.673  0.166243    0.0   0.0  0.004043    0.0    0.0
0.411357  0.660  0.165210    0.0   0.0  0.004026    0.0    0.0
0.394646  0.648  0.171060    0.0   0.0  0.004169    0.0    0.0
0.378087  0.635  0.168817    0.0   0.0  0.003970    0.0    0.0
0.362648  0.622  0.175145    0.0   0.0  0.004031    0.0    0.0
0.347465  0.609  0.195787    0.0   0.0  0.004481    0.0    0.0
0.333478  0.597  0.215018    0.0   0.0  0.004932    0.0    0.0
0.319518  0.584  0.241214    0.0   0.0  0.005547    0.0    0.0
0.306119  0.571  0.279068    0.0   0.0  0.006429    0.0    0.0
0.293249  0.558  0.332758    0.0   0.0  0.007527    0.0    0.0
0.281393  0.546  0.351171    0.0   0.0  0.007795    0.0    0.0
0.269737  0.533  0.322790    0.0   0.0  0.007170    0.0    0.0
0.258253  0.520  0.297590    0.0   0.0  0.006612    0.0    0.0
0.247676  0.508  0.283295    0.0   0.0  0.006302    0.0    0.0
0.237001  0.495  0.274071    0.0   0.0  0.006130    0.0    0.0
0.226703  0.482  0.274514    0.0   0.0  0.006153    0.0    0.0
0.216763  0.469  0.275072    0.0   0.0  0.006189    0.0    0.0
0.207615  0.457  0.283426    0.0   0.0  0.006392    0.0    0.0
0.198494  0.444  0.302553    0.0   0.0  0.006854    0.0    0.0
0.189503  0.431  0.329384    0.0   0.0  0.007508    0.0    0.0
0.180803  0.418  0.345941    0.0   0.0  0.007874    0.0    0.0
0.172808  0.406  0.358156    0.0   0.0  0.008110    0.0    0.0
0.164644  0.393  0.346961    0.0   0.0  0.007692    0.0    0.0
0.156734  0.380  0.329884    0.0   0.0  0.007220    0.0    0.0
0.149064  0.367  0.310103    0.0   0.0  0.006789    0.0    0.0
0.138290  0.348  0.276045    0.0   0.0  0.006056    0.0    0.0
0.124638  0.323  0.251237    0.0   0.0  0.005511    0.0    0.0
0.111379  0.297  0.235753    0.0   0.0  0.005306    0.0    0.0
0.787272  1.272  0.013530    0.0   0.0  0.001747    0.0    0.0
0.760756  1.252  0.035191    0.0   0.0  0.001813    0.0    0.0
0.735191  1.232  0.056157    0.0   0.0  0.002897    0.0    0.0
0.711112  1.213  0.107072    0.0   0.0  0.003306    0.0    0.0
0.687289  1.193  0.150992    0.0   0.0  0.003971    0.0    0.0
0.664277  1.173  0.192374    0.0   0.0  0.004472    0.0    0.0
0.642034  1.153  0.190636    0.0   0.0  0.004368    0.0    0.0
0.620523  1.133  0.172472    0.0   0.0  0.004099    0.0    0.0
0.599708  1.113  0.151356    0.0   0.0  0.003808    0.0    0.0
0.579555  1.093  0.143893    0.0   0.0  0.003669    0.0    0.0
0.560035  1.073  0.139479    0.0   0.0  0.003563    0.0    0.0
0.540595  1.053  0.144093    0.0   0.0  0.003700    0.0    0.0
0.522277  1.033  0.138057    0.0   0.0  0.003610    0.0    0.0
0.504506  1.013  0.144120    0.0   0.0  0.003751    0.0    0.0
0.487260  0.993  0.147367    0.0   0.0  0.003898    0.0    0.0
0.470514  0.973  0.154167    0.0   0.0  0.004141    0.0    0.0
0.454247  0.953  0.160223    0.0   0.0  0.004298    0.0    0.0
0.438439  0.933  0.188298    0.0   0.0  0.004913    0.0    0.0
0.423535  0.914  0.213923    0.0   0.0  0.005529    0.0    0.0
0.408583  0.894  0.255058    0.0   0.0  0.006508    0.0    0.0
0.394035  0.874  0.287329    0.0   0.0  0.007333    0.0    0.0
0.379876  0.854  0.320819    0.0   0.0  0.007846    0.0    0.0
0.366090  0.834  0.302903    0.0   0.0  0.007429    0.0    0.0
0.352663  0.814  0.277778    0.0   0.0  0.006875    0.0    0.0
0.339581  0.794  0.263972    0.0   0.0  0.006519    0.0    0.0
0.326830  0.774  0.253249    0.0   0.0  0.006313    0.0    0.0
0.314399  0.754  0.259164    0.0   0.0  0.006451    0.0    0.0
0.302275  0.734  0.262564    0.0   0.0  0.006551    0.0    0.0
0.290448  0.714  0.270304    0.0   0.0  0.006746    0.0    0.0
0.278905  0.694  0.291295    0.0   0.0  0.007048    0.0    0.0
0.267638  0.674  0.320170    0.0   0.0  0.007580    0.0    0.0
0.256637  0.654  0.355158    0.0   0.0  0.008309    0.0    0.0
0.245891  0.634  0.381209    0.0   0.0  0.008806    0.0    0.0
0.235777  0.615  0.364546    0.0   0.0  0.008362    0.0    0.0
0.225514  0.595  0.361147    0.0   0.0  0.008173    0.0    0.0
0.215481  0.575  0.345678    0.0   0.0  0.007819    0.0    0.0