e99118,f2,d target
converted from 10079.xlsx
total uncertainty (stat and syst) is provided in column sys_tot. 
 0.0000  0
x     Q2      F2  Ebeam  stat  sys_tot  dummy  dummy
0.009  0.034  0.0492    0.0   0.0   0.0088    0.0    0.0
0.009  0.051  0.0580    0.0   0.0   0.0164    0.0    0.0
0.009  0.086  0.0896    0.0   0.0   0.0305    0.0    0.0
0.015  0.059  0.0669    0.0   0.0   0.0102    0.0    0.0
0.015  0.095  0.0831    0.0   0.0   0.0125    0.0    0.0
0.015  0.098  0.0935    0.0   0.0   0.0278    0.0    0.0
0.015  0.112  0.0966    0.0   0.0   0.0245    0.0    0.0
0.015  0.127  0.1073    0.0   0.0   0.0221    0.0    0.0
0.015  0.144  0.1129    0.0   0.0   0.0199    0.0    0.0
0.015  0.151  0.1186    0.0   0.0   0.0368    0.0    0.0
0.015  0.164  0.1227    0.0   0.0   0.0186    0.0    0.0
0.015  0.172  0.1286    0.0   0.0   0.0327    0.0    0.0
0.025  0.067  0.0834    0.0   0.0   0.0081    0.0    0.0
0.025  0.092  0.0953    0.0   0.0   0.0126    0.0    0.0
0.025  0.104  0.0994    0.0   0.0   0.0101    0.0    0.0
0.025  0.113  0.1024    0.0   0.0   0.0189    0.0    0.0
0.025  0.140  0.1208    0.0   0.0   0.0111    0.0    0.0
0.025  0.186  0.1441    0.0   0.0   0.0187    0.0    0.0
0.025  0.195  0.1439    0.0   0.0   0.0307    0.0    0.0
0.025  0.212  0.1545    0.0   0.0   0.0169    0.0    0.0
0.025  0.222  0.1568    0.0   0.0   0.0281    0.0    0.0
0.025  0.240  0.1656    0.0   0.0   0.0156    0.0    0.0
0.025  0.252  0.1745    0.0   0.0   0.0262    0.0    0.0
0.025  0.253  0.1601    0.0   0.0   0.0405    0.0    0.0
0.025  0.287  0.1814    0.0   0.0   0.0382    0.0    0.0
0.040  0.133  0.1280    0.0   0.0   0.0152    0.0    0.0
0.040  0.273  0.1876    0.0   0.0   0.0146    0.0    0.0
0.040  0.287  0.2002    0.0   0.0   0.0255    0.0    0.0
0.040  0.353  0.2077    0.0   0.0   0.0111    0.0    0.0
0.040  0.370  0.2139    0.0   0.0   0.0202    0.0    0.0
0.040  0.371  0.2155    0.0   0.0   0.0304    0.0    0.0
0.040  0.380  0.2231    0.0   0.0   0.0422    0.0    0.0
0.040  0.421  0.2268    0.0   0.0   0.0178    0.0    0.0
0.060  0.180  0.1616    0.0   0.0   0.0173    0.0    0.0
0.060  0.479  0.2563    0.0   0.0   0.0253    0.0    0.0
0.060  0.491  0.2702    0.0   0.0   0.0355    0.0    0.0
0.060  0.543  0.2609    0.0   0.0   0.0145    0.0    0.0
0.060  0.633  0.2958    0.0   0.0   0.0263    0.0    0.0
0.080  0.456  0.2451    0.0   0.0   0.0086    0.0    0.0
0.080  0.617  0.2752    0.0   0.0   0.0127    0.0    0.0
0.080  0.619  0.2767    0.0   0.0   0.0194    0.0    0.0
0.080  0.799  0.2950    0.0   0.0   0.0143    0.0    0.0
0.080  0.818  0.3122    0.0   0.0   0.0195    0.0    0.0
0.125  0.588  0.2609    0.0   0.0   0.0061    0.0    0.0
0.125  0.797  0.2873    0.0   0.0   0.0090    0.0    0.0
0.125  1.032  0.2952    0.0   0.0   0.0097    0.0    0.0
0.125  1.056  0.3228    0.0   0.0   0.0144    0.0    0.0
0.175  1.029  0.2846    0.0   0.0   0.0053    0.0    0.0
0.175  1.045  0.2939    0.0   0.0   0.0141    0.0    0.0
0.175  1.365  0.3072    0.0   0.0   0.0107    0.0    0.0
0.250  1.332  0.2673    0.0   0.0   0.0065    0.0    0.0
0.250  1.761  0.2744    0.0   0.0   0.0071    0.0    0.0
0.450  2.275  0.1638    0.0   0.0   0.0036    0.0    0.0
