hermes,sig,dp target
converted from 10009.xlsx
*
 0.0140  0
x      Q2     F2  Ebeam      stat   sys_tot  dummy  dummy
0.0069   0.291  0.992   27.6  0.021725  0.041061    0.0    0.0
0.0102   0.404  0.952   27.6  0.018374  0.025694    0.0    0.0
0.0142   0.514  0.979   27.6  0.012433  0.020123    0.0    0.0
0.0186   0.626  0.984   27.6  0.013874  0.017258    0.0    0.0
0.0244   0.725  0.977   27.6  0.011822  0.015272    0.0    0.0
0.0325   0.872  0.965   27.6  0.012159  0.015215    0.0    0.0
0.0398   0.903  0.972   27.6  0.018857  0.017649    0.0    0.0
0.0486   0.929  0.962   27.6  0.031169  0.026488    0.0    0.0
0.0595   1.102  0.948   27.6  0.035266  0.019189    0.0    0.0
0.0724   1.127  0.936   27.6  0.034538  0.012438    0.0    0.0
0.0882   1.167  0.954   27.6  0.033485  0.019499    0.0    0.0
0.1078   1.205  0.923   27.6  0.046335  0.015816    0.0    0.0
0.1330   1.263  0.885   27.6  0.036639  0.019023    0.0    0.0
0.1657   1.337  0.927   27.6  0.033094  0.025112    0.0    0.0
0.2093   1.447  0.873   27.6  0.025055  0.019807    0.0    0.0
0.2642   1.749  0.848   27.6  0.014586  0.025164    0.0    0.0
0.3477   2.672  0.798   27.6  0.015002  0.016614    0.0    0.0
0.4605   4.224  0.783   27.6  0.012450  0.013939    0.0    0.0
0.6346   8.688  0.743   27.6  0.028977  0.009525    0.0    0.0
0.0085   0.354  0.968   27.6  0.019070  0.029515    0.0    0.0
0.0117   0.477  0.967   27.6  0.011314  0.025912    0.0    0.0
0.0152   0.612  0.972   27.6  0.009040  0.023519    0.0    0.0
0.0193   0.770  0.969   27.6  0.009399  0.020312    0.0    0.0
0.0250   0.896  0.981   27.6  0.007652  0.016789    0.0    0.0
0.0327   1.144  0.972   27.6  0.009720  0.016155    0.0    0.0
0.0401   1.074  0.964   27.6  0.015038  0.013656    0.0    0.0
0.0490   1.123  0.962   27.6  0.014911  0.012524    0.0    0.0
0.0596   1.281  0.969   27.6  0.028682  0.010079    0.0    0.0
0.0725   1.359  0.928   27.6  0.024406  0.005902    0.0    0.0
0.0884   1.399  0.925   27.6  0.025067  0.005250    0.0    0.0
0.1082   1.554  0.921   27.6  0.015933  0.005674    0.0    0.0
0.1333   1.632  0.901   27.6  0.023156  0.008128    0.0    0.0
0.1661   1.811  0.903   27.6  0.013093  0.005112    0.0    0.0
0.2104   2.050  0.885   27.6  0.018850  0.005834    0.0    0.0
0.2722   2.471  0.860   27.6  0.012298  0.007071    0.0    0.0
0.3620   3.790  0.809   27.6  0.009789  0.004908    0.0    0.0
0.4900   6.026  0.768   27.6  0.006989  0.005074    0.0    0.0
0.6641  12.778  0.756   27.6  0.024343  0.005111    0.0    0.0
0.0270   1.092  0.990   27.6  0.010296  0.020543    0.0    0.0
0.0338   1.391  0.990   27.6  0.014751  0.022478    0.0    0.0
0.0401   1.293  0.975   27.6  0.011505  0.014154    0.0    0.0
0.0490   1.460  0.952   27.6  0.009710  0.010815    0.0    0.0
0.0596   1.466  0.941   27.6  0.014962  0.007304    0.0    0.0
0.0726   1.627  0.943   27.6  0.014994  0.005567    0.0    0.0
0.0885   1.691  0.945   27.6  0.015120  0.004412    0.0    0.0
0.1082   2.013  0.917   27.6  0.012746  0.003606    0.0    0.0
0.1334   2.158  0.920   27.6  0.014444  0.003663    0.0    0.0
0.1662   2.458  0.891   27.6  0.015503  0.003072    0.0    0.0
0.2105   2.851  0.862   27.6  0.009223  0.002674    0.0    0.0
0.2724   3.479  0.851   27.6  0.008170  0.002642    0.0    0.0
0.3622   5.125  0.813   27.6  0.007073  0.001805    0.0    0.0
0.4957   8.280  0.760   27.6  0.007372  0.001755    0.0    0.0
0.0408   1.615  0.969   27.6  0.009787  0.019437    0.0    0.0
0.0496   1.927  0.978   27.6  0.008802  0.016113    0.0    0.0
0.0596   1.675  0.961   27.6  0.016914  0.007419    0.0    0.0
0.0726   1.928  0.951   27.6  0.020066  0.004983    0.0    0.0
0.0885   2.080  0.946   27.6  0.012393  0.004176    0.0    0.0
0.1083   2.490  0.914   27.6  0.013344  0.004205    0.0    0.0
0.1334   2.795  0.923   27.6  0.011076  0.003305    0.0    0.0
0.1663   3.195  0.896   27.6  0.011558  0.002413    0.0    0.0
0.2106   3.709  0.877   27.6  0.008682  0.002040    0.0    0.0
0.2726   4.527  0.834   27.6  0.010425  0.001510    0.0    0.0
0.3624   6.797  0.808   27.6  0.006626  0.001063    0.0    0.0
0.5038  11.344  0.770   27.6  0.011011  0.002392    0.0    0.0
0.0597   1.906  0.950   27.6  0.012445  0.007883    0.0    0.0
0.0726   2.276  0.954   27.6  0.012784  0.005853    0.0    0.0
0.0885   2.587  0.944   27.6  0.009440  0.004359    0.0    0.0
0.1083   3.071  0.940   27.6  0.007614  0.003311    0.0    0.0
0.1335   3.538  0.912   27.6  0.010944  0.002489    0.0    0.0
0.1664   4.051  0.901   27.6  0.007118  0.001968    0.0    0.0
0.2107   4.702  0.878   27.6  0.007200  0.001533    0.0    0.0
0.2726   5.685  0.853   27.6  0.008103  0.001160    0.0    0.0
0.3679   9.154  0.802   27.6  0.007860  0.002091    0.0    0.0