hermes,F2,d target
converted from 10006.xlsx
*
 0.0750  0
x      Q2     F2  Ebeam      stat   sys_tot  dummy  dummy
0.0069   0.291  0.164   27.6  0.002312  0.010267    0.0    0.0
0.0102   0.404  0.193   27.6  0.002509  0.008887    0.0    0.0
0.0142   0.514  0.217   27.6  0.001823  0.010278    0.0    0.0
0.0186   0.626  0.242   27.6  0.002299  0.010179    0.0    0.0
0.0244   0.725  0.274   27.6  0.002219  0.013379    0.0    0.0
0.0325   0.872  0.291   27.6  0.002532  0.011727    0.0    0.0
0.0398   0.903  0.306   27.6  0.004039  0.012848    0.0    0.0
0.0486   0.929  0.323   27.6  0.007300  0.022460    0.0    0.0
0.0595   1.102  0.323   27.6  0.008398  0.011333    0.0    0.0
0.0724   1.127  0.348   27.6  0.009118  0.019577    0.0    0.0
0.0882   1.167  0.338   27.6  0.008551  0.012649    0.0    0.0
0.1078   1.205  0.345   27.6  0.012627  0.021021    0.0    0.0
0.1330   1.263  0.329   27.6  0.010067  0.009335    0.0    0.0
0.1657   1.337  0.354   27.6  0.009381  0.027054    0.0    0.0
0.2093   1.447  0.298   27.6  0.006586  0.010624    0.0    0.0
0.2642   1.749  0.298   27.6  0.003725  0.012700    0.0    0.0
0.3477   2.672  0.217   27.6  0.002973  0.017096    0.0    0.0
0.4605   4.224  0.142   27.6  0.001605  0.006305    0.0    0.0
0.6346   8.688  0.047   27.6  0.001316  0.000806    0.0    0.0
0.0085   0.354  0.189   27.6  0.002438  0.008761    0.0    0.0
0.0117   0.477  0.226   27.6  0.001740  0.007306    0.0    0.0
0.0152   0.612  0.241   27.6  0.001470  0.006399    0.0    0.0
0.0193   0.770  0.258   27.6  0.001651  0.006936    0.0    0.0
0.0250   0.896  0.272   27.6  0.001414  0.005269    0.0    0.0
0.0327   1.144  0.291   27.6  0.001979  0.005450    0.0    0.0
0.0401   1.074  0.308   27.6  0.003265  0.008969    0.0    0.0
0.0490   1.123  0.318   27.6  0.003339  0.008794    0.0    0.0
0.0596   1.281  0.337   27.6  0.006908  0.008184    0.0    0.0
0.0725   1.359  0.329   27.6  0.006086  0.013222    0.0    0.0
0.0884   1.399  0.349   27.6  0.006840  0.012623    0.0    0.0
0.1082   1.554  0.348   27.6  0.004246  0.015207    0.0    0.0
0.1333   1.632  0.339   27.6  0.006272  0.006560    0.0    0.0
0.1661   1.811  0.341   27.6  0.003444  0.014087    0.0    0.0
0.2104   2.050  0.314   27.6  0.004804  0.008984    0.0    0.0
0.2722   2.471  0.285   27.6  0.002907  0.011208    0.0    0.0
0.3620   3.790  0.218   27.6  0.001875  0.004977    0.0    0.0
0.4900   6.026  0.120   27.6  0.000780  0.001352    0.0    0.0
0.6641  12.778  0.036   27.6  0.000835  0.000391    0.0    0.0
0.0270   1.092  0.292   27.6  0.001986  0.009314    0.0    0.0
0.0338   1.391  0.309   27.6  0.003059  0.011085    0.0    0.0
0.0401   1.293  0.309   27.6  0.002472  0.009440    0.0    0.0
0.0490   1.460  0.316   27.6  0.002212  0.005297    0.0    0.0
0.0596   1.466  0.323   27.6  0.003521  0.006066    0.0    0.0
0.0726   1.627  0.337   27.6  0.003707  0.007101    0.0    0.0
0.0885   1.691  0.337   27.6  0.003741  0.005017    0.0    0.0
0.1082   2.013  0.341   27.6  0.003274  0.009299    0.0    0.0
0.1334   2.158  0.335   27.6  0.003651  0.007357    0.0    0.0
0.1662   2.458  0.328   27.6  0.004002  0.003374    0.0    0.0
0.2105   2.851  0.310   27.6  0.002325  0.007498    0.0    0.0
0.2724   3.479  0.272   27.6  0.001822  0.004796    0.0    0.0
0.3622   5.125  0.205   27.6  0.001271  0.003798    0.0    0.0
0.4957   8.280  0.113   27.6  0.000791  0.002533    0.0    0.0
0.0408   1.615  0.311   27.6  0.002115  0.009908    0.0    0.0
0.0496   1.927  0.320   27.6  0.001920  0.009543    0.0    0.0
0.0596   1.675  0.328   27.6  0.003969  0.006573    0.0    0.0
0.0726   1.928  0.339   27.6  0.004949  0.007387    0.0    0.0
0.0885   2.080  0.339   27.6  0.003017  0.004297    0.0    0.0
0.1083   2.490  0.336   27.6  0.003394  0.005184    0.0    0.0
0.1334   2.795  0.345   27.6  0.002864  0.009264    0.0    0.0
0.1663   3.195  0.326   27.6  0.002934  0.006269    0.0    0.0
0.2106   3.709  0.305   27.6  0.002105  0.005524    0.0    0.0
0.2726   4.527  0.266   27.6  0.002341  0.005713    0.0    0.0
0.3624   6.797  0.197   27.6  0.001143  0.003221    0.0    0.0
0.5038  11.344  0.103   27.6  0.001061  0.001690    0.0    0.0
0.0597   1.906  0.321   27.6  0.002889  0.003592    0.0    0.0
0.0726   2.276  0.334   27.6  0.003073  0.005475    0.0    0.0
0.0885   2.587  0.335   27.6  0.002278  0.004677    0.0    0.0
0.1083   3.071  0.338   27.6  0.001859  0.005153    0.0    0.0
0.1335   3.538  0.330   27.6  0.002706  0.003118    0.0    0.0
0.1664   4.051  0.321   27.6  0.001733  0.004284    0.0    0.0
0.2107   4.702  0.298   27.6  0.001699  0.003080    0.0    0.0
0.2726   5.685  0.262   27.6  0.001729  0.005329    0.0    0.0
0.3679   9.154  0.189   27.6  0.001304  0.002690    0.0    0.0