jlcee96,sig_r,p target
converted from 10084.xlsx
*
 0.0000  1
x     Q2        F2  Ebeam          stat       sys_tot  sys_u  syst
0.064  0.208  0.154629  2.445  1.815006e-03  4.793485e-03    0.0   3.1
0.065  0.211  0.150159  2.445  1.792068e-03  4.654919e-03    0.0   3.1
0.066  0.214  0.158565  2.445  1.884887e-03  4.915509e-03    0.0   3.1
0.068  0.217  0.158863  2.445  1.888217e-03  4.924756e-03    0.0   3.1
0.069  0.220  0.155965  2.445  1.860548e-03  4.834906e-03    0.0   3.1
0.070  0.223  0.168062  2.445  2.005784e-03  5.209922e-03    0.0   3.1
0.072  0.226  0.164718  2.445  1.959023e-03  5.106267e-03    0.0   3.1
0.073  0.229  0.173117  2.445  2.077328e-03  5.366631e-03    0.0   3.1
0.074  0.231  0.167691  2.445  2.010999e-03  5.198406e-03    0.0   3.1
0.076  0.234  0.165719  2.445  2.024970e-03  5.137304e-03    0.0   3.1
0.077  0.237  0.173066  2.445  2.125835e-03  5.365042e-03    0.0   3.1
0.081  0.246  0.173795  2.445  2.230042e-03  5.387655e-03    0.0   3.1
0.083  0.249  0.174860  2.445  2.265438e-03  5.420661e-03    0.0   3.1
0.084  0.252  0.174444  2.445  2.253695e-03  5.407757e-03    0.0   3.1
0.086  0.255  0.179835  2.445  2.309495e-03  5.574888e-03    0.0   3.1
0.088  0.258  0.175390  2.445  2.276547e-03  5.437095e-03    0.0   3.1
0.089  0.261  0.185542  2.445  2.397890e-03  5.751787e-03    0.0   3.1
0.091  0.264  0.183383  2.445  2.364542e-03  5.684861e-03    0.0   3.1
0.092  0.267  0.187754  2.445  2.430075e-03  5.820388e-03    0.0   3.1
0.094  0.270  0.187897  2.445  2.447219e-03  5.824806e-03    0.0   3.1
0.096  0.273  0.186763  2.445  2.440660e-03  5.789660e-03    0.0   3.1
0.097  0.276  0.176747  2.445  2.358516e-03  5.479163e-03    0.0   3.1
0.101  0.281  0.193675  2.445  1.897058e-03  6.003928e-03    0.0   3.1
0.104  0.287  0.189988  2.445  2.765945e-03  5.889628e-03    0.0   3.1
0.106  0.290  0.187121  2.445  2.717665e-03  5.800739e-03    0.0   3.1
0.108  0.293  0.186705  2.445  2.724103e-03  5.787857e-03    0.0   3.1
0.110  0.296  0.188746  2.445  2.734112e-03  5.851124e-03    0.0   3.1
0.111  0.299  0.197363  2.445  2.864847e-03  6.118243e-03    0.0   3.1
0.113  0.302  0.198929  2.445  2.884298e-03  6.166813e-03    0.0   3.1
0.115  0.305  0.197249  2.445  2.844625e-03  6.114734e-03    0.0   3.1
0.117  0.308  0.199375  2.445  2.895377e-03  6.180626e-03    0.0   3.1
0.119  0.311  0.208308  2.445  3.023081e-03  6.457543e-03    0.0   3.1
0.121  0.314  0.207567  2.445  3.003857e-03  6.434569e-03    0.0   3.1
0.123  0.317  0.209692  2.445  3.048625e-03  6.500467e-03    0.0   3.1
0.125  0.320  0.213851  2.445  3.104676e-03  6.629375e-03    0.0   3.1
0.127  0.323  0.225923  2.445  3.298525e-03  7.003604e-03    0.0   3.1
0.130  0.326  0.232179  2.445  2.846528e-03  7.197560e-03    0.0   3.1
0.134  0.332  0.228133  2.445  3.525979e-03  7.072120e-03    0.0   3.1
0.136  0.335  0.240495  2.445  3.713523e-03  7.455334e-03    0.0   3.1
0.138  0.338  0.242015  2.445  3.737454e-03  7.502466e-03    0.0   3.1
0.141  0.341  0.250574  2.445  3.820668e-03  7.767798e-03    0.0   3.1
0.143  0.343  0.258024  2.445  3.947385e-03  7.998758e-03    0.0   3.1
0.145  0.346  0.265060  2.445  4.008432e-03  8.216870e-03    0.0   3.1
0.148  0.349  0.282442  2.445  4.304790e-03  8.755690e-03    0.0   3.1
0.150  0.352  0.295349  2.445  4.459471e-03  9.155817e-03    0.0   3.1
0.153  0.355  0.294593  2.445  4.440145e-03  9.132388e-03    0.0   3.1
0.155  0.358  0.297494  2.445  4.512334e-03  9.222301e-03    0.0   3.1
0.158  0.361  0.305435  2.445  4.684452e-03  9.468475e-03    0.0   3.1
0.160  0.364  0.288286  2.445  4.452246e-03  8.936867e-03    0.0   3.1
0.163  0.367  0.283818  2.445  4.361435e-03  8.798352e-03    0.0   3.1
0.166  0.370  0.273210  2.445  4.257336e-03  8.469512e-03    0.0   3.1
0.168  0.373  0.264881  2.445  4.154277e-03  8.211303e-03    0.0   3.1
0.174  0.379  0.257521  2.445  2.441584e-03  7.983144e-03    0.0   3.1
0.177  0.382  0.257524  2.445  2.780853e-03  7.983244e-03    0.0   3.1
0.180  0.385  0.234132  2.445  2.811850e-03  7.258095e-03    0.0   3.1
0.183  0.388  0.235606  2.445  2.854988e-03  7.303776e-03    0.0   3.1
0.186  0.391  0.231650  2.445  2.809308e-03  7.181165e-03    0.0   3.1
0.189  0.394  0.228268  2.445  2.754857e-03  7.076316e-03    0.0   3.1
0.192  0.397  0.233252  2.445  2.807384e-03  7.230827e-03    0.0   3.1
0.195  0.399  0.226304  2.445  2.713188e-03  7.015421e-03    0.0   3.1
0.199  0.402  0.229032  2.445  2.752129e-03  7.099998e-03    0.0   3.1
0.202  0.405  0.240417  2.445  2.873846e-03  7.452941e-03    0.0   3.1
0.205  0.408  0.239500  2.445  2.859553e-03  7.424497e-03    0.0   3.1
0.209  0.411  0.243838  2.445  2.859767e-03  7.558982e-03    0.0   3.1
0.212  0.414  0.253642  2.445  2.971218e-03  7.862894e-03    0.0   3.1
0.216  0.417  0.264502  2.445  3.326424e-03  8.199553e-03    0.0   3.1
0.219  0.420  0.271535  2.445  2.662862e-03  8.417585e-03    0.0   3.1
0.223  0.423  0.280710  2.445  2.739619e-03  8.702006e-03    0.0   3.1
0.227  0.426  0.289628  2.445  2.826653e-03  8.978456e-03    0.0   3.1
0.231  0.429  0.308322  2.445  3.026796e-03  9.557975e-03    0.0   3.1
0.235  0.432  0.321770  2.445  3.152081e-03  9.974877e-03    0.0   3.1
0.239  0.435  0.335500  2.445  3.339398e-03  1.040051e-02    0.0   3.1
0.243  0.438  0.330099  2.445  3.296877e-03  1.023308e-02    0.0   3.1
0.247  0.441  0.330581  2.445  3.364576e-03  1.024802e-02    0.0   3.1
0.256  0.447  0.265753  2.445  5.035212e-03  8.238347e-03    0.0   3.1
0.260  0.450  0.254947  2.445  4.875401e-03  7.903361e-03    0.0   3.1
0.265  0.453  0.243534  2.445  4.653863e-03  7.549542e-03    0.0   3.1
0.270  0.456  0.220040  2.445  4.250935e-03  6.821236e-03    0.0   3.1
0.274  0.458  0.210324  2.445  4.102621e-03  6.520053e-03    0.0   3.1
0.279  0.461  0.207823  2.445  4.069019e-03  6.442499e-03    0.0   3.1
0.284  0.464  0.199670  2.445  3.183002e-03  6.189776e-03    0.0   3.1
0.289  0.467  0.187534  2.445  2.694933e-03  5.813565e-03    0.0   3.1
0.295  0.470  0.177673  2.445  2.577497e-03  5.507865e-03    0.0   3.1
0.300  0.473  0.174022  2.445  2.530065e-03  5.394690e-03    0.0   3.1
0.306  0.476  0.168187  2.445  2.470562e-03  5.213787e-03    0.0   3.1
0.311  0.479  0.165990  2.445  2.449855e-03  5.145675e-03    0.0   3.1
0.317  0.482  0.163914  2.445  2.427380e-03  5.081346e-03    0.0   3.1
0.323  0.485  0.160778  2.445  2.375172e-03  4.984130e-03    0.0   3.1
0.329  0.488  0.165958  2.445  2.457779e-03  5.144707e-03    0.0   3.1
0.342  0.494  0.161412  2.445  3.344739e-03  5.003757e-03    0.0   3.1
0.348  0.497  0.151727  2.445  3.238445e-03  4.703540e-03    0.0   3.1
0.355  0.500  0.164744  2.445  3.421212e-03  5.107055e-03    0.0   3.1
0.362  0.503  0.172889  2.445  3.528765e-03  5.359554e-03    0.0   3.1
0.369  0.506  0.164831  2.445  3.369268e-03  5.109751e-03    0.0   3.1
0.376  0.508  0.172684  2.445  3.491203e-03  5.353205e-03    0.0   3.1
0.384  0.511  0.183163  2.445  3.616320e-03  5.678049e-03    0.0   3.1
0.400  0.517  0.208161  2.445  2.859893e-03  6.452998e-03    0.0   3.1
0.408  0.520  0.222551  2.445  3.011599e-03  6.899093e-03    0.0   3.1
0.416  0.523  0.231441  2.445  3.112039e-03  7.174678e-03    0.0   3.1
0.425  0.526  0.253026  2.445  3.352246e-03  7.843795e-03    0.0   3.1
0.434  0.529  0.276780  2.445  3.635319e-03  8.580170e-03    0.0   3.1
0.443  0.532  0.300094  2.445  3.934287e-03  9.302920e-03    0.0   3.1
0.453  0.535  0.326410  2.445  4.259058e-03  1.011870e-02    0.0   3.1
0.462  0.538  0.347229  2.445  4.510972e-03  1.076410e-02    0.0   3.1
0.473  0.541  0.366618  2.445  4.842358e-03  1.136514e-02    0.0   3.1
0.483  0.544  0.378732  2.445  5.637141e-03  1.174070e-02    0.0   3.1
0.494  0.547  0.334309  2.445  6.320360e-03  1.036359e-02    0.0   3.1
0.505  0.550  0.293680  2.445  5.770295e-03  9.104075e-03    0.0   3.1
0.517  0.553  0.242568  2.445  1.234558e-02  7.519594e-03    0.0   3.1
0.529  0.556  0.181681  2.445  9.295782e-03  5.632114e-03    0.0   3.1
0.541  0.559  0.135837  2.445  6.992035e-03  4.210937e-03    0.0   3.1
0.554  0.562  0.082013  2.445  4.271604e-03  2.542417e-03    0.0   3.1
0.568  0.565  0.052253  2.445  2.748186e-03  1.619854e-03    0.0   3.1
0.582  0.568  0.029987  2.445  1.593763e-03  9.295833e-04    0.0   3.1
0.110  0.383  0.230626  2.445  4.711924e-03  7.149402e-03    0.0   3.1
0.112  0.390  0.220823  2.445  4.442619e-03  6.845505e-03    0.0   3.1
0.115  0.396  0.226791  2.445  4.536738e-03  7.030513e-03    0.0   3.1
0.117  0.403  0.219779  2.445  4.309072e-03  6.813146e-03    0.0   3.1
0.120  0.409  0.224700  2.445  4.417435e-03  6.965700e-03    0.0   3.1
0.122  0.416  0.221244  2.445  4.344991e-03  6.858553e-03    0.0   3.1
0.125  0.422  0.229491  2.445  4.511519e-03  7.114221e-03    0.0   3.1
0.128  0.429  0.227259  2.445  4.475774e-03  7.045032e-03    0.0   3.1
0.130  0.436  0.228481  2.445  4.597776e-03  7.082921e-03    0.0   3.1
0.133  0.442  0.231729  2.445  4.705910e-03  7.183597e-03    0.0   3.1
0.136  0.449  0.236755  2.445  4.834394e-03  7.339405e-03    0.0   3.1
0.139  0.455  0.242074  2.445  4.967952e-03  7.504307e-03    0.0   3.1
0.141  0.462  0.235727  2.445  4.923486e-03  7.307538e-03    0.0   3.1
0.144  0.468  0.247779  2.445  4.659558e-03  7.681138e-03    0.0   3.1
0.147  0.475  0.238189  2.445  3.814350e-03  7.383849e-03    0.0   3.1
0.150  0.481  0.238960  2.445  3.768084e-03  7.407754e-03    0.0   3.1
0.153  0.488  0.245280  2.445  3.925433e-03  7.603684e-03    0.0   3.1
0.156  0.494  0.232242  2.445  3.690639e-03  7.199516e-03    0.0   3.1
0.159  0.501  0.240591  2.445  3.832040e-03  7.458320e-03    0.0   3.1
0.165  0.514  0.236566  2.445  5.494841e-03  7.333531e-03    0.0   3.1
0.168  0.521  0.235878  2.445  5.513210e-03  7.312217e-03    0.0   3.1
0.171  0.527  0.233727  2.445  5.488523e-03  7.245526e-03    0.0   3.1
0.174  0.534  0.241081  2.445  5.725437e-03  7.473505e-03    0.0   3.1
0.178  0.540  0.238833  2.445  5.708224e-03  7.403833e-03    0.0   3.1
0.181  0.547  0.240571  2.445  5.800127e-03  7.457707e-03    0.0   3.1
0.184  0.553  0.239366  2.445  5.845665e-03  7.420349e-03    0.0   3.1
0.188  0.560  0.235108  2.445  5.811574e-03  7.288337e-03    0.0   3.1
0.191  0.567  0.232489  2.445  5.833120e-03  7.207167e-03    0.0   3.1
0.194  0.573  0.250711  2.445  6.153069e-03  7.772042e-03    0.0   3.1
0.198  0.580  0.256021  2.445  5.112853e-03  7.936645e-03    0.0   3.1
0.201  0.586  0.259420  2.445  4.696867e-03  8.042005e-03    0.0   3.1
0.205  0.593  0.254288  2.445  4.611059e-03  7.882923e-03    0.0   3.1
0.209  0.599  0.255630  2.445  4.637618e-03  7.924530e-03    0.0   3.1
0.212  0.606  0.255718  2.445  4.589961e-03  7.927251e-03    0.0   3.1
0.216  0.612  0.257788  2.445  4.582466e-03  7.991440e-03    0.0   3.1
0.220  0.619  0.261433  2.445  4.669300e-03  8.104416e-03    0.0   3.1
0.228  0.632  0.262258  2.445  6.454171e-03  8.130002e-03    0.0   3.1
0.231  0.638  0.278362  2.445  6.779420e-03  8.629215e-03    0.0   3.1
0.235  0.645  0.293271  2.445  7.151177e-03  9.091409e-03    0.0   3.1
0.239  0.652  0.286549  2.445  7.055075e-03  8.883015e-03    0.0   3.1
0.244  0.658  0.310107  2.445  7.654328e-03  9.613324e-03    0.0   3.1
0.248  0.665  0.333828  2.445  8.215269e-03  1.034866e-02    0.0   3.1
0.252  0.671  0.352712  2.445  8.386686e-03  1.093407e-02    0.0   3.1
0.256  0.678  0.365307  2.445  6.728559e-03  1.132451e-02    0.0   3.1
0.261  0.684  0.342471  2.445  6.291347e-03  1.061661e-02    0.0   3.1
0.265  0.691  0.331849  2.445  6.058916e-03  1.028732e-02    0.0   3.1
0.269  0.698  0.317720  2.445  5.829352e-03  9.849335e-03    0.0   3.1
0.274  0.704  0.291907  2.445  5.347071e-03  9.049106e-03    0.0   3.1
0.278  0.711  0.276624  2.445  5.075950e-03  8.575346e-03    0.0   3.1
0.283  0.717  0.253575  2.445  4.633763e-03  7.860812e-03    0.0   3.1
0.288  0.724  0.254734  2.445  4.738717e-03  7.896752e-03    0.0   3.1
0.293  0.730  0.242054  2.445  4.497146e-03  7.503686e-03    0.0   3.1
0.297  0.737  0.236466  2.445  4.423170e-03  7.330461e-03    0.0   3.1
0.302  0.743  0.230089  2.445  4.347032e-03  7.132766e-03    0.0   3.1
0.307  0.750  0.231565  2.445  4.387112e-03  7.178518e-03    0.0   3.1
0.312  0.756  0.221415  2.445  4.247715e-03  6.863857e-03    0.0   3.1
0.318  0.763  0.231651  2.445  4.415161e-03  7.181178e-03    0.0   3.1
0.323  0.769  0.230550  2.445  5.022991e-03  7.147039e-03    0.0   3.1
0.328  0.776  0.230475  2.445  6.073447e-03  7.144713e-03    0.0   3.1
0.334  0.783  0.227146  2.445  5.049988e-03  7.041540e-03    0.0   3.1
0.339  0.789  0.238821  2.445  4.622106e-03  7.403464e-03    0.0   3.1
0.345  0.796  0.242270  2.445  4.612662e-03  7.510371e-03    0.0   3.1
0.350  0.802  0.263941  2.445  4.996198e-03  8.182172e-03    0.0   3.1
0.356  0.809  0.276985  2.445  5.194850e-03  8.586537e-03    0.0   3.1
0.362  0.815  0.291285  2.445  5.463708e-03  9.029831e-03    0.0   3.1
0.368  0.822  0.328208  2.445  6.088096e-03  1.017444e-02    0.0   3.1
0.374  0.828  0.335820  2.445  6.193488e-03  1.041041e-02    0.0   3.1
0.380  0.835  0.344198  2.445  6.300599e-03  1.067014e-02    0.0   3.1
0.387  0.842  0.329565  2.445  6.172714e-03  1.021651e-02    0.0   3.1
0.393  0.848  0.280122  2.445  5.262802e-03  8.683775e-03    0.0   3.1
0.399  0.855  0.249684  2.445  4.746066e-03  7.740215e-03    0.0   3.1
0.406  0.861  0.221288  2.445  4.247077e-03  6.859934e-03    0.0   3.1
0.413  0.868  0.197258  2.445  3.844553e-03  6.114994e-03    0.0   3.1
0.420  0.874  0.181339  2.445  3.598573e-03  5.621502e-03    0.0   3.1
0.427  0.881  0.170123  2.445  3.389964e-03  5.273819e-03    0.0   3.1
0.434  0.887  0.162042  2.445  3.293231e-03  5.023304e-03    0.0   3.1
0.441  0.894  0.155614  2.445  3.511050e-03  4.824020e-03    0.0   3.1
0.448  0.900  0.141332  2.445  3.916400e-03  4.381296e-03    0.0   3.1
0.456  0.907  0.138459  2.445  4.184260e-03  4.292240e-03    0.0   3.1
0.464  0.914  0.141120  2.445  2.914449e-03  4.374724e-03    0.0   3.1
0.471  0.920  0.135763  2.445  2.802840e-03  4.208657e-03    0.0   3.1
0.479  0.927  0.132730  2.445  2.706520e-03  4.114627e-03    0.0   3.1
0.488  0.933  0.133552  2.445  2.731509e-03  4.140110e-03    0.0   3.1
0.496  0.940  0.129925  2.445  2.632876e-03  4.027685e-03    0.0   3.1
0.504  0.946  0.133224  2.445  2.688727e-03  4.129951e-03    0.0   3.1
0.513  0.953  0.127240  2.445  2.576732e-03  3.944441e-03    0.0   3.1
0.522  0.959  0.126820  2.445  2.540731e-03  3.931405e-03    0.0   3.1
0.531  0.966  0.129207  2.445  2.557180e-03  4.005428e-03    0.0   3.1
0.540  0.973  0.130128  2.445  2.548654e-03  4.033971e-03    0.0   3.1
0.549  0.979  0.144102  2.445  2.843838e-03  4.467152e-03    0.0   3.1
0.559  0.986  0.143646  2.445  2.782814e-03  4.453031e-03    0.0   3.1
0.569  0.992  0.150018  2.445  2.913222e-03  4.650562e-03    0.0   3.1
0.578  0.999  0.160831  2.445  3.119057e-03  4.985764e-03    0.0   3.1
0.589  1.005  0.180908  2.445  3.509736e-03  5.608145e-03    0.0   3.1
0.599  1.012  0.191225  2.445  3.720971e-03  5.927985e-03    0.0   3.1
0.610  1.018  0.217196  2.445  4.229994e-03  6.733062e-03    0.0   3.1
0.621  1.025  0.234342  2.445  4.525801e-03  7.264595e-03    0.0   3.1
0.631  1.031  0.229353  2.445  4.513237e-03  7.109949e-03    0.0   3.1
0.643  1.038  0.225082  2.445  4.477281e-03  6.977550e-03    0.0   3.1
0.667  1.051  0.142237  2.445  3.894641e-03  4.409335e-03    0.0   3.1
0.679  1.058  0.097036  2.445  5.254927e-03  3.008125e-03    0.0   3.1
0.691  1.064  0.060082  2.445  3.274940e-03  1.862535e-03    0.0   3.1
0.705  1.071  0.036668  2.445  2.007369e-03  1.136702e-03    0.0   3.1
0.717  1.077  0.020467  2.445  1.139008e-03  6.344852e-04    0.0   3.1
0.731  1.084  0.012274  2.445  6.866749e-04  3.804825e-04    0.0   3.1
0.745  1.090  0.005797  2.445  3.296167e-04  1.797137e-04    0.0   3.1
0.759  1.097  0.002333  2.445  1.368158e-04  7.233114e-05    0.0   3.1
0.773  1.103  0.000861  2.445  5.171711e-05  2.668693e-05    0.0   3.1
0.789  1.110  0.000171  2.445  1.078940e-05  5.287509e-06    0.0   3.1
0.211  0.823  0.280909  3.245  3.711591e-03  8.708186e-03    0.0   3.1
0.214  0.830  0.280591  3.245  3.766543e-03  8.698308e-03    0.0   3.1
0.216  0.837  0.279406  3.245  3.752469e-03  8.661588e-03    0.0   3.1
0.219  0.844  0.285515  3.245  3.827947e-03  8.850978e-03    0.0   3.1
0.222  0.851  0.279631  3.245  3.768874e-03  8.668571e-03    0.0   3.1
0.225  0.858  0.277655  3.245  3.757786e-03  8.607298e-03    0.0   3.1
0.228  0.865  0.281301  3.245  3.790013e-03  8.720340e-03    0.0   3.1
0.231  0.872  0.279426  3.245  3.786594e-03  8.662215e-03    0.0   3.1
0.234  0.879  0.292256  3.245  3.938199e-03  9.059943e-03    0.0   3.1
0.237  0.886  0.285834  3.245  3.885247e-03  8.860869e-03    0.0   3.1
0.240  0.893  0.283572  3.245  3.864021e-03  8.790738e-03    0.0   3.1
0.244  0.900  0.283452  3.245  3.856150e-03  8.787008e-03    0.0   3.1
0.247  0.907  0.290302  3.245  3.979156e-03  8.999377e-03    0.0   3.1
0.250  0.914  0.277712  3.245  3.849574e-03  8.609059e-03    0.0   3.1
0.253  0.921  0.275192  3.245  3.818569e-03  8.530950e-03    0.0   3.1
0.256  0.928  0.283215  3.245  3.986941e-03  8.779678e-03    0.0   3.1
0.260  0.936  0.281803  3.245  3.957862e-03  8.735907e-03    0.0   3.1
0.263  0.943  0.284964  3.245  3.650614e-03  8.833894e-03    0.0   3.1
0.266  0.950  0.282108  3.245  3.070477e-03  8.745353e-03    0.0   3.1
0.270  0.957  0.274019  3.245  3.040916e-03  8.494603e-03    0.0   3.1
0.277  0.971  0.262540  3.245  4.387437e-03  8.138747e-03    0.0   3.1
0.280  0.978  0.258988  3.245  4.319816e-03  8.028631e-03    0.0   3.1
0.284  0.985  0.257290  3.245  4.302761e-03  7.976001e-03    0.0   3.1
0.287  0.992  0.257350  3.245  4.319135e-03  7.977836e-03    0.0   3.1
0.291  0.999  0.255074  3.245  4.234630e-03  7.907289e-03    0.0   3.1
0.295  1.006  0.262765  3.245  4.407683e-03  8.145707e-03    0.0   3.1
0.298  1.013  0.258042  3.245  4.351867e-03  7.999312e-03    0.0   3.1
0.302  1.020  0.257798  3.245  4.342048e-03  7.991751e-03    0.0   3.1
0.306  1.027  0.261853  3.245  4.408576e-03  8.117456e-03    0.0   3.1
0.310  1.034  0.254713  3.245  4.272902e-03  7.896094e-03    0.0   3.1
0.313  1.041  0.267554  3.245  4.532200e-03  8.294164e-03    0.0   3.1
0.318  1.049  0.255442  3.245  4.324067e-03  7.918687e-03    0.0   3.1
0.322  1.056  0.264702  3.245  4.472739e-03  8.205753e-03    0.0   3.1
0.326  1.063  0.259729  3.245  4.385994e-03  8.051589e-03    0.0   3.1
0.330  1.070  0.281690  3.245  4.797797e-03  8.732395e-03    0.0   3.1
0.334  1.077  0.280330  3.245  4.757011e-03  8.690231e-03    0.0   3.1
0.338  1.084  0.292905  3.245  5.052668e-03  9.080060e-03    0.0   3.1
0.342  1.091  0.290648  3.245  3.491426e-03  9.010094e-03    0.0   3.1
0.346  1.098  0.302729  3.245  3.688320e-03  9.384590e-03    0.0   3.1
0.350  1.105  0.306780  3.245  4.290216e-03  9.510175e-03    0.0   3.1
0.355  1.112  0.307846  3.245  5.280019e-03  9.543226e-03    0.0   3.1
0.359  1.119  0.316269  3.245  5.473108e-03  9.804354e-03    0.0   3.1
0.364  1.126  0.311544  3.245  5.383012e-03  9.657850e-03    0.0   3.1
0.368  1.133  0.296083  3.245  5.124513e-03  9.178577e-03    0.0   3.1
0.373  1.140  0.287273  3.245  5.048175e-03  8.905455e-03    0.0   3.1
0.377  1.147  0.267803  3.245  4.682406e-03  8.301880e-03    0.0   3.1
0.382  1.154  0.256321  3.245  4.515666e-03  7.945966e-03    0.0   3.1
0.387  1.161  0.239470  3.245  4.284098e-03  7.423561e-03    0.0   3.1
0.392  1.169  0.237245  3.245  4.263622e-03  7.354583e-03    0.0   3.1
0.397  1.176  0.221887  3.245  4.016252e-03  6.878496e-03    0.0   3.1
0.402  1.183  0.215814  3.245  3.938447e-03  6.690242e-03    0.0   3.1
0.406  1.190  0.207310  3.245  3.775877e-03  6.426614e-03    0.0   3.1
0.412  1.197  0.205564  3.245  3.787706e-03  6.372478e-03    0.0   3.1
0.417  1.204  0.202397  3.245  3.747328e-03  6.274309e-03    0.0   3.1
0.422  1.211  0.198509  3.245  3.658116e-03  6.153764e-03    0.0   3.1
0.427  1.218  0.197528  3.245  3.675958e-03  6.123367e-03    0.0   3.1
0.432  1.225  0.190692  3.245  3.543595e-03  5.911447e-03    0.0   3.1
0.438  1.232  0.202547  3.245  3.817451e-03  6.278952e-03    0.0   3.1
0.443  1.239  0.200940  3.245  3.750551e-03  6.229153e-03    0.0   3.1
0.449  1.246  0.203928  3.245  3.663537e-03  6.321775e-03    0.0   3.1
0.454  1.253  0.203503  3.245  2.500403e-03  6.308606e-03    0.0   3.1
0.460  1.260  0.212582  3.245  2.623754e-03  6.590053e-03    0.0   3.1
0.466  1.267  0.222697  3.245  2.785500e-03  6.903595e-03    0.0   3.1
0.471  1.274  0.236332  3.245  3.883601e-03  7.326282e-03    0.0   3.1
0.478  1.282  0.244330  3.245  4.052176e-03  7.574242e-03    0.0   3.1
0.484  1.289  0.258249  3.245  4.347821e-03  8.005733e-03    0.0   3.1
0.490  1.296  0.255577  3.245  4.284784e-03  7.922890e-03    0.0   3.1
0.496  1.303  0.233079  3.245  3.949561e-03  7.225464e-03    0.0   3.1
0.502  1.310  0.219842  3.245  3.761414e-03  6.815090e-03    0.0   3.1
0.509  1.317  0.192572  3.245  3.340105e-03  5.969720e-03    0.0   3.1
0.515  1.324  0.166871  3.245  2.919387e-03  5.173011e-03    0.0   3.1
0.522  1.331  0.155742  3.245  2.791715e-03  4.828014e-03    0.0   3.1
0.528  1.338  0.148377  3.245  2.658241e-03  4.599672e-03    0.0   3.1
0.535  1.345  0.136146  3.245  2.503212e-03  4.220526e-03    0.0   3.1
0.542  1.352  0.129301  3.245  2.385973e-03  4.008336e-03    0.0   3.1
0.549  1.359  0.124175  3.245  2.323297e-03  3.849421e-03    0.0   3.1
0.556  1.366  0.120081  3.245  2.225259e-03  3.722511e-03    0.0   3.1
0.563  1.373  0.110566  3.245  2.085283e-03  3.427546e-03    0.0   3.1
0.570  1.380  0.114667  3.245  2.193573e-03  3.554690e-03    0.0   3.1
0.577  1.387  0.108706  3.245  2.091508e-03  3.369877e-03    0.0   3.1
0.585  1.395  0.104939  3.245  2.022809e-03  3.253113e-03    0.0   3.1
0.593  1.402  0.100918  3.245  1.964077e-03  3.128454e-03    0.0   3.1
0.601  1.409  0.102368  3.245  1.974043e-03  3.173404e-03    0.0   3.1
0.609  1.416  0.103980  3.245  2.049570e-03  3.223388e-03    0.0   3.1
0.616  1.423  0.100965  3.245  1.964827e-03  3.129930e-03    0.0   3.1
0.625  1.430  0.098950  3.245  1.615851e-03  3.067460e-03    0.0   3.1
0.633  1.437  0.098648  3.245  1.326002e-03  3.058102e-03    0.0   3.1
0.641  1.444  0.098525  3.245  1.338259e-03  3.054273e-03    0.0   3.1
0.650  1.451  0.101211  3.245  1.373569e-03  3.137536e-03    0.0   3.1
0.658  1.458  0.103681  3.245  1.410771e-03  3.214110e-03    0.0   3.1
0.676  1.472  0.113771  3.245  2.102005e-03  3.526911e-03    0.0   3.1
0.685  1.479  0.124932  3.245  2.325547e-03  3.872884e-03    0.0   3.1
0.695  1.486  0.134178  3.245  2.495689e-03  4.159527e-03    0.0   3.1
0.704  1.493  0.150512  3.245  2.782633e-03  4.665867e-03    0.0   3.1
0.714  1.500  0.151133  3.245  2.873899e-03  4.685124e-03    0.0   3.1
0.723  1.507  0.137579  3.245  2.644221e-03  4.264952e-03    0.0   3.1
0.734  1.515  0.115240  3.245  2.243547e-03  3.572430e-03    0.0   3.1
0.744  1.522  0.091207  3.245  1.802804e-03  2.827415e-03    0.0   3.1
0.754  1.529  0.062782  3.245  3.197843e-03  1.946253e-03    0.0   3.1
0.765  1.536  0.040448  3.245  2.075064e-03  1.253876e-03    0.0   3.1
0.776  1.543  0.024005  3.245  1.238919e-03  7.441438e-04    0.0   3.1
0.787  1.550  0.015247  3.245  7.955836e-04  4.726459e-04    0.0   3.1
0.798  1.557  0.007908  3.245  4.187244e-04  2.451484e-04    0.0   3.1
0.809  1.564  0.003785  3.245  2.034152e-04  1.173321e-04    0.0   3.1
0.821  1.571  0.001648  3.245  9.079111e-05  5.108000e-05    0.0   3.1
0.833  1.578  0.000556  3.245  3.172152e-05  1.724068e-05    0.0   3.1
0.845  1.585  0.000092  3.245  5.438556e-06  2.850199e-06    0.0   3.1
0.357  1.004  0.231952  2.445  5.631962e-03  7.190512e-03    0.0   3.1
0.363  1.015  0.213067  2.445  2.942116e-03  6.605074e-03    0.0   3.1
0.369  1.025  0.202791  2.445  2.841160e-03  6.286532e-03    0.0   3.1
0.376  1.036  0.201914  2.445  2.851228e-03  6.259338e-03    0.0   3.1
0.382  1.047  0.193519  2.445  2.733395e-03  5.999076e-03    0.0   3.1
0.388  1.057  0.192653  2.445  2.736678e-03  5.972257e-03    0.0   3.1
0.395  1.068  0.196682  2.445  2.788644e-03  6.097134e-03    0.0   3.1
0.402  1.079  0.190311  2.445  2.724204e-03  5.899628e-03    0.0   3.1
0.409  1.089  0.197496  2.445  2.810372e-03  6.122363e-03    0.0   3.1
0.416  1.100  0.202334  2.445  2.849627e-03  6.272350e-03    0.0   3.1
0.430  1.121  0.216375  2.445  2.123378e-03  6.707611e-03    0.0   3.1
0.437  1.132  0.222769  2.445  2.191056e-03  6.905845e-03    0.0   3.1
0.444  1.142  0.239518  2.445  2.375423e-03  7.425047e-03    0.0   3.1
0.452  1.153  0.243454  2.445  2.025487e-03  7.547065e-03    0.0   3.1
0.459  1.164  0.251491  2.445  2.049703e-03  7.796231e-03    0.0   3.1
0.467  1.174  0.234525  2.445  1.942457e-03  7.270284e-03    0.0   3.1
0.482  1.195  0.177075  2.445  1.771722e-03  5.489327e-03    0.0   3.1
0.491  1.206  0.161895  2.445  1.637674e-03  5.018733e-03    0.0   3.1
0.499  1.217  0.141406  2.445  1.446519e-03  4.383598e-03    0.0   3.1
0.507  1.227  0.129023  2.445  1.344054e-03  3.999700e-03    0.0   3.1
0.524  1.249  0.119790  2.445  1.038922e-03  3.713475e-03    0.0   3.1
0.532  1.259  0.112889  2.445  9.976343e-04  3.499568e-03    0.0   3.1
0.541  1.270  0.111343  2.445  9.909685e-04  3.451624e-03    0.0   3.1
0.550  1.281  0.106794  2.445  9.591564e-04  3.310625e-03    0.0   3.1
0.559  1.291  0.102303  2.445  9.343072e-04  3.171386e-03    0.0   3.1
0.569  1.302  0.100980  2.445  9.358886e-04  3.130373e-03    0.0   3.1
0.587  1.323  0.095383  2.445  1.098531e-03  2.956875e-03    0.0   3.1
0.597  1.334  0.095455  2.445  1.119200e-03  2.959107e-03    0.0   3.1
0.607  1.344  0.097317  2.445  1.154701e-03  3.016826e-03    0.0   3.1
0.617  1.355  0.096915  2.445  1.519553e-03  3.004365e-03    0.0   3.1
0.628  1.366  0.098688  2.445  1.538797e-03  3.059326e-03    0.0   3.1
0.638  1.376  0.104809  2.445  1.635111e-03  3.249078e-03    0.0   3.1
0.648  1.387  0.108202  2.445  1.685166e-03  3.354267e-03    0.0   3.1
0.659  1.397  0.115333  2.445  1.726210e-03  3.575329e-03    0.0   3.1
0.670  1.408  0.125461  2.445  1.561397e-03  3.889302e-03    0.0   3.1
0.681  1.419  0.130239  2.445  1.631263e-03  4.037407e-03    0.0   3.1
0.692  1.429  0.141358  2.445  1.793950e-03  4.382087e-03    0.0   3.1
0.704  1.440  0.140641  2.445  1.832943e-03  4.359862e-03    0.0   3.1
0.716  1.451  0.139111  2.445  1.855573e-03  4.312441e-03    0.0   3.1
0.740  1.472  0.082949  2.445  4.297931e-03  2.571434e-03    0.0   3.1
0.752  1.482  0.053698  2.445  2.807520e-03  1.664633e-03    0.0   3.1
0.765  1.493  0.031981  2.445  1.696703e-03  9.913987e-04    0.0   3.1
0.778  1.504  0.017913  2.445  9.676541e-04  5.552998e-04    0.0   3.1
0.791  1.514  0.010002  2.445  5.520185e-04  3.100720e-04    0.0   3.1
0.805  1.525  0.003881  2.445  2.229044e-04  1.203175e-04    0.0   3.1
0.832  1.546  0.000336  2.445  1.800103e-05  1.042937e-05    0.0   3.1
0.847  1.557  0.000004  2.445  2.343452e-07  1.311677e-07    0.0   3.1
0.283  1.226  0.280955  4.054  5.011723e-03  8.709594e-03    0.0   3.1
0.286  1.233  0.274886  4.054  4.957847e-03  8.521479e-03    0.0   3.1
0.289  1.240  0.277601  4.054  5.030599e-03  8.605644e-03    0.0   3.1
0.292  1.247  0.271225  4.054  4.952838e-03  8.407985e-03    0.0   3.1
0.295  1.254  0.275357  4.054  5.043662e-03  8.536081e-03    0.0   3.1
0.297  1.261  0.261213  4.054  4.756297e-03  8.097615e-03    0.0   3.1
0.300  1.268  0.268305  4.054  4.873563e-03  8.317467e-03    0.0   3.1
0.303  1.275  0.282972  4.054  5.183779e-03  8.772132e-03    0.0   3.1
0.306  1.282  0.275777  4.054  5.012662e-03  8.549072e-03    0.0   3.1
0.310  1.289  0.279087  4.054  5.079372e-03  8.651702e-03    0.0   3.1
0.313  1.296  0.269103  4.054  4.922367e-03  8.342180e-03    0.0   3.1
0.316  1.303  0.266407  4.054  4.891848e-03  8.258602e-03    0.0   3.1
0.319  1.310  0.276333  4.054  5.026037e-03  8.566329e-03    0.0   3.1
0.322  1.317  0.276188  4.054  5.047540e-03  8.561815e-03    0.0   3.1
0.325  1.324  0.260662  4.054  4.773517e-03  8.080507e-03    0.0   3.1
0.329  1.331  0.267129  4.054  4.887760e-03  8.280993e-03    0.0   3.1
0.332  1.338  0.271237  4.054  4.964454e-03  8.408350e-03    0.0   3.1
0.335  1.345  0.267907  4.054  4.962316e-03  8.305125e-03    0.0   3.1
0.338  1.352  0.263150  4.054  4.885502e-03  8.157645e-03    0.0   3.1
0.342  1.359  0.255786  4.054  4.772309e-03  7.929366e-03    0.0   3.1
0.345  1.366  0.254157  4.054  4.741986e-03  7.878874e-03    0.0   3.1
0.349  1.373  0.254361  4.054  4.768959e-03  7.885205e-03    0.0   3.1
0.356  1.387  0.249320  4.054  3.344145e-03  7.728927e-03    0.0   3.1
0.359  1.394  0.242591  4.054  3.275834e-03  7.520311e-03    0.0   3.1
0.363  1.401  0.244921  4.054  3.320333e-03  7.592559e-03    0.0   3.1
0.366  1.408  0.237545  4.054  3.228212e-03  7.363896e-03    0.0   3.1
0.370  1.415  0.237985  4.054  3.266962e-03  7.377539e-03    0.0   3.1
0.373  1.422  0.236497  4.054  3.235691e-03  7.331413e-03    0.0   3.1
0.381  1.436  0.221452  4.054  4.274712e-03  6.865000e-03    0.0   3.1
0.385  1.444  0.227380  4.054  4.383839e-03  7.048772e-03    0.0   3.1
0.389  1.451  0.230645  4.054  4.510072e-03  7.149987e-03    0.0   3.1
0.393  1.458  0.229085  4.054  4.459336e-03  7.101635e-03    0.0   3.1
0.396  1.465  0.238330  4.054  4.574912e-03  7.388239e-03    0.0   3.1
0.400  1.472  0.232235  4.054  4.497507e-03  7.199292e-03    0.0   3.1
0.404  1.479  0.226983  4.054  4.387852e-03  7.036461e-03    0.0   3.1
0.408  1.486  0.244951  4.054  4.702963e-03  7.593493e-03    0.0   3.1
0.412  1.493  0.242584  4.054  4.664923e-03  7.520114e-03    0.0   3.1
0.417  1.500  0.246720  4.054  4.786816e-03  7.648315e-03    0.0   3.1
0.421  1.507  0.252582  4.054  4.862338e-03  7.830051e-03    0.0   3.1
0.425  1.514  0.260478  4.054  5.054205e-03  8.074823e-03    0.0   3.1
0.429  1.521  0.270570  4.054  5.251949e-03  8.387659e-03    0.0   3.1
0.433  1.528  0.270883  4.054  5.285269e-03  8.397384e-03    0.0   3.1
0.438  1.535  0.276961  4.054  5.417228e-03  8.585799e-03    0.0   3.1
0.442  1.542  0.262841  4.054  5.134603e-03  8.148069e-03    0.0   3.1
0.446  1.549  0.252708  4.054  4.994460e-03  7.833955e-03    0.0   3.1
0.451  1.556  0.226779  4.054  4.527137e-03  7.030141e-03    0.0   3.1
0.455  1.563  0.217321  4.054  4.346552e-03  6.736955e-03    0.0   3.1
0.460  1.570  0.207172  4.054  4.143140e-03  6.422318e-03    0.0   3.1
0.465  1.577  0.199275  4.054  3.324086e-03  6.177538e-03    0.0   3.1
0.469  1.584  0.189346  4.054  2.488697e-03  5.869713e-03    0.0   3.1
0.474  1.591  0.181626  4.054  2.420022e-03  5.630398e-03    0.0   3.1
0.479  1.598  0.175951  4.054  2.363531e-03  5.454468e-03    0.0   3.1
0.483  1.605  0.167640  4.054  2.262105e-03  5.196833e-03    0.0   3.1
0.488  1.612  0.170592  4.054  2.320034e-03  5.288341e-03    0.0   3.1
0.493  1.619  0.164122  4.054  2.245292e-03  5.087773e-03    0.0   3.1
0.503  1.633  0.158733  4.054  2.831253e-03  4.920738e-03    0.0   3.1
0.508  1.640  0.156523  4.054  2.769471e-03  4.852218e-03    0.0   3.1
0.514  1.647  0.154128  4.054  2.728736e-03  4.777977e-03    0.0   3.1
0.519  1.654  0.164615  4.054  2.947233e-03  5.103076e-03    0.0   3.1
0.524  1.661  0.162126  4.054  2.905618e-03  5.025900e-03    0.0   3.1
0.529  1.668  0.168370  4.054  3.008089e-03  5.219469e-03    0.0   3.1
0.535  1.675  0.168515  4.054  2.989240e-03  5.223966e-03    0.0   3.1
0.540  1.682  0.177908  4.054  3.197251e-03  5.515133e-03    0.0   3.1
0.546  1.689  0.193817  4.054  3.486076e-03  6.008315e-03    0.0   3.1
0.551  1.696  0.203170  4.054  3.695525e-03  6.298278e-03    0.0   3.1
0.557  1.703  0.212159  4.054  3.855268e-03  6.576917e-03    0.0   3.1
0.563  1.710  0.206084  4.054  3.792189e-03  6.388599e-03    0.0   3.1
0.569  1.717  0.184816  4.054  3.410806e-03  5.729309e-03    0.0   3.1
0.575  1.724  0.172806  4.054  3.201610e-03  5.356983e-03    0.0   3.1
0.581  1.732  0.155584  4.054  2.923219e-03  4.823099e-03    0.0   3.1
0.587  1.739  0.135729  4.054  2.571428e-03  4.207601e-03    0.0   3.1
0.593  1.746  0.126777  4.054  2.462464e-03  3.930091e-03    0.0   3.1
0.599  1.753  0.116384  4.054  2.297852e-03  3.607904e-03    0.0   3.1
0.605  1.760  0.104492  4.054  2.096219e-03  3.239262e-03    0.0   3.1
0.612  1.767  0.103116  4.054  2.096975e-03  3.196587e-03    0.0   3.1
0.618  1.774  0.098143  4.054  2.002036e-03  3.042424e-03    0.0   3.1
0.625  1.781  0.095466  4.054  1.964327e-03  2.959458e-03    0.0   3.1
0.631  1.788  0.090642  4.054  1.894947e-03  2.809902e-03    0.0   3.1
0.645  1.802  0.088951  4.054  1.345495e-03  2.757490e-03    0.0   3.1
0.652  1.809  0.083358  4.054  1.268052e-03  2.584106e-03    0.0   3.1
0.659  1.816  0.080484  4.054  1.237252e-03  2.495008e-03    0.0   3.1
0.666  1.823  0.081424  4.054  1.261429e-03  2.524154e-03    0.0   3.1
0.673  1.830  0.074928  4.054  1.166892e-03  2.322755e-03    0.0   3.1
0.680  1.837  0.074869  4.054  1.171058e-03  2.320950e-03    0.0   3.1
0.688  1.844  0.073022  4.054  1.144922e-03  2.263683e-03    0.0   3.1
0.695  1.851  0.073044  4.054  1.270131e-03  2.264362e-03    0.0   3.1
0.703  1.858  0.073073  4.054  1.562635e-03  2.265278e-03    0.0   3.1
0.710  1.865  0.070816  4.054  1.498676e-03  2.195290e-03    0.0   3.1
0.718  1.872  0.078611  4.054  1.671057e-03  2.436955e-03    0.0   3.1
0.726  1.879  0.082721  4.054  1.762513e-03  2.564361e-03    0.0   3.1
0.734  1.886  0.094704  4.054  2.051024e-03  2.935816e-03    0.0   3.1
0.742  1.893  0.100375  4.054  2.180096e-03  3.111620e-03    0.0   3.1
0.751  1.900  0.110088  4.054  2.402410e-03  3.412740e-03    0.0   3.1
0.759  1.907  0.105459  4.054  2.302978e-03  3.269221e-03    0.0   3.1
0.767  1.914  0.101508  4.054  2.260662e-03  3.146754e-03    0.0   3.1
0.776  1.921  0.085004  4.054  1.930553e-03  2.635111e-03    0.0   3.1
0.785  1.928  0.063592  4.054  1.456931e-03  1.971364e-03    0.0   3.1
0.794  1.935  0.047643  4.054  2.488672e-03  1.476941e-03    0.0   3.1
0.803  1.942  0.032936  4.054  1.727247e-03  1.021005e-03    0.0   3.1
0.812  1.949  0.019736  4.054  1.045417e-03  6.118248e-04    0.0   3.1
0.821  1.956  0.012399  4.054  6.603828e-04  3.843615e-04    0.0   3.1
0.831  1.963  0.006978  4.054  3.777948e-04  2.163113e-04    0.0   3.1
0.840  1.970  0.004078  4.054  2.230688e-04  1.264332e-04    0.0   3.1
0.850  1.977  0.001977  4.054  1.103190e-04  6.128239e-05    0.0   3.1
0.860  1.984  0.000785  4.054  4.489334e-05  2.433512e-05    0.0   3.1
0.870  1.991  0.000201  4.054  1.179362e-05  6.235889e-06    0.0   3.1
0.446  1.625  0.226590  2.445  5.130931e-03  7.024299e-03    0.0   3.1
0.458  1.657  0.207454  2.445  3.046138e-03  6.431074e-03    0.0   3.1
0.469  1.689  0.187418  2.445  2.832167e-03  5.809958e-03    0.0   3.1
0.480  1.721  0.173364  2.445  2.686304e-03  5.374269e-03    0.0   3.1
0.492  1.753  0.160645  2.445  2.546820e-03  4.979992e-03    0.0   3.1
0.504  1.786  0.143977  2.445  2.378461e-03  4.463286e-03    0.0   3.1
0.515  1.818  0.138164  2.445  2.340210e-03  4.283087e-03    0.0   3.1
0.527  1.850  0.132495  2.445  2.285397e-03  4.107346e-03    0.0   3.1
0.539  1.882  0.132630  2.445  1.904001e-03  4.111537e-03    0.0   3.1
0.551  1.914  0.136869  2.445  2.056118e-03  4.242929e-03    0.0   3.1
0.564  1.946  0.135590  2.445  2.185031e-03  4.203275e-03    0.0   3.1
0.576  1.979  0.137547  2.445  2.249945e-03  4.263964e-03    0.0   3.1
0.589  2.011  0.150287  2.445  2.459066e-03  4.658912e-03    0.0   3.1
0.601  2.043  0.154982  2.445  2.604747e-03  4.804441e-03    0.0   3.1
0.614  2.075  0.139230  2.445  2.461751e-03  4.316124e-03    0.0   3.1
0.627  2.107  0.111469  2.445  2.120497e-03  3.455537e-03    0.0   3.1
0.640  2.139  0.091328  2.445  1.848043e-03  2.831155e-03    0.0   3.1
0.654  2.172  0.080698  2.445  1.013067e-03  2.501633e-03    0.0   3.1
0.667  2.204  0.072528  2.445  9.453805e-04  2.248365e-03    0.0   3.1
0.681  2.236  0.065260  2.445  9.653235e-04  2.023049e-03    0.0   3.1
0.695  2.268  0.061512  2.445  9.298661e-04  1.906879e-03    0.0   3.1
0.723  2.333  0.055079  2.445  6.313192e-04  1.707451e-03    0.0   3.1
0.737  2.365  0.051725  2.445  6.079877e-04  1.603465e-03    0.0   3.1
0.751  2.397  0.050135  2.445  5.977481e-04  1.554193e-03    0.0   3.1
0.766  2.429  0.052116  2.445  6.256781e-04  1.615584e-03    0.0   3.1
0.781  2.461  0.054894  2.445  6.596917e-04  1.701727e-03    0.0   3.1
0.795  2.493  0.059379  2.445  6.497600e-04  1.840747e-03    0.0   3.1
0.811  2.526  0.059049  2.445  6.545145e-04  1.830528e-03    0.0   3.1
0.826  2.558  0.046761  2.445  6.819441e-04  1.449586e-03    0.0   3.1
0.842  2.590  0.031342  2.445  1.547040e-03  9.715993e-04    0.0   3.1
0.857  2.622  0.014234  2.445  7.166810e-04  4.412670e-04    0.0   3.1
0.873  2.654  0.005140  2.445  2.667378e-04  1.593538e-04    0.0   3.1
0.906  2.719  0.000007  2.445  5.530835e-07  2.193857e-07    0.0   3.1
0.345  1.645  0.256783  4.054  4.436690e-03  7.960259e-03    0.0   3.1
0.349  1.656  0.257466  4.054  4.448035e-03  7.981433e-03    0.0   3.1
0.353  1.667  0.253139  4.054  4.396465e-03  7.847324e-03    0.0   3.1
0.356  1.678  0.257714  4.054  4.482820e-03  7.989133e-03    0.0   3.1
0.360  1.689  0.258125  4.054  4.440715e-03  8.001884e-03    0.0   3.1
0.364  1.699  0.251165  4.054  4.392479e-03  7.786119e-03    0.0   3.1
0.368  1.710  0.246086  4.054  4.330729e-03  7.628666e-03    0.0   3.1
0.371  1.721  0.248099  4.054  4.345291e-03  7.691072e-03    0.0   3.1
0.375  1.732  0.243210  4.054  3.201957e-03  7.539521e-03    0.0   3.1
0.379  1.743  0.238075  4.054  2.976291e-03  7.380338e-03    0.0   3.1
0.383  1.754  0.233379  4.054  2.967148e-03  7.234740e-03    0.0   3.1
0.387  1.765  0.236189  4.054  2.995618e-03  7.321859e-03    0.0   3.1
0.391  1.775  0.229829  4.054  2.941528e-03  7.124710e-03    0.0   3.1
0.395  1.786  0.226439  4.054  2.919808e-03  7.019597e-03    0.0   3.1
0.403  1.808  0.201294  4.054  3.662368e-03  6.240123e-03    0.0   3.1
0.407  1.819  0.204974  4.054  3.743381e-03  6.354187e-03    0.0   3.1
0.412  1.830  0.202467  4.054  3.701456e-03  6.276487e-03    0.0   3.1
0.416  1.841  0.203208  4.054  3.715551e-03  6.299448e-03    0.0   3.1
0.420  1.851  0.203212  4.054  3.724756e-03  6.299567e-03    0.0   3.1
0.424  1.862  0.198288  4.054  3.658722e-03  6.146942e-03    0.0   3.1
0.429  1.873  0.192837  4.054  3.572076e-03  5.977955e-03    0.0   3.1
0.433  1.884  0.200722  4.054  3.695777e-03  6.222394e-03    0.0   3.1
0.437  1.895  0.192272  4.054  3.580288e-03  5.960444e-03    0.0   3.1
0.442  1.906  0.183370  4.054  3.431916e-03  5.684483e-03    0.0   3.1
0.446  1.917  0.180365  4.054  3.374408e-03  5.591317e-03    0.0   3.1
0.451  1.927  0.185447  4.054  3.494972e-03  5.748859e-03    0.0   3.1
0.455  1.938  0.175882  4.054  3.347936e-03  5.452340e-03    0.0   3.1
0.460  1.949  0.181112  4.054  3.411821e-03  5.614484e-03    0.0   3.1
0.464  1.960  0.183241  4.054  3.439223e-03  5.680484e-03    0.0   3.1
0.469  1.971  0.178969  4.054  3.397948e-03  5.548026e-03    0.0   3.1
0.474  1.982  0.186890  4.054  3.552070e-03  5.793604e-03    0.0   3.1
0.479  1.993  0.187252  4.054  3.585950e-03  5.804818e-03    0.0   3.1
0.483  2.003  0.190535  4.054  3.641680e-03  5.906592e-03    0.0   3.1
0.488  2.014  0.185835  4.054  3.640375e-03  5.760883e-03    0.0   3.1
0.493  2.025  0.199766  4.054  4.217752e-03  6.192752e-03    0.0   3.1
0.508  2.058  0.219675  4.054  5.665740e-03  6.809912e-03    0.0   3.1
0.513  2.069  0.200494  4.054  3.583547e-03  6.215303e-03    0.0   3.1
0.518  2.079  0.185548  4.054  3.401522e-03  5.751984e-03    0.0   3.1
0.523  2.090  0.170831  4.054  3.161124e-03  5.295776e-03    0.0   3.1
0.528  2.101  0.160019  4.054  2.997734e-03  4.960602e-03    0.0   3.1
0.534  2.112  0.150736  4.054  2.849743e-03  4.672809e-03    0.0   3.1
0.539  2.123  0.137688  4.054  2.644867e-03  4.268315e-03    0.0   3.1
0.544  2.134  0.135656  4.054  2.613848e-03  4.205347e-03    0.0   3.1
0.550  2.145  0.127853  4.054  2.450202e-03  3.963456e-03    0.0   3.1
0.555  2.155  0.129835  4.054  2.507968e-03  4.024894e-03    0.0   3.1
0.561  2.166  0.129878  4.054  2.538832e-03  4.026207e-03    0.0   3.1
0.566  2.177  0.120095  4.054  2.378036e-03  3.722960e-03    0.0   3.1
0.572  2.188  0.124354  4.054  2.436158e-03  3.854968e-03    0.0   3.1
0.578  2.199  0.119465  4.054  2.380055e-03  3.703422e-03    0.0   3.1
0.583  2.210  0.122473  4.054  2.405311e-03  3.796657e-03    0.0   3.1
0.589  2.221  0.114196  4.054  2.263241e-03  3.540071e-03    0.0   3.1
0.595  2.231  0.117214  4.054  2.326965e-03  3.633632e-03    0.0   3.1
0.601  2.242  0.115657  4.054  2.316448e-03  3.585377e-03    0.0   3.1
0.607  2.253  0.123100  4.054  2.451982e-03  3.816108e-03    0.0   3.1
0.613  2.264  0.127223  4.054  2.553342e-03  3.943922e-03    0.0   3.1
0.619  2.275  0.136144  4.054  2.720245e-03  4.220471e-03    0.0   3.1
0.625  2.286  0.145146  4.054  2.927507e-03  4.499514e-03    0.0   3.1
0.631  2.297  0.146018  4.054  3.003326e-03  4.526563e-03    0.0   3.1
0.637  2.307  0.142221  4.054  2.947045e-03  4.408842e-03    0.0   3.1
0.644  2.318  0.129106  4.054  2.713354e-03  4.002276e-03    0.0   3.1
0.650  2.329  0.115563  4.054  2.443679e-03  3.582455e-03    0.0   3.1
0.657  2.340  0.097808  4.054  2.119819e-03  3.032058e-03    0.0   3.1
0.663  2.351  0.091846  4.054  2.013111e-03  2.847226e-03    0.0   3.1
0.670  2.362  0.083410  4.054  1.307842e-03  2.585714e-03    0.0   3.1
0.677  2.373  0.074451  4.054  1.116031e-03  2.307968e-03    0.0   3.1
0.683  2.383  0.071167  4.054  1.088676e-03  2.206168e-03    0.0   3.1
0.690  2.394  0.066949  4.054  1.039964e-03  2.075411e-03    0.0   3.1
0.697  2.405  0.062919  4.054  9.948955e-04  1.950484e-03    0.0   3.1
0.704  2.416  0.059698  4.054  1.060805e-03  1.850650e-03    0.0   3.1
0.711  2.427  0.057922  4.054  1.177525e-03  1.795576e-03    0.0   3.1
0.718  2.438  0.055328  4.054  1.138555e-03  1.715177e-03    0.0   3.1
0.725  2.449  0.051597  4.054  1.058311e-03  1.599503e-03    0.0   3.1
0.732  2.459  0.050283  4.054  8.732747e-04  1.558767e-03    0.0   3.1
0.740  2.470  0.049704  4.054  8.185251e-04  1.540825e-03    0.0   3.1
0.747  2.481  0.048686  4.054  8.127299e-04  1.509273e-03    0.0   3.1
0.755  2.492  0.047240  4.054  7.995638e-04  1.464441e-03    0.0   3.1
0.763  2.503  0.047377  4.054  8.056685e-04  1.468672e-03    0.0   3.1
0.770  2.514  0.048784  4.054  8.309457e-04  1.512306e-03    0.0   3.1
0.778  2.525  0.051054  4.054  8.855251e-04  1.582686e-03    0.0   3.1
0.786  2.535  0.054899  4.054  9.596896e-04  1.701875e-03    0.0   3.1
0.794  2.546  0.058734  4.054  1.035019e-03  1.820755e-03    0.0   3.1
0.802  2.557  0.062161  4.054  1.048060e-03  1.926976e-03    0.0   3.1
0.810  2.568  0.060386  4.054  7.308466e-04  1.871958e-03    0.0   3.1
0.819  2.579  0.055821  4.054  6.896027e-04  1.730449e-03    0.0   3.1
0.827  2.590  0.044970  4.054  5.707340e-04  1.394060e-03    0.0   3.1
0.835  2.601  0.030942  4.054  1.497176e-03  9.592006e-04    0.0   3.1
0.844  2.612  0.021003  4.054  1.018129e-03  6.511060e-04    0.0   3.1
0.852  2.622  0.013015  4.054  6.323025e-04  4.034805e-04    0.0   3.1
0.861  2.633  0.007747  4.054  3.776141e-04  2.401461e-04    0.0   3.1
0.870  2.644  0.004408  4.054  2.157719e-04  1.366557e-04    0.0   3.1
0.879  2.655  0.002136  4.054  1.049981e-04  6.623118e-05    0.0   3.1
0.888  2.666  0.001047  4.054  5.170065e-05  3.245425e-05    0.0   3.1
0.898  2.677  0.000299  4.054  1.493810e-05  9.275523e-06    0.0   3.1
0.422  2.265  0.208103  4.054  3.520493e-03  6.451196e-03    0.0   3.1
0.427  2.284  0.205333  4.054  2.486872e-03  6.365317e-03    0.0   3.1
0.432  2.303  0.195857  4.054  2.422583e-03  6.071557e-03    0.0   3.1
0.437  2.322  0.200515  4.054  2.473990e-03  6.215969e-03    0.0   3.1
0.443  2.341  0.191200  4.054  2.399914e-03  5.927214e-03    0.0   3.1
0.448  2.360  0.189880  4.054  2.395249e-03  5.886288e-03    0.0   3.1
0.458  2.398  0.190778  4.054  3.306705e-03  5.914107e-03    0.0   3.1
0.463  2.417  0.178615  4.054  3.126369e-03  5.537052e-03    0.0   3.1
0.469  2.435  0.184167  4.054  3.224966e-03  5.709163e-03    0.0   3.1
0.474  2.454  0.178978  4.054  3.149576e-03  5.548325e-03    0.0   3.1
0.479  2.473  0.171997  4.054  3.092477e-03  5.331894e-03    0.0   3.1
0.485  2.492  0.170004  4.054  3.064448e-03  5.270127e-03    0.0   3.1
0.490  2.511  0.165230  4.054  2.983956e-03  5.122123e-03    0.0   3.1
0.496  2.530  0.161230  4.054  2.955366e-03  4.998134e-03    0.0   3.1
0.501  2.549  0.161373  4.054  2.339514e-03  5.002563e-03    0.0   3.1
0.507  2.568  0.155096  4.054  1.965929e-03  4.807991e-03    0.0   3.1
0.513  2.587  0.147210  4.054  1.909464e-03  4.563501e-03    0.0   3.1
0.518  2.606  0.149072  4.054  1.927377e-03  4.621219e-03    0.0   3.1
0.524  2.625  0.144822  4.054  1.898669e-03  4.489476e-03    0.0   3.1
0.530  2.644  0.142334  4.054  1.874513e-03  4.412343e-03    0.0   3.1
0.536  2.663  0.138836  4.054  2.265785e-03  4.303927e-03    0.0   3.1
0.542  2.682  0.140158  4.054  2.492859e-03  4.344897e-03    0.0   3.1
0.547  2.701  0.137461  4.054  2.445231e-03  4.261289e-03    0.0   3.1
0.553  2.720  0.134979  4.054  2.422330e-03  4.184352e-03    0.0   3.1
0.559  2.739  0.142597  4.054  2.554814e-03  4.420511e-03    0.0   3.1
0.565  2.758  0.145628  4.054  2.622459e-03  4.514474e-03    0.0   3.1
0.572  2.777  0.152222  4.054  2.754776e-03  4.718881e-03    0.0   3.1
0.578  2.796  0.147910  4.054  2.709043e-03  4.585223e-03    0.0   3.1
0.584  2.815  0.143314  4.054  2.647963e-03  4.442741e-03    0.0   3.1
0.590  2.833  0.135592  4.054  2.524329e-03  4.203365e-03    0.0   3.1
0.596  2.852  0.124677  4.054  2.347831e-03  3.864983e-03    0.0   3.1
0.603  2.871  0.113307  4.054  2.174995e-03  3.512519e-03    0.0   3.1
0.615  2.909  0.098196  4.054  1.302891e-03  3.044071e-03    0.0   3.1
0.622  2.928  0.094752  4.054  1.288143e-03  2.937319e-03    0.0   3.1
0.628  2.947  0.088638  4.054  1.220673e-03  2.747778e-03    0.0   3.1
0.635  2.966  0.086587  4.054  1.207490e-03  2.684205e-03    0.0   3.1
0.642  2.985  0.082718  4.054  1.245689e-03  2.564262e-03    0.0   3.1
0.648  3.004  0.080473  4.054  1.481069e-03  2.494657e-03    0.0   3.1
0.655  3.023  0.076793  4.054  1.413715e-03  2.380577e-03    0.0   3.1
0.662  3.042  0.079424  4.054  1.486210e-03  2.462149e-03    0.0   3.1
0.669  3.061  0.075937  4.054  1.421335e-03  2.354047e-03    0.0   3.1
0.676  3.080  0.074193  4.054  1.392786e-03  2.299982e-03    0.0   3.1
0.683  3.099  0.074999  4.054  1.431786e-03  2.324971e-03    0.0   3.1
0.690  3.118  0.083059  4.054  1.580679e-03  2.574833e-03    0.0   3.1
0.697  3.137  0.087687  4.054  1.687951e-03  2.718302e-03    0.0   3.1
0.704  3.156  0.090160  4.054  1.778456e-03  2.794962e-03    0.0   3.1
0.711  3.175  0.084903  4.054  1.695444e-03  2.632002e-03    0.0   3.1
0.718  3.194  0.078503  4.054  1.584088e-03  2.433601e-03    0.0   3.1
0.726  3.213  0.064416  4.054  1.330546e-03  1.996889e-03    0.0   3.1
0.733  3.232  0.054907  4.054  1.167355e-03  1.702107e-03    0.0   3.1
0.740  3.250  0.046834  4.054  1.032689e-03  1.451857e-03    0.0   3.1
0.756  3.288  0.041297  4.054  5.493138e-04  1.280219e-03    0.0   3.1
0.763  3.307  0.037697  4.054  5.139683e-04  1.168600e-03    0.0   3.1
0.771  3.326  0.036893  4.054  5.117180e-04  1.143674e-03    0.0   3.1
0.779  3.345  0.027885  4.054  3.971950e-04  8.644226e-04    0.0   3.1
0.787  3.364  0.026379  4.054  3.816899e-04  8.177591e-04    0.0   3.1
0.795  3.383  0.025642  4.054  3.766774e-04  7.949160e-04    0.0   3.1
0.811  3.421  0.022106  4.054  3.892535e-04  6.852866e-04    0.0   3.1
0.819  3.440  0.024564  4.054  4.257893e-04  7.614866e-04    0.0   3.1
0.827  3.459  0.025860  4.054  4.432272e-04  8.016667e-04    0.0   3.1
0.835  3.478  0.027239  4.054  4.708240e-04  8.444007e-04    0.0   3.1
0.844  3.497  0.030900  4.054  5.394669e-04  9.579119e-04    0.0   3.1
0.852  3.516  0.030043  4.054  5.446065e-04  9.313461e-04    0.0   3.1
0.861  3.535  0.028679  4.054  5.339100e-04  8.890602e-04    0.0   3.1
0.869  3.554  0.020306  4.054  4.051551e-04  6.294822e-04    0.0   3.1
0.878  3.573  0.012162  4.054  6.255224e-04  3.770076e-04    0.0   3.1
0.887  3.592  0.006385  4.054  3.351429e-04  1.979497e-04    0.0   3.1
0.895  3.611  0.004303  4.054  2.307325e-04  1.333949e-04    0.0   3.1
0.904  3.630  0.002095  4.054  1.149580e-04  6.493307e-05    0.0   3.1
0.913  3.648  0.000944  4.054  5.343441e-05  2.926913e-05    0.0   3.1
0.922  3.667  0.000245  4.054  1.459813e-05  7.602938e-06    0.0   3.1
0.459  2.635  0.176798  4.045  3.668128e-03  5.480739e-03    0.0   3.1
0.465  2.661  0.174314  4.045  3.661568e-03  5.403749e-03    0.0   3.1
0.471  2.688  0.176930  4.045  3.806762e-03  5.484839e-03    0.0   3.1
0.477  2.715  0.173255  4.045  3.791424e-03  5.370907e-03    0.0   3.1
0.484  2.742  0.175332  4.045  3.861264e-03  5.435293e-03    0.0   3.1
0.490  2.768  0.169246  4.045  3.531079e-03  5.246612e-03    0.0   3.1
0.496  2.795  0.165648  4.045  2.914246e-03  5.135093e-03    0.0   3.1
0.503  2.822  0.159268  4.045  2.753121e-03  4.937312e-03    0.0   3.1
0.509  2.849  0.155434  4.045  2.654071e-03  4.818458e-03    0.0   3.1
0.516  2.875  0.154446  4.045  2.642094e-03  4.787841e-03    0.0   3.1
0.522  2.902  0.142504  4.045  2.459332e-03  4.417611e-03    0.0   3.1
0.529  2.929  0.139877  4.045  2.386609e-03  4.336199e-03    0.0   3.1
0.536  2.956  0.134718  4.045  2.337418e-03  4.176269e-03    0.0   3.1
0.542  2.982  0.131600  4.045  2.799610e-03  4.079593e-03    0.0   3.1
0.549  3.009  0.122033  4.045  2.606279e-03  3.783029e-03    0.0   3.1
0.556  3.036  0.118105  4.045  2.513950e-03  3.661244e-03    0.0   3.1
0.563  3.063  0.116042  4.045  2.488036e-03  3.597298e-03    0.0   3.1
0.570  3.089  0.112800  4.045  2.395470e-03  3.496799e-03    0.0   3.1
0.577  3.116  0.112493  4.045  2.421911e-03  3.487283e-03    0.0   3.1
0.584  3.143  0.116436  4.045  2.481979e-03  3.609511e-03    0.0   3.1
0.591  3.170  0.109190  4.045  2.346367e-03  3.384900e-03    0.0   3.1
0.598  3.196  0.110653  4.045  2.421420e-03  3.430250e-03    0.0   3.1
0.605  3.223  0.122078  4.045  2.643065e-03  3.784428e-03    0.0   3.1
0.612  3.250  0.125700  4.045  2.762550e-03  3.896711e-03    0.0   3.1
0.619  3.277  0.113204  4.045  2.571569e-03  3.509316e-03    0.0   3.1
0.626  3.303  0.102717  4.045  2.367152e-03  3.184223e-03    0.0   3.1
0.634  3.330  0.097525  4.045  2.302391e-03  3.023271e-03    0.0   3.1
0.641  3.357  0.093881  4.045  2.221192e-03  2.910301e-03    0.0   3.1
0.649  3.384  0.086828  4.045  2.089831e-03  2.691658e-03    0.0   3.1
0.656  3.410  0.081683  4.045  2.044185e-03  2.532185e-03    0.0   3.1
0.671  3.464  0.072518  4.045  1.039475e-03  2.248063e-03    0.0   3.1
0.679  3.491  0.067597  4.045  9.618316e-04  2.095514e-03    0.0   3.1
0.686  3.517  0.062378  4.045  8.944458e-04  1.933707e-03    0.0   3.1
0.694  3.544  0.061478  4.045  8.714654e-04  1.905828e-03    0.0   3.1
0.702  3.571  0.061230  4.045  8.614833e-04  1.898126e-03    0.0   3.1
0.710  3.598  0.061141  4.045  8.738008e-04  1.895381e-03    0.0   3.1
0.718  3.624  0.061420  4.045  8.733355e-04  1.904012e-03    0.0   3.1
0.726  3.651  0.067126  4.045  9.450885e-04  2.080918e-03    0.0   3.1
0.734  3.678  0.071994  4.045  1.041072e-03  2.231825e-03    0.0   3.1
0.742  3.705  0.071090  4.045  1.110959e-03  2.203798e-03    0.0   3.1
0.750  3.731  0.062203  4.045  9.759283e-04  1.928287e-03    0.0   3.1
0.759  3.758  0.052339  4.045  8.267123e-04  1.622500e-03    0.0   3.1
0.767  3.785  0.041689  4.045  6.675022e-04  1.292345e-03    0.0   3.1
0.775  3.811  0.038992  4.045  6.252133e-04  1.208752e-03    0.0   3.1
0.784  3.838  0.031819  4.045  5.279671e-04  9.863825e-04    0.0   3.1
0.792  3.865  0.028748  4.045  4.826918e-04  8.912034e-04    0.0   3.1
0.801  3.892  0.026834  4.045  4.570878e-04  8.318491e-04    0.0   3.1
0.809  3.918  0.024237  4.045  4.304947e-04  7.513446e-04    0.0   3.1
0.818  3.945  0.022325  4.045  3.962579e-04  6.920802e-04    0.0   3.1
0.827  3.972  0.020319  4.045  3.766899e-04  6.298770e-04    0.0   3.1
0.836  3.999  0.017778  4.045  3.442477e-04  5.511294e-04    0.0   3.1
0.844  4.025  0.016805  4.045  3.378511e-04  5.209467e-04    0.0   3.1
0.853  4.052  0.017993  4.045  3.668791e-04  5.577721e-04    0.0   3.1
0.863  4.079  0.016267  4.045  3.490835e-04  5.042885e-04    0.0   3.1
0.872  4.106  0.015138  4.045  3.369347e-04  4.692922e-04    0.0   3.1
0.881  4.132  0.013353  4.045  3.096038e-04  4.139562e-04    0.0   3.1
0.890  4.159  0.008454  4.045  4.448248e-04  2.620632e-04    0.0   3.1
0.899  4.186  0.004845  4.045  2.585991e-04  1.502027e-04    0.0   3.1
0.909  4.213  0.002596  4.045  1.400647e-04  8.047630e-05    0.0   3.1
0.918  4.239  0.001221  4.045  6.732390e-05  3.785166e-05    0.0   3.1
0.928  4.266  0.000449  4.045  2.516233e-05  1.392219e-05    0.0   3.1
0.938  4.293  0.000023  4.045  1.336038e-06  7.184344e-07    0.0   3.1
