jlcee96,f2,d target
converted from 10073.xlsx
*
 0.0126  0
x    Q2        F2  Ebeam      stat   sys_tot  dummy  dummy
0.312213  1.40  0.244657    0.0  0.003667  0.006924    0.0    0.0
0.314018  1.40  0.236716    0.0  0.003603  0.006699    0.0    0.0
0.315845  1.40  0.237315    0.0  0.003632  0.006716    0.0    0.0
0.317692  1.40  0.237536    0.0  0.003661  0.006722    0.0    0.0
0.319562  1.40  0.233284    0.0  0.003573  0.006602    0.0    0.0
0.321454  1.40  0.233921    0.0  0.003616  0.006620    0.0    0.0
0.323368  1.40  0.230456    0.0  0.003544  0.006522    0.0    0.0
0.325305  1.40  0.235190    0.0  0.003617  0.006656    0.0    0.0
0.327266  1.40  0.229111    0.0  0.003554  0.006484    0.0    0.0
0.329250  1.40  0.237243    0.0  0.003663  0.006714    0.0    0.0
0.331258  1.40  0.239605    0.0  0.003666  0.006781    0.0    0.0
0.333292  1.40  0.236325    0.0  0.003654  0.006688    0.0    0.0
0.335350  1.40  0.231291    0.0  0.003620  0.006546    0.0    0.0
0.337433  1.40  0.229943    0.0  0.003589  0.006507    0.0    0.0
0.339543  1.40  0.228745    0.0  0.003588  0.006473    0.0    0.0
0.341680  1.40  0.227365    0.0  0.003632  0.006434    0.0    0.0
0.343843  1.40  0.223582    0.0  0.003561  0.006327    0.0    0.0
0.346034  1.40  0.238594    0.0  0.002712  0.006752    0.0    0.0
0.348253  1.40  0.226713    0.0  0.002142  0.006416    0.0    0.0
0.350501  1.40  0.224297    0.0  0.002149  0.006348    0.0    0.0
0.355085  1.40  0.223755    0.0  0.002659  0.006332    0.0    0.0
0.357422  1.40  0.221344    0.0  0.002617  0.006264    0.0    0.0
0.359790  1.40  0.214820    0.0  0.002558  0.006079    0.0    0.0
0.362190  1.40  0.218446    0.0  0.002599  0.006182    0.0    0.0
0.364622  1.40  0.214303    0.0  0.002547  0.006065    0.0    0.0
0.367087  1.40  0.216224    0.0  0.002575  0.006119    0.0    0.0
0.369585  1.40  0.221421    0.0  0.002635  0.006266    0.0    0.0
0.372118  1.40  0.220914    0.0  0.002643  0.006252    0.0    0.0
0.374686  1.40  0.218392    0.0  0.002600  0.006180    0.0    0.0
0.377289  1.40  0.212711    0.0  0.002548  0.006020    0.0    0.0
0.379928  1.40  0.218618    0.0  0.002635  0.006187    0.0    0.0
0.382605  1.40  0.218081    0.0  0.002623  0.006172    0.0    0.0
0.385320  1.40  0.216579    0.0  0.002612  0.006129    0.0    0.0
0.388074  1.40  0.208040    0.0  0.002533  0.005888    0.0    0.0
0.390867  1.40  0.219359    0.0  0.002691  0.006208    0.0    0.0
0.393701  1.40  0.215270    0.0  0.002639  0.006092    0.0    0.0
0.396576  1.40  0.221909    0.0  0.002862  0.006280    0.0    0.0
0.399494  1.40  0.215145    0.0  0.002001  0.006089    0.0    0.0
0.402454  1.40  0.217299    0.0  0.002037  0.006150    0.0    0.0
0.405459  1.40  0.217314    0.0  0.002375  0.006150    0.0    0.0
0.408509  1.40  0.206245    0.0  0.002912  0.005837    0.0    0.0
0.411606  1.40  0.208944    0.0  0.002981  0.005913    0.0    0.0
0.414749  1.40  0.201766    0.0  0.002877  0.005710    0.0    0.0
0.417942  1.40  0.199448    0.0  0.002833  0.005644    0.0    0.0
0.421183  1.40  0.202138    0.0  0.002905  0.005720    0.0    0.0
0.424476  1.40  0.194109    0.0  0.002787  0.005493    0.0    0.0
0.427820  1.40  0.194365    0.0  0.002814  0.005501    0.0    0.0
0.431217  1.40  0.187174    0.0  0.002700  0.005297    0.0    0.0
0.434669  1.40  0.190150    0.0  0.002774  0.005381    0.0    0.0
0.438176  1.40  0.186210    0.0  0.002715  0.005270    0.0    0.0
0.441740  1.40  0.181046    0.0  0.002659  0.005124    0.0    0.0
0.445363  1.40  0.178210    0.0  0.002599  0.005043    0.0    0.0
0.449046  1.40  0.176862    0.0  0.002632  0.005005    0.0    0.0
0.452790  1.40  0.176332    0.0  0.002623  0.004990    0.0    0.0
0.456597  1.40  0.173175    0.0  0.002563  0.004901    0.0    0.0
0.460469  1.40  0.173016    0.0  0.002588  0.004896    0.0    0.0
0.464407  1.40  0.169067    0.0  0.002538  0.004785    0.0    0.0
0.468413  1.40  0.174054    0.0  0.002648  0.004926    0.0    0.0
0.472489  1.40  0.167480    0.0  0.002552  0.004740    0.0    0.0
0.476636  1.40  0.172068    0.0  0.002808  0.004870    0.0    0.0
0.480857  1.40  0.171421    0.0  0.001905  0.004851    0.0    0.0
0.485153  1.40  0.167879    0.0  0.001884  0.004751    0.0    0.0
0.489526  1.40  0.165591    0.0  0.001883  0.004686    0.0    0.0
0.493979  1.40  0.170726    0.0  0.002564  0.004832    0.0    0.0
0.498514  1.40  0.166006    0.0  0.002700  0.004698    0.0    0.0
0.503133  1.40  0.159062    0.0  0.002617  0.004501    0.0    0.0
0.507838  1.40  0.157530    0.0  0.002589  0.004458    0.0    0.0
0.512632  1.40  0.150337    0.0  0.002483  0.004255    0.0    0.0
0.517518  1.40  0.149498    0.0  0.002499  0.004231    0.0    0.0
0.522497  1.40  0.141598    0.0  0.002356  0.004007    0.0    0.0
0.527573  1.40  0.135102    0.0  0.002268  0.003823    0.0    0.0
0.532749  1.40  0.133984    0.0  0.002267  0.003792    0.0    0.0
0.538027  1.40  0.128226    0.0  0.002174  0.003629    0.0    0.0
0.543412  1.40  0.122907    0.0  0.002115  0.003478    0.0    0.0
0.548904  1.40  0.121220    0.0  0.002097  0.003431    0.0    0.0
0.554509  1.40  0.116565    0.0  0.002040  0.003299    0.0    0.0
0.560230  1.40  0.111508    0.0  0.001928  0.003156    0.0    0.0
0.566070  1.40  0.111372    0.0  0.001957  0.003152    0.0    0.0
0.572033  1.40  0.109372    0.0  0.001944  0.003095    0.0    0.0
0.578123  1.40  0.108938    0.0  0.001935  0.003083    0.0    0.0
0.584344  1.40  0.102490    0.0  0.001828  0.002900    0.0    0.0
0.590700  1.40  0.106512    0.0  0.001899  0.003014    0.0    0.0
0.597197  1.40  0.099096    0.0  0.001782  0.002804    0.0    0.0
0.603837  1.40  0.102809    0.0  0.001891  0.002909    0.0    0.0
0.610627  1.40  0.098985    0.0  0.001809  0.002801    0.0    0.0
0.617572  1.40  0.100450    0.0  0.001416  0.002843    0.0    0.0
0.624676  1.40  0.099671    0.0  0.001171  0.002821    0.0    0.0
0.631945  1.40  0.097883    0.0  0.001158  0.002770    0.0    0.0
0.639386  1.40  0.102025    0.0  0.001212  0.002887    0.0    0.0
0.647004  1.40  0.099540    0.0  0.001195  0.002817    0.0    0.0
0.654806  1.40  0.108245    0.0  0.001634  0.003063    0.0    0.0
0.662798  1.40  0.106014    0.0  0.001647  0.003000    0.0    0.0
0.670988  1.40  0.110184    0.0  0.001729  0.003118    0.0    0.0
0.679383  1.40  0.112720    0.0  0.001757  0.003190    0.0    0.0
0.687990  1.40  0.114823    0.0  0.001809  0.003249    0.0    0.0
0.696818  1.40  0.118594    0.0  0.001906  0.003356    0.0    0.0
0.705876  1.40  0.112379    0.0  0.001832  0.003180    0.0    0.0
0.715173  1.40  0.110054    0.0  0.001796  0.003115    0.0    0.0
0.724717  1.40  0.098786    0.0  0.001645  0.002796    0.0    0.0
0.734520  1.40  0.081916    0.0  0.001390  0.002318    0.0    0.0
0.744591  1.40  0.069370    0.0  0.001213  0.001963    0.0    0.0
0.754943  1.40  0.054157    0.0  0.000975  0.001533    0.0    0.0
0.765586  1.40  0.041020    0.0  0.000761  0.001161    0.0    0.0
0.776534  1.40  0.029837    0.0  0.000573  0.000844    0.0    0.0
0.787799  1.40  0.019035    0.0  0.000384  0.000539    0.0    0.0
0.799397  1.40  0.012649    0.0  0.000272  0.000358    0.0    0.0
0.811340  1.40  0.007689    0.0  0.000175  0.000218    0.0    0.0
0.823646  1.40  0.004271    0.0  0.000106  0.000121    0.0    0.0
0.351343  1.70  0.222672    0.0  0.003942  0.006302    0.0    0.0
0.353222  1.70  0.215166    0.0  0.003851  0.006089    0.0    0.0
0.355122  1.70  0.208432    0.0  0.003781  0.005899    0.0    0.0
0.357042  1.70  0.211731    0.0  0.003852  0.005992    0.0    0.0
0.358983  1.70  0.208638    0.0  0.003784  0.005904    0.0    0.0
0.360945  1.70  0.213293    0.0  0.003889  0.006036    0.0    0.0
0.362929  1.70  0.208002    0.0  0.003753  0.005886    0.0    0.0
0.364934  1.70  0.202840    0.0  0.003727  0.005740    0.0    0.0
0.366963  1.70  0.209356    0.0  0.003849  0.005925    0.0    0.0
0.369013  1.70  0.205125    0.0  0.003782  0.005805    0.0    0.0
0.371087  1.70  0.211608    0.0  0.003854  0.005988    0.0    0.0
0.373184  1.70  0.205361    0.0  0.003765  0.005812    0.0    0.0
0.375305  1.70  0.202097    0.0  0.003730  0.005719    0.0    0.0
0.377451  1.70  0.206908    0.0  0.003809  0.005855    0.0    0.0
0.379621  1.70  0.200533    0.0  0.003723  0.005675    0.0    0.0
0.381816  1.70  0.196811    0.0  0.003624  0.005570    0.0    0.0
0.384036  1.70  0.198936    0.0  0.003685  0.005630    0.0    0.0
0.386283  1.70  0.202920    0.0  0.003769  0.005743    0.0    0.0
0.388556  1.70  0.207876    0.0  0.003859  0.005883    0.0    0.0
0.390856  1.70  0.198260    0.0  0.003674  0.005611    0.0    0.0
0.393183  1.70  0.197765    0.0  0.003700  0.005597    0.0    0.0
0.395538  1.70  0.196659    0.0  0.003683  0.005565    0.0    0.0
0.397922  1.70  0.199027    0.0  0.003729  0.005632    0.0    0.0
0.402776  1.70  0.196489    0.0  0.002636  0.005561    0.0    0.0
0.405248  1.70  0.188412    0.0  0.002556  0.005332    0.0    0.0
0.407750  1.70  0.187483    0.0  0.002553  0.005306    0.0    0.0
0.410284  1.70  0.185893    0.0  0.002536  0.005261    0.0    0.0
0.412849  1.70  0.181152    0.0  0.002498  0.005127    0.0    0.0
0.415446  1.70  0.183593    0.0  0.002519  0.005196    0.0    0.0
0.420741  1.70  0.177586    0.0  0.003436  0.005026    0.0    0.0
0.423439  1.70  0.178103    0.0  0.003464  0.005040    0.0    0.0
0.426171  1.70  0.184468    0.0  0.003595  0.005220    0.0    0.0
0.428940  1.70  0.175928    0.0  0.003447  0.004979    0.0    0.0
0.431744  1.70  0.179451    0.0  0.003486  0.005078    0.0    0.0
0.434586  1.70  0.180531    0.0  0.003537  0.005109    0.0    0.0
0.437465  1.70  0.173211    0.0  0.003401  0.004902    0.0    0.0
0.440383  1.70  0.184562    0.0  0.003608  0.005223    0.0    0.0
0.443339  1.70  0.174788    0.0  0.003446  0.004946    0.0    0.0
0.446336  1.70  0.179281    0.0  0.003524  0.005074    0.0    0.0
0.449373  1.70  0.176531    0.0  0.003456  0.004996    0.0    0.0
0.452452  1.70  0.178308    0.0  0.003515  0.005046    0.0    0.0
0.455574  1.70  0.173985    0.0  0.003456  0.004924    0.0    0.0
0.458739  1.70  0.174138    0.0  0.003481  0.004928    0.0    0.0
0.461948  1.70  0.174878    0.0  0.003473  0.004949    0.0    0.0
0.465203  1.70  0.170015    0.0  0.003384  0.004811    0.0    0.0
0.468503  1.70  0.173492    0.0  0.003499  0.004910    0.0    0.0
0.471851  1.70  0.165175    0.0  0.003321  0.004674    0.0    0.0
0.475247  1.70  0.169228    0.0  0.003421  0.004789    0.0    0.0
0.478692  1.70  0.153841    0.0  0.003139  0.004354    0.0    0.0
0.482188  1.70  0.161279    0.0  0.002978  0.004564    0.0    0.0
0.485735  1.70  0.153259    0.0  0.002180  0.004337    0.0    0.0
0.489334  1.70  0.153851    0.0  0.002209  0.004354    0.0    0.0
0.492988  1.70  0.146785    0.0  0.002124  0.004154    0.0    0.0
0.496696  1.70  0.143532    0.0  0.002082  0.004062    0.0    0.0
0.500460  1.70  0.142668    0.0  0.002101  0.004038    0.0    0.0
0.504282  1.70  0.139847    0.0  0.002051  0.003958    0.0    0.0
0.512104  1.70  0.137321    0.0  0.002713  0.003886    0.0    0.0
0.516106  1.70  0.133122    0.0  0.002639  0.003767    0.0    0.0
0.520172  1.70  0.134955    0.0  0.002691  0.003819    0.0    0.0
0.524302  1.70  0.138701    0.0  0.002778  0.003925    0.0    0.0
0.528498  1.70  0.131553    0.0  0.002662  0.003723    0.0    0.0
0.532762  1.70  0.133623    0.0  0.002712  0.003782    0.0    0.0
0.537096  1.70  0.130997    0.0  0.002628  0.003707    0.0    0.0
0.541500  1.70  0.129648    0.0  0.002639  0.003669    0.0    0.0
0.545977  1.70  0.127938    0.0  0.002620  0.003621    0.0    0.0
0.550529  1.70  0.126606    0.0  0.002615  0.003583    0.0    0.0
0.555158  1.70  0.133588    0.0  0.002747  0.003781    0.0    0.0
0.559865  1.70  0.123468    0.0  0.002569  0.003494    0.0    0.0
0.564652  1.70  0.118948    0.0  0.002475  0.003366    0.0    0.0
0.569522  1.70  0.116312    0.0  0.002427  0.003292    0.0    0.0
0.574477  1.70  0.113340    0.0  0.002398  0.003208    0.0    0.0
0.579519  1.70  0.109888    0.0  0.002328  0.003110    0.0    0.0
0.584650  1.70  0.103957    0.0  0.002249  0.002942    0.0    0.0
0.589873  1.70  0.099016    0.0  0.002141  0.002802    0.0    0.0
0.595190  1.70  0.098231    0.0  0.002133  0.002780    0.0    0.0
0.600603  1.70  0.096944    0.0  0.002119  0.002744    0.0    0.0
0.606116  1.70  0.093823    0.0  0.002048  0.002655    0.0    0.0
0.611731  1.70  0.090482    0.0  0.002016  0.002561    0.0    0.0
0.617451  1.70  0.088747    0.0  0.001971  0.002512    0.0    0.0
0.629218  1.70  0.087057    0.0  0.001341  0.002464    0.0    0.0
0.635272  1.70  0.083368    0.0  0.001289  0.002359    0.0    0.0
0.641443  1.70  0.079882    0.0  0.001261  0.002261    0.0    0.0
0.647735  1.70  0.078680    0.0  0.001252  0.002227    0.0    0.0
0.654152  1.70  0.074408    0.0  0.001183  0.002106    0.0    0.0
0.660697  1.70  0.077839    0.0  0.001247  0.002203    0.0    0.0
0.667374  1.70  0.075157    0.0  0.001199  0.002127    0.0    0.0
0.674188  1.70  0.073891    0.0  0.001352  0.002091    0.0    0.0
0.681142  1.70  0.075034    0.0  0.001624  0.002123    0.0    0.0
0.688242  1.70  0.075161    0.0  0.001620  0.002127    0.0    0.0
0.695491  1.70  0.076238    0.0  0.001656  0.002158    0.0    0.0
0.702894  1.70  0.082502    0.0  0.001792  0.002335    0.0    0.0
0.710457  1.70  0.084986    0.0  0.001871  0.002405    0.0    0.0
0.718184  1.70  0.089579    0.0  0.001977  0.002535    0.0    0.0
0.726081  1.70  0.095615    0.0  0.002122  0.002706    0.0    0.0
0.734153  1.70  0.095959    0.0  0.002123  0.002716    0.0    0.0
0.742407  1.70  0.094064    0.0  0.002120  0.002662    0.0    0.0
0.750849  1.70  0.083211    0.0  0.001914  0.002355    0.0    0.0
0.759485  1.70  0.077646    0.0  0.001797  0.002197    0.0    0.0
0.768322  1.70  0.061651    0.0  0.001461  0.001745    0.0    0.0
0.777367  1.70  0.049072    0.0  0.001204  0.001389    0.0    0.0
0.786628  1.70  0.038326    0.0  0.000952  0.001085    0.0    0.0
0.796112  1.70  0.027852    0.0  0.000714  0.000788    0.0    0.0
0.805827  1.70  0.020724    0.0  0.000546  0.000587    0.0    0.0
0.815782  1.70  0.013820    0.0  0.000380  0.000391    0.0    0.0
0.825986  1.70  0.009980    0.0  0.000280  0.000282    0.0    0.0
0.836450  1.70  0.006636    0.0  0.000199  0.000188    0.0    0.0
0.847181  1.70  0.004088    0.0  0.000128  0.000116    0.0    0.0
0.509358  2.10  0.142706    0.0  0.002769  0.004039    0.0    0.0
0.515709  2.10  0.131415    0.0  0.001660  0.003719    0.0    0.0
0.522220  2.10  0.129096    0.0  0.001645  0.003653    0.0    0.0
0.528898  2.10  0.128505    0.0  0.001655  0.003637    0.0    0.0
0.535748  2.10  0.123204    0.0  0.001611  0.003487    0.0    0.0
0.542779  2.10  0.121972    0.0  0.001605  0.003452    0.0    0.0
0.549996  2.10  0.114590    0.0  0.001550  0.003243    0.0    0.0
0.557408  2.10  0.113578    0.0  0.001567  0.003214    0.0    0.0
0.565023  2.10  0.109332    0.0  0.001559  0.003094    0.0    0.0
0.572848  2.10  0.110809    0.0  0.002547  0.003136    0.0    0.0
0.644228  2.10  0.084211    0.0  0.001351  0.002383    0.0    0.0
0.654421  2.10  0.075021    0.0  0.001156  0.002123    0.0    0.0
0.664941  2.10  0.070652    0.0  0.001126  0.001999    0.0    0.0
0.675806  2.10  0.067904    0.0  0.001113  0.001922    0.0    0.0
0.687031  2.10  0.067120    0.0  0.001111  0.001900    0.0    0.0
0.698636  2.10  0.065884    0.0  0.001117  0.001865    0.0    0.0
0.710639  2.10  0.062589    0.0  0.001089  0.001771    0.0    0.0
0.723063  2.10  0.061273    0.0  0.001100  0.001734    0.0    0.0
0.735928  2.10  0.059926    0.0  0.001111  0.001696    0.0    0.0
0.749259  2.10  0.060777    0.0  0.001162  0.001720    0.0    0.0
0.763082  2.10  0.060415    0.0  0.000848  0.001710    0.0    0.0
0.777425  2.10  0.057863    0.0  0.000767  0.001638    0.0    0.0
0.792317  2.10  0.052779    0.0  0.000898  0.001494    0.0    0.0
0.807791  2.10  0.045576    0.0  0.000816  0.001290    0.0    0.0
0.823882  2.10  0.037645    0.0  0.000713  0.001065    0.0    0.0
0.840626  2.10  0.023924    0.0  0.000487  0.000677    0.0    0.0
0.858065  2.10  0.010384    0.0  0.000254  0.000294    0.0    0.0
0.876243  2.10  0.005153    0.0  0.000166  0.000146    0.0    0.0
0.413126  2.40  0.184623    0.0  0.003149  0.005225    0.0    0.0
0.415237  2.40  0.182063    0.0  0.003183  0.005152    0.0    0.0
0.417370  2.40  0.184246    0.0  0.003226  0.005214    0.0    0.0
0.419525  2.40  0.177406    0.0  0.003127  0.005021    0.0    0.0
0.421702  2.40  0.183711    0.0  0.003276  0.005199    0.0    0.0
0.423901  2.40  0.172651    0.0  0.003048  0.004886    0.0    0.0
0.426124  2.40  0.177465    0.0  0.003149  0.005022    0.0    0.0
0.428370  2.40  0.178959    0.0  0.003208  0.005065    0.0    0.0
0.430641  2.40  0.175110    0.0  0.003128  0.004956    0.0    0.0
0.432935  2.40  0.166404    0.0  0.003031  0.004709    0.0    0.0
0.435254  2.40  0.175627    0.0  0.003144  0.004970    0.0    0.0
0.437598  2.40  0.169191    0.0  0.003063  0.004788    0.0    0.0
0.439967  2.40  0.167363    0.0  0.003047  0.004736    0.0    0.0
0.442362  2.40  0.167538    0.0  0.003059  0.004741    0.0    0.0
0.444783  2.40  0.170579    0.0  0.003089  0.004827    0.0    0.0
0.447231  2.40  0.172872    0.0  0.003135  0.004892    0.0    0.0
0.449706  2.40  0.170811    0.0  0.003135  0.004834    0.0    0.0
0.452209  2.40  0.161601    0.0  0.002983  0.004573    0.0    0.0
0.454739  2.40  0.162488    0.0  0.002164  0.004598    0.0    0.0
0.457298  2.40  0.157158    0.0  0.001959  0.004448    0.0    0.0
0.459886  2.40  0.155388    0.0  0.001958  0.004397    0.0    0.0
0.462503  2.40  0.155628    0.0  0.001984  0.004404    0.0    0.0
0.465151  2.40  0.147722    0.0  0.001893  0.004181    0.0    0.0
0.467829  2.40  0.153102    0.0  0.001983  0.004333    0.0    0.0
0.473278  2.40  0.142480    0.0  0.002372  0.004032    0.0    0.0
0.476051  2.40  0.145069    0.0  0.002431  0.004105    0.0    0.0
0.478856  2.40  0.140235    0.0  0.002362  0.003969    0.0    0.0
0.481694  2.40  0.137322    0.0  0.002309  0.003886    0.0    0.0
0.484567  2.40  0.139385    0.0  0.002370  0.003945    0.0    0.0
0.487474  2.40  0.135910    0.0  0.002301  0.003846    0.0    0.0
0.490415  2.40  0.138004    0.0  0.002329  0.003905    0.0    0.0
0.493393  2.40  0.139063    0.0  0.002359  0.003935    0.0    0.0
0.496407  2.40  0.137371    0.0  0.002321  0.003888    0.0    0.0
0.499458  2.40  0.131072    0.0  0.002248  0.003709    0.0    0.0
0.502547  2.40  0.132298    0.0  0.002272  0.003744    0.0    0.0
0.505674  2.40  0.130932    0.0  0.002267  0.003705    0.0    0.0
0.508840  2.40  0.134069    0.0  0.002318  0.003794    0.0    0.0
0.512047  2.40  0.129559    0.0  0.002251  0.003667    0.0    0.0
0.515293  2.40  0.124761    0.0  0.002186  0.003531    0.0    0.0
0.518582  2.40  0.127209    0.0  0.002251  0.003600    0.0    0.0
0.521913  2.40  0.127072    0.0  0.002256  0.003596    0.0    0.0
0.525286  2.40  0.129856    0.0  0.002316  0.003675    0.0    0.0
0.528704  2.40  0.124144    0.0  0.002217  0.003513    0.0    0.0
0.532166  2.40  0.125443    0.0  0.002283  0.003550    0.0    0.0
0.535674  2.40  0.123318    0.0  0.002457  0.003490    0.0    0.0
0.546481  2.40  0.128625    0.0  0.003108  0.003640    0.0    0.0
0.550181  2.40  0.122036    0.0  0.002033  0.003454    0.0    0.0
0.553931  2.40  0.116494    0.0  0.001975  0.003297    0.0    0.0
0.557733  2.40  0.115487    0.0  0.001973  0.003268    0.0    0.0
0.561588  2.40  0.112514    0.0  0.001956  0.003184    0.0    0.0
0.565496  2.40  0.107574    0.0  0.001866  0.003044    0.0    0.0
0.569458  2.40  0.106304    0.0  0.001877  0.003008    0.0    0.0
0.573477  2.40  0.102179    0.0  0.001796  0.002892    0.0    0.0
0.577553  2.40  0.098204    0.0  0.001716  0.002779    0.0    0.0
0.581687  2.40  0.097760    0.0  0.001728  0.002767    0.0    0.0
0.585881  2.40  0.097991    0.0  0.001760  0.002773    0.0    0.0
0.590136  2.40  0.097129    0.0  0.001738  0.002749    0.0    0.0
0.594453  2.40  0.095233    0.0  0.001700  0.002695    0.0    0.0
0.598834  2.40  0.090637    0.0  0.001641  0.002565    0.0    0.0
0.603279  2.40  0.094013    0.0  0.001704  0.002661    0.0    0.0
0.607791  2.40  0.090250    0.0  0.001628  0.002554    0.0    0.0
0.612371  2.40  0.091117    0.0  0.001654  0.002579    0.0    0.0
0.617021  2.40  0.091424    0.0  0.001671  0.002587    0.0    0.0
0.621742  2.40  0.088494    0.0  0.001627  0.002504    0.0    0.0
0.626536  2.40  0.086695    0.0  0.001616  0.002453    0.0    0.0
0.631404  2.40  0.085873    0.0  0.001604  0.002430    0.0    0.0
0.636348  2.40  0.085194    0.0  0.001604  0.002411    0.0    0.0
0.641370  2.40  0.084785    0.0  0.001599  0.002399    0.0    0.0
0.646473  2.40  0.081982    0.0  0.001572  0.002320    0.0    0.0
0.651657  2.40  0.075920    0.0  0.001462  0.002149    0.0    0.0
0.656925  2.40  0.071934    0.0  0.001403  0.002036    0.0    0.0
0.662279  2.40  0.070191    0.0  0.001381  0.001986    0.0    0.0
0.667721  2.40  0.069655    0.0  0.001397  0.001971    0.0    0.0
0.673253  2.40  0.068279    0.0  0.000990  0.001932    0.0    0.0
0.678877  2.40  0.064359    0.0  0.000895  0.001821    0.0    0.0
0.684596  2.40  0.061933    0.0  0.000878  0.001753    0.0    0.0
0.690413  2.40  0.059004    0.0  0.000846  0.001670    0.0    0.0
0.696329  2.40  0.059086    0.0  0.000859  0.001672    0.0    0.0
0.702347  2.40  0.056664    0.0  0.000940  0.001604    0.0    0.0
0.708471  2.40  0.053066    0.0  0.001041  0.001502    0.0    0.0
0.714701  2.40  0.053005    0.0  0.001055  0.001500    0.0    0.0
0.721043  2.40  0.050566    0.0  0.000988  0.001431    0.0    0.0
0.727498  2.40  0.049144    0.0  0.000969  0.001391    0.0    0.0
0.734070  2.40  0.047970    0.0  0.000955  0.001358    0.0    0.0
0.740762  2.40  0.049928    0.0  0.001006  0.001413    0.0    0.0
0.747576  2.40  0.047551    0.0  0.000972  0.001346    0.0    0.0
0.754517  2.40  0.047489    0.0  0.000969  0.001344    0.0    0.0
0.761589  2.40  0.047920    0.0  0.000982  0.001356    0.0    0.0
0.768794  2.40  0.048684    0.0  0.001023  0.001378    0.0    0.0
0.776137  2.40  0.052535    0.0  0.001098  0.001487    0.0    0.0
0.783621  2.40  0.052927    0.0  0.001114  0.001498    0.0    0.0
0.791251  2.40  0.055957    0.0  0.001079  0.001584    0.0    0.0
0.799031  2.40  0.054021    0.0  0.000881  0.001529    0.0    0.0
0.806966  2.40  0.049550    0.0  0.000822  0.001402    0.0    0.0
0.815060  2.40  0.044581    0.0  0.000759  0.001262    0.0    0.0
0.823317  2.40  0.034156    0.0  0.000597  0.000967    0.0    0.0
0.831744  2.40  0.028180    0.0  0.000508  0.000797    0.0    0.0
0.840345  2.40  0.020915    0.0  0.000391  0.000592    0.0    0.0
0.849126  2.40  0.014468    0.0  0.000279  0.000409    0.0    0.0
0.858093  2.40  0.009700    0.0  0.000199  0.000275    0.0    0.0
0.867251  2.40  0.006330    0.0  0.000134  0.000179    0.0    0.0
0.876606  2.40  0.004312    0.0  0.000096  0.000122    0.0    0.0
0.886165  2.40  0.002576    0.0  0.000062  0.000073    0.0    0.0
0.441195  3.00  0.175404    0.0  0.004562  0.004964    0.0    0.0
0.444159  3.00  0.165603    0.0  0.003896  0.004687    0.0    0.0
0.447163  3.00  0.165626    0.0  0.003898  0.004687    0.0    0.0
0.450207  3.00  0.164010    0.0  0.003899  0.004641    0.0    0.0
0.453294  3.00  0.164224    0.0  0.003828  0.004648    0.0    0.0
0.456423  3.00  0.157960    0.0  0.003672  0.004470    0.0    0.0
0.459596  3.00  0.156328    0.0  0.003628  0.004424    0.0    0.0
0.462813  3.00  0.147591    0.0  0.003415  0.004177    0.0    0.0
0.466075  3.00  0.151015    0.0  0.003565  0.004274    0.0    0.0
0.469384  3.00  0.144689    0.0  0.003400  0.004095    0.0    0.0
0.472740  3.00  0.145914    0.0  0.003490  0.004129    0.0    0.0
0.476145  3.00  0.139392    0.0  0.003346  0.003945    0.0    0.0
0.479599  3.00  0.146302    0.0  0.003552  0.004140    0.0    0.0
0.483103  3.00  0.146965    0.0  0.003622  0.004159    0.0    0.0
0.486659  3.00  0.136466    0.0  0.003394  0.003862    0.0    0.0
0.490268  3.00  0.143851    0.0  0.003600  0.004071    0.0    0.0
0.493930  3.00  0.139968    0.0  0.003572  0.003961    0.0    0.0
0.497648  3.00  0.133668    0.0  0.003402  0.003783    0.0    0.0
0.501422  3.00  0.132742    0.0  0.003414  0.003757    0.0    0.0
0.505254  3.00  0.135531    0.0  0.003540  0.003836    0.0    0.0
0.509144  3.00  0.133808    0.0  0.002823  0.003787    0.0    0.0
0.513095  3.00  0.127365    0.0  0.002265  0.003604    0.0    0.0
0.517108  3.00  0.125431    0.0  0.002263  0.003550    0.0    0.0
0.521185  3.00  0.123153    0.0  0.002230  0.003485    0.0    0.0
0.525326  3.00  0.122110    0.0  0.002224  0.003456    0.0    0.0
0.529533  3.00  0.119349    0.0  0.002171  0.003378    0.0    0.0
0.533808  3.00  0.117084    0.0  0.002124  0.003313    0.0    0.0
0.538153  3.00  0.114753    0.0  0.002117  0.003248    0.0    0.0
0.542569  3.00  0.105565    0.0  0.002407  0.002987    0.0    0.0
0.547058  3.00  0.105813    0.0  0.002424  0.002995    0.0    0.0
0.551622  3.00  0.112379    0.0  0.002634  0.003180    0.0    0.0
0.556263  3.00  0.103441    0.0  0.002396  0.002927    0.0    0.0
0.560983  3.00  0.106161    0.0  0.002508  0.003004    0.0    0.0
0.565783  3.00  0.099290    0.0  0.002386  0.002810    0.0    0.0
0.570667  3.00  0.102448    0.0  0.002449  0.002899    0.0    0.0
0.575635  3.00  0.097859    0.0  0.002424  0.002769    0.0    0.0
0.580691  3.00  0.103293    0.0  0.002575  0.002923    0.0    0.0
0.585836  3.00  0.096374    0.0  0.002422  0.002727    0.0    0.0
0.591073  3.00  0.095212    0.0  0.002438  0.002694    0.0    0.0
0.596405  3.00  0.094666    0.0  0.002432  0.002679    0.0    0.0
0.601834  3.00  0.091864    0.0  0.002421  0.002600    0.0    0.0
0.607362  3.00  0.084774    0.0  0.002242  0.002399    0.0    0.0
0.612993  3.00  0.087183    0.0  0.002347  0.002467    0.0    0.0
0.618730  3.00  0.081423    0.0  0.002186  0.002304    0.0    0.0
0.624574  3.00  0.086268    0.0  0.002365  0.002441    0.0    0.0
0.630531  3.00  0.080836    0.0  0.001877  0.002288    0.0    0.0
0.636602  3.00  0.073905    0.0  0.001247  0.002092    0.0    0.0
0.642791  3.00  0.069723    0.0  0.001167  0.001973    0.0    0.0
0.649101  3.00  0.069502    0.0  0.001196  0.001967    0.0    0.0
0.655537  3.00  0.068247    0.0  0.001175  0.001931    0.0    0.0
0.662101  3.00  0.068058    0.0  0.001205  0.001926    0.0    0.0
0.668799  3.00  0.064510    0.0  0.001142  0.001826    0.0    0.0
0.675633  3.00  0.064165    0.0  0.001155  0.001816    0.0    0.0
0.682608  3.00  0.060372    0.0  0.001102  0.001709    0.0    0.0
0.689729  3.00  0.060835    0.0  0.001150  0.001722    0.0    0.0
0.697000  3.00  0.055822    0.0  0.001229  0.001580    0.0    0.0
0.704426  3.00  0.053584    0.0  0.001178  0.001516    0.0    0.0
0.712012  3.00  0.048594    0.0  0.001105  0.001375    0.0    0.0
0.719763  3.00  0.048071    0.0  0.001117  0.001360    0.0    0.0
0.727685  3.00  0.044064    0.0  0.001040  0.001247    0.0    0.0
0.735783  3.00  0.040640    0.0  0.000979  0.001150    0.0    0.0
0.744063  3.00  0.040001    0.0  0.000998  0.001132    0.0    0.0
0.752532  3.00  0.036960    0.0  0.000944  0.001046    0.0    0.0
0.761195  3.00  0.038033    0.0  0.000997  0.001076    0.0    0.0
0.770061  3.00  0.036103    0.0  0.000972  0.001022    0.0    0.0
0.779135  3.00  0.034725    0.0  0.000989  0.000983    0.0    0.0
0.788426  3.00  0.036855    0.0  0.001055  0.001043    0.0    0.0
0.797941  3.00  0.033096    0.0  0.000993  0.000937    0.0    0.0
0.807689  3.00  0.034459    0.0  0.001061  0.000975    0.0    0.0
0.817678  3.00  0.032766    0.0  0.001030  0.000927    0.0    0.0
0.827917  3.00  0.028502    0.0  0.000963  0.000807    0.0    0.0
0.838415  3.00  0.026088    0.0  0.000891  0.000738    0.0    0.0
0.849183  3.00  0.020946    0.0  0.000739  0.000593    0.0    0.0
0.860232  3.00  0.014019    0.0  0.000517  0.000397    0.0    0.0
0.871572  3.00  0.008749    0.0  0.000351  0.000248    0.0    0.0
0.883214  3.00  0.005585    0.0  0.000244  0.000158    0.0    0.0
0.895172  3.00  0.003061    0.0  0.000140  0.000087    0.0    0.0
0.907458  3.00  0.003572    0.0  0.000168  0.000101    0.0    0.0
0.481756  3.30  0.140519    0.0  0.002357  0.003977    0.0    0.0
0.484413  3.30  0.139507    0.0  0.002370  0.003948    0.0    0.0
0.487099  3.30  0.134463    0.0  0.002329  0.003805    0.0    0.0
0.489815  3.30  0.130572    0.0  0.002274  0.003695    0.0    0.0
0.492562  3.30  0.131426    0.0  0.002296  0.003719    0.0    0.0
0.495339  3.30  0.137508    0.0  0.002405  0.003891    0.0    0.0
0.498148  3.30  0.128963    0.0  0.002303  0.003650    0.0    0.0
0.500989  3.30  0.130625    0.0  0.002330  0.003697    0.0    0.0
0.503863  3.30  0.127606    0.0  0.002288  0.003611    0.0    0.0
0.506770  3.30  0.131505    0.0  0.002347  0.003722    0.0    0.0
0.509710  3.30  0.128787    0.0  0.002331  0.003645    0.0    0.0
0.512685  3.30  0.127012    0.0  0.002321  0.003594    0.0    0.0
0.515695  3.30  0.124811    0.0  0.002223  0.003532    0.0    0.0
0.518740  3.30  0.122288    0.0  0.001557  0.003461    0.0    0.0
0.521822  3.30  0.120499    0.0  0.001557  0.003410    0.0    0.0
0.524940  3.30  0.120248    0.0  0.001568  0.003403    0.0    0.0
0.528096  3.30  0.117631    0.0  0.001547  0.003329    0.0    0.0
0.531290  3.30  0.115399    0.0  0.001532  0.003266    0.0    0.0
0.537796  3.30  0.116305    0.0  0.002115  0.003291    0.0    0.0
0.541108  3.30  0.111216    0.0  0.002043  0.003147    0.0    0.0
0.544462  3.30  0.106189    0.0  0.001987  0.003005    0.0    0.0
0.547858  3.30  0.106360    0.0  0.001985  0.003010    0.0    0.0
0.551296  3.30  0.108592    0.0  0.002025  0.003073    0.0    0.0
0.554778  3.30  0.107703    0.0  0.002023  0.003048    0.0    0.0
0.558304  3.30  0.104947    0.0  0.002001  0.002970    0.0    0.0
0.561875  3.30  0.106816    0.0  0.002036  0.003023    0.0    0.0
0.565492  3.30  0.103203    0.0  0.001404  0.002921    0.0    0.0
0.569156  3.30  0.099035    0.0  0.001207  0.002803    0.0    0.0
0.572868  3.30  0.098390    0.0  0.001209  0.002784    0.0    0.0
0.576629  3.30  0.097745    0.0  0.001216  0.002766    0.0    0.0
0.580439  3.30  0.092465    0.0  0.001181  0.002617    0.0    0.0
0.584300  3.30  0.092634    0.0  0.001185  0.002622    0.0    0.0
0.588212  3.30  0.092534    0.0  0.001500  0.002619    0.0    0.0
0.592178  3.30  0.091571    0.0  0.001524  0.002591    0.0    0.0
0.596197  3.30  0.089028    0.0  0.001494  0.002519    0.0    0.0
0.600271  3.30  0.087823    0.0  0.001484  0.002485    0.0    0.0
0.604401  3.30  0.088845    0.0  0.001507  0.002514    0.0    0.0
0.608589  3.30  0.090605    0.0  0.001523  0.002564    0.0    0.0
0.612835  3.30  0.083037    0.0  0.001453  0.002350    0.0    0.0
0.617140  3.30  0.085565    0.0  0.001487  0.002421    0.0    0.0
0.621506  3.30  0.082206    0.0  0.001459  0.002326    0.0    0.0
0.625935  3.30  0.081531    0.0  0.001459  0.002307    0.0    0.0
0.630427  3.30  0.078425    0.0  0.001432  0.002219    0.0    0.0
0.634984  3.30  0.074350    0.0  0.001377  0.002104    0.0    0.0
0.644299  3.30  0.072149    0.0  0.000957  0.002042    0.0    0.0
0.649060  3.30  0.070215    0.0  0.000951  0.001987    0.0    0.0
0.653891  3.30  0.067703    0.0  0.000929  0.001916    0.0    0.0
0.658795  3.30  0.066982    0.0  0.000924  0.001896    0.0    0.0
0.663774  3.30  0.062068    0.0  0.000932  0.001757    0.0    0.0
0.668828  3.30  0.060655    0.0  0.001130  0.001717    0.0    0.0
0.673959  3.30  0.059396    0.0  0.001118  0.001681    0.0    0.0
0.679170  3.30  0.059445    0.0  0.001141  0.001682    0.0    0.0
0.684462  3.30  0.059002    0.0  0.001138  0.001670    0.0    0.0
0.689837  3.30  0.055512    0.0  0.001090  0.001571    0.0    0.0
0.695297  3.30  0.056591    0.0  0.001122  0.001602    0.0    0.0
0.700845  3.30  0.055624    0.0  0.001108  0.001574    0.0    0.0
0.706481  3.30  0.054249    0.0  0.001095  0.001535    0.0    0.0
0.712209  3.30  0.052123    0.0  0.001070  0.001475    0.0    0.0
0.718031  3.30  0.048862    0.0  0.001022  0.001383    0.0    0.0
0.723948  3.30  0.048236    0.0  0.001017  0.001365    0.0    0.0
0.729965  3.30  0.043190    0.0  0.000939  0.001222    0.0    0.0
0.736081  3.30  0.042961    0.0  0.000946  0.001216    0.0    0.0
0.742302  3.30  0.041691    0.0  0.000927  0.001180    0.0    0.0
0.755063  3.30  0.037838    0.0  0.000533  0.001071    0.0    0.0
0.761609  3.30  0.034467    0.0  0.000500  0.000975    0.0    0.0
0.768270  3.30  0.034071    0.0  0.000501  0.000964    0.0    0.0
0.775049  3.30  0.032330    0.0  0.000482  0.000915    0.0    0.0
0.781948  3.30  0.030720    0.0  0.000463  0.000869    0.0    0.0
0.788971  3.30  0.028526    0.0  0.000445  0.000807    0.0    0.0
0.803403  3.30  0.027964    0.0  0.000535  0.000791    0.0    0.0
0.810819  3.30  0.027392    0.0  0.000541  0.000775    0.0    0.0
0.818373  3.30  0.027397    0.0  0.000550  0.000775    0.0    0.0
0.826069  3.30  0.028688    0.0  0.000582  0.000812    0.0    0.0
0.833911  3.30  0.029385    0.0  0.000608  0.000832    0.0    0.0
0.841903  3.30  0.029104    0.0  0.000616  0.000824    0.0    0.0
0.850050  3.30  0.026213    0.0  0.000571  0.000742    0.0    0.0
0.858356  3.30  0.023146    0.0  0.000516  0.000655    0.0    0.0
0.866827  3.30  0.016833    0.0  0.000395  0.000476    0.0    0.0
0.875466  3.30  0.012888    0.0  0.000310  0.000365    0.0    0.0
0.884279  3.30  0.008348    0.0  0.000212  0.000236    0.0    0.0
0.893271  3.30  0.005739    0.0  0.000154  0.000162    0.0    0.0
0.902448  3.30  0.003829    0.0  0.000109  0.000108    0.0    0.0
0.911816  3.30  0.002096    0.0  0.000064  0.000059    0.0    0.0
0.128293  0.45  0.232236    0.0  0.002618  0.006572    0.0    0.0
0.129092  0.45  0.226909    0.0  0.002595  0.006422    0.0    0.0
0.129900  0.45  0.228631    0.0  0.002628  0.006470    0.0    0.0
0.130718  0.45  0.228656    0.0  0.002613  0.006471    0.0    0.0
0.131547  0.45  0.226260    0.0  0.002596  0.006403    0.0    0.0
0.132387  0.45  0.236829    0.0  0.002712  0.006702    0.0    0.0
0.133237  0.45  0.236458    0.0  0.002703  0.006692    0.0    0.0
0.134098  0.45  0.247513    0.0  0.002852  0.007005    0.0    0.0
0.134971  0.45  0.239482    0.0  0.002752  0.006777    0.0    0.0
0.135854  0.45  0.233900    0.0  0.002731  0.006619    0.0    0.0
0.136750  0.45  0.189808    0.0  0.004419  0.005372    0.0    0.0
0.137657  0.45  0.246059    0.0  0.002473  0.006963    0.0    0.0
0.139509  0.45  0.243239    0.0  0.004338  0.006884    0.0    0.0
0.140453  0.45  0.237022    0.0  0.004245  0.006708    0.0    0.0
0.141411  0.45  0.240245    0.0  0.004269  0.006799    0.0    0.0
0.142381  0.45  0.243080    0.0  0.004324  0.006879    0.0    0.0
0.143365  0.45  0.247695    0.0  0.004389  0.007010    0.0    0.0
0.144363  0.45  0.240793    0.0  0.004285  0.006814    0.0    0.0
0.145374  0.45  0.248091    0.0  0.004432  0.007021    0.0    0.0
0.146400  0.45  0.251343    0.0  0.004469  0.007113    0.0    0.0
0.147441  0.45  0.239419    0.0  0.004300  0.006776    0.0    0.0
0.148496  0.45  0.237136    0.0  0.004352  0.006711    0.0    0.0
0.149567  0.45  0.234286    0.0  0.004369  0.006630    0.0    0.0
0.151755  0.45  0.172568    0.0  0.004690  0.004884    0.0    0.0
0.152873  0.45  0.240279    0.0  0.003301  0.006800    0.0    0.0
0.154008  0.45  0.238670    0.0  0.003300  0.006754    0.0    0.0
0.155160  0.45  0.241325    0.0  0.003307  0.006829    0.0    0.0
0.156329  0.45  0.236587    0.0  0.003241  0.006695    0.0    0.0
0.157516  0.45  0.238117    0.0  0.003250  0.006739    0.0    0.0
0.158721  0.45  0.244063    0.0  0.003356  0.006907    0.0    0.0
0.159945  0.45  0.242336    0.0  0.003315  0.006858    0.0    0.0
0.161188  0.45  0.239651    0.0  0.003258  0.006782    0.0    0.0
0.162450  0.45  0.251799    0.0  0.003458  0.007126    0.0    0.0
0.163732  0.45  0.250825    0.0  0.003444  0.007098    0.0    0.0
0.165034  0.45  0.248625    0.0  0.003398  0.007036    0.0    0.0
0.166358  0.45  0.245253    0.0  0.003382  0.006941    0.0    0.0
0.167703  0.45  0.246795    0.0  0.003425  0.006984    0.0    0.0
0.169069  0.45  0.253493    0.0  0.003535  0.007174    0.0    0.0
0.170459  0.45  0.260610    0.0  0.003040  0.007375    0.0    0.0
0.173307  0.45  0.251134    0.0  0.003829  0.007107    0.0    0.0
0.174766  0.45  0.248622    0.0  0.003821  0.007036    0.0    0.0
0.176251  0.45  0.246012    0.0  0.003768  0.006962    0.0    0.0
0.177761  0.45  0.254596    0.0  0.003859  0.007205    0.0    0.0
0.179298  0.45  0.255793    0.0  0.003862  0.007239    0.0    0.0
0.180861  0.45  0.255286    0.0  0.003860  0.007225    0.0    0.0
0.182451  0.45  0.262510    0.0  0.003996  0.007429    0.0    0.0
0.184070  0.45  0.259961    0.0  0.003913  0.007357    0.0    0.0
0.185718  0.45  0.255772    0.0  0.003845  0.007238    0.0    0.0
0.187396  0.45  0.267021    0.0  0.004049  0.007557    0.0    0.0
0.189104  0.45  0.263950    0.0  0.004030  0.007470    0.0    0.0
0.190843  0.45  0.264275    0.0  0.004017  0.007479    0.0    0.0
0.192615  0.45  0.251199    0.0  0.003810  0.007109    0.0    0.0
0.194420  0.45  0.256442    0.0  0.003921  0.007257    0.0    0.0
0.196260  0.45  0.255594    0.0  0.003956  0.007233    0.0    0.0
0.200045  0.45  0.256506    0.0  0.002924  0.007259    0.0    0.0
0.201992  0.45  0.259388    0.0  0.003528  0.007341    0.0    0.0
0.203979  0.45  0.249776    0.0  0.004229  0.007069    0.0    0.0
0.206004  0.45  0.235444    0.0  0.004069  0.006663    0.0    0.0
0.208070  0.45  0.237850    0.0  0.004076  0.006731    0.0    0.0
0.210178  0.45  0.231892    0.0  0.003954  0.006563    0.0    0.0
0.212329  0.45  0.235436    0.0  0.004024  0.006663    0.0    0.0
0.214525  0.45  0.231853    0.0  0.003923  0.006561    0.0    0.0
0.216767  0.45  0.227471    0.0  0.003918  0.006437    0.0    0.0
0.219055  0.45  0.241670    0.0  0.004094  0.006839    0.0    0.0
0.221393  0.45  0.231456    0.0  0.003935  0.006550    0.0    0.0
0.223781  0.45  0.236353    0.0  0.003970  0.006689    0.0    0.0
0.226221  0.45  0.245055    0.0  0.004143  0.006935    0.0    0.0
0.228715  0.45  0.252215    0.0  0.004472  0.007138    0.0    0.0
0.231265  0.45  0.249569    0.0  0.003017  0.007063    0.0    0.0
0.233872  0.45  0.249757    0.0  0.003041  0.007068    0.0    0.0
0.236539  0.45  0.252972    0.0  0.003066  0.007159    0.0    0.0
0.239267  0.45  0.252405    0.0  0.003099  0.007143    0.0    0.0
0.242059  0.45  0.249740    0.0  0.003088  0.007068    0.0    0.0
0.244916  0.45  0.250609    0.0  0.003109  0.007092    0.0    0.0
0.247842  0.45  0.249628    0.0  0.003087  0.007064    0.0    0.0
0.250839  0.45  0.249412    0.0  0.003116  0.007058    0.0    0.0
0.257055  0.45  0.220778    0.0  0.003995  0.006248    0.0    0.0
0.260280  0.45  0.228214    0.0  0.004082  0.006458    0.0    0.0
0.263587  0.45  0.211164    0.0  0.003802  0.005976    0.0    0.0
0.266979  0.45  0.206217    0.0  0.003686  0.005836    0.0    0.0
0.270460  0.45  0.199514    0.0  0.003620  0.005646    0.0    0.0
0.274032  0.45  0.194208    0.0  0.003555  0.005496    0.0    0.0
0.277701  0.45  0.193147    0.0  0.002654  0.005466    0.0    0.0
0.281468  0.45  0.179937    0.0  0.002262  0.005092    0.0    0.0
0.285340  0.45  0.176375    0.0  0.002221  0.004991    0.0    0.0
0.289319  0.45  0.165318    0.0  0.002116  0.004678    0.0    0.0
0.293411  0.45  0.167636    0.0  0.002140  0.004744    0.0    0.0
0.297620  0.45  0.163524    0.0  0.002113  0.004628    0.0    0.0
0.301952  0.45  0.160455    0.0  0.002075  0.004541    0.0    0.0
0.306412  0.45  0.162560    0.0  0.002094  0.004600    0.0    0.0
0.311005  0.45  0.161857    0.0  0.002108  0.004581    0.0    0.0
0.320618  0.45  0.163672    0.0  0.002797  0.004632    0.0    0.0
0.325651  0.45  0.166659    0.0  0.002855  0.004716    0.0    0.0
0.330844  0.45  0.173864    0.0  0.002933  0.004920    0.0    0.0
0.336206  0.45  0.175126    0.0  0.002934  0.004956    0.0    0.0
0.341744  0.45  0.178762    0.0  0.002968  0.005059    0.0    0.0
0.347468  0.45  0.192436    0.0  0.003133  0.005446    0.0    0.0
0.353387  0.45  0.198795    0.0  0.003243  0.005626    0.0    0.0
0.365851  0.45  0.221052    0.0  0.002700  0.006256    0.0    0.0
0.372419  0.45  0.227854    0.0  0.002772  0.006448    0.0    0.0
0.379226  0.45  0.235831    0.0  0.002881  0.006674    0.0    0.0
0.386288  0.45  0.250227    0.0  0.003007  0.007081    0.0    0.0
0.393617  0.45  0.259098    0.0  0.003125  0.007332    0.0    0.0
0.401229  0.45  0.274600    0.0  0.003307  0.007771    0.0    0.0
0.409143  0.45  0.283057    0.0  0.003409  0.008011    0.0    0.0
0.417374  0.45  0.280804    0.0  0.003380  0.007947    0.0    0.0
0.425943  0.45  0.286412    0.0  0.003489  0.008105    0.0    0.0
0.434872  0.45  0.289848    0.0  0.003904  0.008203    0.0    0.0
0.444183  0.45  0.257070    0.0  0.004807  0.007275    0.0    0.0
0.453901  0.45  0.238119    0.0  0.004621  0.006739    0.0    0.0
0.464054  0.45  0.233697    0.0  0.004566  0.006614    0.0    0.0
0.474672  0.45  0.200074    0.0  0.003983  0.005662    0.0    0.0
0.485787  0.45  0.178758    0.0  0.003664  0.005059    0.0    0.0
0.497435  0.45  0.156289    0.0  0.003267  0.004423    0.0    0.0
0.509656  0.45  0.130995    0.0  0.002818  0.003707    0.0    0.0
0.522491  0.45  0.100998    0.0  0.002295  0.002858    0.0    0.0
0.535991  0.45  0.075632    0.0  0.001810  0.002140    0.0    0.0
0.550206  0.45  0.054798    0.0  0.001024  0.001551    0.0    0.0
0.565196  0.45  0.033611    0.0  0.000658  0.000951    0.0    0.0
0.581025  0.45  0.019210    0.0  0.000415  0.000544    0.0    0.0
0.597767  0.45  0.009576    0.0  0.000238  0.000271    0.0    0.0
0.214734  0.85  0.295444    0.0  0.005929  0.008361    0.0    0.0
0.216114  0.85  0.289239    0.0  0.005742  0.008185    0.0    0.0
0.217511  0.85  0.294490    0.0  0.005719  0.008334    0.0    0.0
0.218927  0.85  0.289301    0.0  0.005589  0.008187    0.0    0.0
0.220361  0.85  0.291293    0.0  0.005613  0.008244    0.0    0.0
0.221815  0.85  0.285586    0.0  0.005492  0.008082    0.0    0.0
0.223287  0.85  0.291240    0.0  0.005595  0.008242    0.0    0.0
0.224780  0.85  0.275890    0.0  0.005439  0.007808    0.0    0.0
0.226292  0.85  0.283185    0.0  0.005586  0.008014    0.0    0.0
0.227825  0.85  0.285963    0.0  0.005636  0.008093    0.0    0.0
0.229379  0.85  0.285427    0.0  0.005713  0.008078    0.0    0.0
0.230954  0.85  0.286323    0.0  0.005746  0.008103    0.0    0.0
0.232550  0.85  0.286551    0.0  0.005817  0.008109    0.0    0.0
0.234170  0.85  0.290243    0.0  0.005021  0.008214    0.0    0.0
0.235811  0.85  0.285768    0.0  0.004121  0.008087    0.0    0.0
0.237476  0.85  0.279465    0.0  0.004032  0.007909    0.0    0.0
0.239165  0.85  0.269315    0.0  0.003936  0.007622    0.0    0.0
0.240878  0.85  0.274423    0.0  0.003973  0.007766    0.0    0.0
0.242615  0.85  0.275939    0.0  0.004005  0.007809    0.0    0.0
0.246167  0.85  0.263174    0.0  0.005181  0.007448    0.0    0.0
0.247982  0.85  0.268472    0.0  0.005288  0.007598    0.0    0.0
0.249824  0.85  0.269980    0.0  0.005328  0.007640    0.0    0.0
0.251693  0.85  0.263834    0.0  0.005312  0.007467    0.0    0.0
0.253591  0.85  0.274813    0.0  0.005466  0.007777    0.0    0.0
0.255518  0.85  0.256580    0.0  0.005315  0.007261    0.0    0.0
0.257474  0.85  0.258939    0.0  0.005377  0.007328    0.0    0.0
0.259460  0.85  0.253861    0.0  0.005321  0.007184    0.0    0.0
0.261477  0.85  0.267843    0.0  0.005563  0.007580    0.0    0.0
0.263526  0.85  0.272456    0.0  0.005651  0.007710    0.0    0.0
0.265607  0.85  0.274889    0.0  0.004388  0.007779    0.0    0.0
0.267721  0.85  0.268473    0.0  0.003901  0.007598    0.0    0.0
0.269869  0.85  0.265362    0.0  0.003883  0.007510    0.0    0.0
0.272052  0.85  0.269318    0.0  0.003873  0.007622    0.0    0.0
0.274270  0.85  0.265083    0.0  0.003814  0.007502    0.0    0.0
0.276525  0.85  0.258652    0.0  0.003743  0.007320    0.0    0.0
0.278818  0.85  0.266649    0.0  0.003835  0.007546    0.0    0.0
0.283519  0.85  0.251413    0.0  0.004828  0.007115    0.0    0.0
0.285929  0.85  0.263632    0.0  0.004991  0.007461    0.0    0.0
0.288380  0.85  0.270371    0.0  0.005129  0.007652    0.0    0.0
0.290874  0.85  0.258396    0.0  0.004999  0.007313    0.0    0.0
0.293412  0.85  0.264506    0.0  0.005110  0.007486    0.0    0.0
0.295994  0.85  0.262595    0.0  0.005110  0.007431    0.0    0.0
0.298622  0.85  0.265672    0.0  0.005203  0.007519    0.0    0.0
0.301297  0.85  0.260058    0.0  0.003927  0.007360    0.0    0.0
0.304021  0.85  0.260664    0.0  0.003890  0.007377    0.0    0.0
0.306794  0.85  0.257713    0.0  0.003836  0.007293    0.0    0.0
0.309618  0.85  0.259405    0.0  0.003840  0.007341    0.0    0.0
0.312495  0.85  0.255871    0.0  0.003757  0.007241    0.0    0.0
0.315426  0.85  0.254370    0.0  0.003763  0.007199    0.0    0.0
0.318412  0.85  0.241727    0.0  0.003573  0.006841    0.0    0.0
0.321455  0.85  0.252340    0.0  0.003733  0.007141    0.0    0.0
0.324557  0.85  0.247303    0.0  0.003659  0.006999    0.0    0.0
0.327719  0.85  0.232034    0.0  0.003480  0.006567    0.0    0.0
0.330944  0.85  0.236451    0.0  0.003546  0.006692    0.0    0.0
0.334233  0.85  0.230847    0.0  0.003512  0.006533    0.0    0.0
0.337587  0.85  0.225417    0.0  0.003461  0.006379    0.0    0.0
0.341010  0.85  0.231107    0.0  0.003568  0.006540    0.0    0.0
0.344503  0.85  0.236113    0.0  0.004063  0.006682    0.0    0.0
0.348068  0.85  0.235401    0.0  0.005059  0.006662    0.0    0.0
0.351708  0.85  0.226001    0.0  0.004093  0.006396    0.0    0.0
0.355425  0.85  0.234479    0.0  0.003737  0.006636    0.0    0.0
0.359221  0.85  0.235810    0.0  0.003733  0.006673    0.0    0.0
0.363099  0.85  0.234653    0.0  0.003731  0.006641    0.0    0.0
0.367061  0.85  0.231364    0.0  0.003671  0.006548    0.0    0.0
0.371112  0.85  0.233711    0.0  0.003720  0.006614    0.0    0.0
0.375252  0.85  0.239102    0.0  0.003786  0.006767    0.0    0.0
0.379486  0.85  0.232329    0.0  0.003692  0.006575    0.0    0.0
0.383817  0.85  0.226844    0.0  0.003617  0.006420    0.0    0.0
0.388247  0.85  0.226442    0.0  0.003610  0.006408    0.0    0.0
0.392781  0.85  0.213676    0.0  0.003475  0.006047    0.0    0.0
0.397422  0.85  0.211185    0.0  0.003408  0.005977    0.0    0.0
0.402175  0.85  0.194343    0.0  0.003194  0.005500    0.0    0.0
0.407042  0.85  0.184884    0.0  0.003106  0.005232    0.0    0.0
0.412028  0.85  0.182889    0.0  0.003074  0.005176    0.0    0.0
0.417139  0.85  0.169159    0.0  0.002891  0.004787    0.0    0.0
0.422377  0.85  0.165250    0.0  0.002899  0.004677    0.0    0.0
0.427749  0.85  0.168936    0.0  0.003280  0.004781    0.0    0.0
0.433259  0.85  0.155956    0.0  0.003789  0.004414    0.0    0.0
0.438913  0.85  0.164794    0.0  0.004178  0.004664    0.0    0.0
0.444716  0.85  0.152920    0.0  0.002670  0.004328    0.0    0.0
0.450675  0.85  0.149862    0.0  0.002609  0.004241    0.0    0.0
0.456796  0.85  0.154213    0.0  0.002641  0.004364    0.0    0.0
0.463085  0.85  0.146183    0.0  0.002549  0.004137    0.0    0.0
0.469550  0.85  0.145639    0.0  0.002513  0.004122    0.0    0.0
0.476199  0.85  0.152377    0.0  0.002606  0.004312    0.0    0.0
0.483038  0.85  0.156036    0.0  0.002627  0.004416    0.0    0.0
0.490076  0.85  0.156473    0.0  0.002659  0.004428    0.0    0.0
0.497323  0.85  0.155553    0.0  0.002636  0.004402    0.0    0.0
0.504787  0.85  0.159261    0.0  0.002659  0.004507    0.0    0.0
0.512478  0.85  0.161442    0.0  0.002748  0.004569    0.0    0.0
0.520408  0.85  0.169845    0.0  0.002877  0.004807    0.0    0.0
0.528586  0.85  0.175566    0.0  0.002944  0.004969    0.0    0.0
0.537026  0.85  0.178126    0.0  0.002997  0.005041    0.0    0.0
0.545740  0.85  0.196999    0.0  0.003284  0.005575    0.0    0.0
0.554741  0.85  0.194212    0.0  0.003308  0.005496    0.0    0.0
0.564044  0.85  0.209425    0.0  0.003579  0.005927    0.0    0.0
0.573665  0.85  0.204118    0.0  0.003505  0.005777    0.0    0.0
0.583619  0.85  0.218794    0.0  0.003795  0.006192    0.0    0.0
0.593925  0.85  0.215719    0.0  0.003775  0.006105    0.0    0.0
0.615669  0.85  0.179774    0.0  0.004295  0.005088    0.0    0.0
0.627149  0.85  0.152037    0.0  0.003681  0.004303    0.0    0.0
0.639065  0.85  0.123707    0.0  0.003057  0.003501    0.0    0.0
0.651443  0.85  0.097820    0.0  0.002481  0.002768    0.0    0.0
0.664310  0.85  0.073286    0.0  0.001955  0.002074    0.0    0.0
0.677695  0.85  0.053885    0.0  0.001457  0.001525    0.0    0.0
0.691631  0.85  0.037855    0.0  0.001084  0.001071    0.0    0.0
0.706152  0.85  0.024528    0.0  0.000755  0.000694    0.0    0.0
0.721296  0.85  0.016038    0.0  0.000520  0.000454    0.0    0.0
0.737104  0.85  0.008814    0.0  0.000315  0.000249    0.0    0.0