slac,sig_r,p target
converted from 10014.xlsx
*
 0.0210  12
x      Q2        F2   Ebeam      stat   sys_tot     sys_u   dsy  dse  drc  dn1  1dn2  2dn2  3dn2  4dn2  5dn2  6dn2  7dn2  8dn2
0.274   0.904  0.298147  10.027  0.002385  0.007578  0.006857   0.7 -0.3  0.5  0.5   0.3     0   0.0   0.0   0.0   0.0     0     0
0.224   0.870  0.318774  10.027  0.001913  0.008102  0.007332   0.7 -0.3  0.5  0.5   0.3     0   0.0   0.0   0.0   0.0     0     0
0.177   0.824  0.320044  10.027  0.001920  0.007892  0.007041   0.7 -0.4  0.5  0.5   0.3     0   0.0   0.0   0.0   0.0     0     0
0.153   0.794  0.323747  10.027  0.005180  0.007668  0.006799   0.6 -0.5  0.5  0.5   0.3     0   0.0   0.0   0.0   0.0     0     0
0.119   0.737  0.307090  10.027  0.006449  0.007408  0.006449   0.8 -0.6  0.4  0.4   0.3     0   0.0   0.0   0.0   0.0     0     0
0.090   0.666  0.292896  10.027  0.005565  0.006894  0.005858   0.8 -0.7  0.4  0.4   0.3     0   0.0   0.0   0.0   0.0     0     0
0.067   0.586  0.267795  10.027  0.004553  0.006095  0.005088   0.7 -0.9  0.3  0.3   0.3     0   0.0   0.0   0.0   0.0     0     0
0.417   1.685  0.239092  13.549  0.001913  0.004859  0.004543   0.4  0.3  0.3  0.3   0.3     0   0.0   0.0   0.0   0.0     0     0
0.365   1.647  0.273315  13.549  0.001913  0.005868  0.005466   0.5  0.3  0.3  0.3   0.3     0   0.0   0.0   0.0   0.0     0     0
0.315   1.601  0.293864  13.549  0.001763  0.006551  0.006171   0.5  0.2  0.3  0.3   0.3     0   0.0   0.0   0.0   0.0     0     0
0.271   1.552  0.311611  13.549  0.002181  0.007023  0.006544   0.6  0.2  0.3  0.3   0.3     0   0.0   0.0   0.0   0.0     0     0
0.209   1.455  0.327323  13.549  0.006874  0.007348  0.006874   0.6  0.0  0.3  0.3   0.3     0   0.0   0.0   0.0   0.0     0     0
0.168   1.363  0.340728  13.549  0.007496  0.007657  0.007155   0.6 -0.1  0.3  0.3   0.3     0   0.0   0.0   0.0   0.0     0     0
0.132   1.256  0.321226  13.549  0.007067  0.006860  0.006425   0.5 -0.2  0.3  0.3   0.3     0   0.0   0.0   0.0   0.0     0     0
0.104   1.141  0.316898  13.549  0.005704  0.006782  0.006338   0.5 -0.4  0.2  0.2   0.3     0   0.0   0.0   0.0   0.0     0     0
0.081   1.019  0.307123  13.549  0.006757  0.006679  0.005835   0.7 -0.6  0.3  0.3   0.3     0   0.0   0.0   0.0   0.0     0     0
0.503   2.377  0.177887  16.075  0.001957  0.003778  0.003202   0.6  0.8  0.3  0.3   0.3     0   0.0   0.0   0.0   0.0     0     0
0.450   2.334  0.210782  16.075  0.002108  0.004299  0.003794   0.4  0.7  0.3  0.3   0.3     0   0.0   0.0   0.0   0.0     0     0
0.396   2.281  0.249552  16.075  0.002246  0.005311  0.004741   0.4  0.7  0.3  0.3   0.3     0   0.0   0.0   0.0   0.0     0     0
0.347   2.221  0.273163  16.075  0.001912  0.005978  0.005463   0.4  0.6  0.3  0.3   0.3     0   0.0   0.0   0.0   0.0     0     0
0.282   2.116  0.310085  16.075  0.004341  0.007057  0.006512   0.5  0.5  0.3  0.3   0.3     0   0.0   0.0   0.0   0.0     0     0
0.226   1.995  0.330480  16.075  0.006610  0.007405  0.006940   0.5  0.3  0.3  0.3   0.3     0   0.0   0.0   0.0   0.0     0     0
0.185   1.872  0.329153  16.075  0.006912  0.007029  0.006583   0.5  0.2  0.3  0.3   0.3     0   0.0   0.0   0.0   0.0     0     0
0.150   1.738  0.339948  16.075  0.006799  0.007227  0.006799   0.5  0.0  0.3  0.3   0.3     0   0.0   0.0   0.0   0.0     0     0
0.122   1.594  0.333170  16.075  0.007330  0.007012  0.006663   0.5 -0.1  0.2  0.2   0.3     0   0.0   0.0   0.0   0.0     0     0
0.098   1.440  0.326391  16.075  0.007181  0.006633  0.006201   0.4 -0.3  0.3  0.3   0.3     0   0.0   0.0   0.0   0.0     0     0
0.077   1.275  0.321830  16.075  0.006758  0.006666  0.006115   0.4 -0.5  0.3  0.3   0.3     0   0.0   0.0   0.0   0.0     0     0
0.063   1.136  0.298012  16.075  0.006556  0.006412  0.005662   0.7 -0.6  0.2  0.2   0.3     0   0.0   0.0   0.0   0.0     0     0
0.596   3.500  0.115939  19.544  0.001507  0.003418  0.002667   1.2  1.3  0.3  0.3   0.3     0   0.0   0.0   0.0   0.0     0     0
0.542   3.446  0.142745  19.544  0.001713  0.003714  0.002855   0.9  1.3  0.3  0.3   0.3     0   0.0   0.0   0.0   0.0     0     0
0.490   3.383  0.178128  19.544  0.002138  0.004105  0.003206   0.6  1.2  0.3  0.3   0.3     0   0.0   0.0   0.0   0.0     0     0
0.441   3.313  0.214151  19.544  0.002356  0.004841  0.003855   0.4  1.2  0.3  0.3   0.3     0   0.0   0.0   0.0   0.0     0     0
0.372   3.191  0.252567  19.544  0.004799  0.005787  0.004799   0.4  1.1  0.3  0.3   0.3     0   0.0   0.0   0.0   0.0     0     0
0.309   3.047  0.290457  19.544  0.005809  0.006706  0.005809   0.5  0.9  0.3  0.3   0.3     0   0.0   0.0   0.0   0.0     0     0
0.239   2.818  0.318832  19.544  0.004782  0.007136  0.006377   0.5  0.7  0.3  0.3   0.3     0   0.0   0.0   0.0   0.0     0     0
0.183   2.569  0.340884  19.544  0.007499  0.007445  0.006818   0.5  0.5  0.3  0.3   0.3     0   0.0   0.0   0.0   0.0     0     0
0.152   2.382  0.349129  19.544  0.007681  0.007496  0.006983   0.5  0.3  0.3  0.3   0.3     0   0.0   0.0   0.0   0.0     0     0
0.126   2.188  0.351478  19.544  0.007030  0.006985  0.006678   0.4  0.1  0.2  0.2   0.3     0   0.0   0.0   0.0   0.0     0     0
0.107   2.017  0.337839  19.544  0.007095  0.006706  0.006419   0.4  0.0  0.2  0.2   0.3     0   0.0   0.0   0.0   0.0     0     0
0.090   1.845  0.340556  19.544  0.007152  0.006879  0.006471   0.4 -0.2  0.3  0.3   0.3     0   0.0   0.0   0.0   0.0     0     0
0.075   1.658  0.327114  19.544  0.007196  0.006624  0.006215   0.4 -0.4  0.2  0.2   0.3     0   0.0   0.0   0.0   0.0     0     0
0.320   1.104  0.274380   7.019  0.003841  0.006562  0.005488   0.8 -0.9  0.3  0.3   0.3     0   0.0   0.0   0.0   0.0     0     0
0.270   1.053  0.297883   7.019  0.003575  0.007124  0.005958   0.8 -0.9  0.3  0.3   0.3     0   0.0   0.0   0.0   0.0     0     0
0.240   1.016  0.306016   7.019  0.006732  0.007439  0.006120   0.8 -1.0  0.3  0.3   0.3     0   0.0   0.0   0.0   0.0     0     0
0.177   0.912  0.317421   7.019  0.006348  0.007942  0.006348   0.8 -1.1  0.4  0.4   0.3     0   0.0   0.0   0.0   0.0     0     0
0.127   0.791  0.304080   7.019  0.006082  0.007118  0.005778   0.4 -1.2  0.3  0.3   0.3     0   0.0   0.0   0.0   0.0     0     0
0.089   0.657  0.274882   7.019  0.005498  0.006580  0.005223   0.4 -1.3  0.3  0.3   0.3     0   0.0   0.0   0.0   0.0     0     0
0.454   1.871  0.219882   9.022  0.005937  0.004591  0.003958   0.7 -0.6  0.3  0.3   0.3     0   0.0   0.0   0.0   0.0     0     0
0.348   1.741  0.268888   9.022  0.006184  0.005928  0.005109   0.7 -0.7  0.3  0.3   0.3     0   0.0   0.0   0.0   0.0     0     0
0.214   1.469  0.330320   9.022  0.008258  0.007518  0.006276   0.7 -0.9  0.3  0.3   0.3     0   0.0   0.0   0.0   0.0     0     0
0.120   1.115  0.317242   9.022  0.008883  0.007426  0.006028   0.7 -1.1  0.2  0.2   0.3     0   0.0   0.0   0.0   0.0     0     0
0.539   2.762  0.152156  10.998  0.001522  0.003028  0.002739   0.6 -0.3  0.3  0.3   0.3     0   0.0   0.0   0.0   0.0     0     0
0.489   2.693  0.180852  10.998  0.001809  0.003549  0.003255   0.5 -0.3  0.3  0.3   0.3     0   0.0   0.0   0.0   0.0     0     0
0.440   2.616  0.210348  10.998  0.002103  0.004117  0.003786   0.4 -0.4  0.3  0.3   0.3     0   0.0   0.0   0.0   0.0     0     0
0.376   2.494  0.249650  10.998  0.004743  0.005116  0.004743   0.4 -0.4  0.3  0.3   0.3     0   0.0   0.0   0.0   0.0     0     0
0.297   2.297  0.297666  10.998  0.006251  0.006474  0.005656   0.7 -0.6  0.3  0.3   0.3     0   0.0   0.0   0.0   0.0     0     0
0.237   2.098  0.325653  10.998  0.007164  0.007179  0.006187   0.7 -0.7  0.3  0.3   0.3     0   0.0   0.0   0.0   0.0     0     0
0.187   1.880  0.329658  10.998  0.007582  0.007305  0.006263   0.7 -0.8  0.2  0.2   0.3     0   0.0   0.0   0.0   0.0     0     0
0.144   1.644  0.324599  10.998  0.007790  0.007452  0.006167   0.7 -1.0  0.2  0.2   0.3     0   0.0   0.0   0.0   0.0     0     0
0.108   1.388  0.305185  10.998  0.007324  0.006858  0.005493   0.7 -1.1  0.1  0.1   0.3     0   0.0   0.0   0.0   0.0     0     0
0.077   1.114  0.287553  10.998  0.007189  0.006853  0.005176   0.8 -1.3  0.1  0.1   0.3     0   0.0   0.0   0.0   0.0     0     0
0.638   4.148  0.090838  13.545  0.001453  0.002128  0.001817   1.1  0.1  0.3  0.3   0.3     0   0.0   0.0   0.0   0.0     0     0
0.580   4.045  0.115645  13.545  0.002660  0.002356  0.002082   0.8  0.0  0.3  0.3   0.3     0   0.0   0.0   0.0   0.0     0     0
0.553   3.991  0.125177  13.545  0.008262  0.002504  0.002253   0.7  0.0  0.3  0.3   0.3     0   0.0   0.0   0.0   0.0     0     0
0.471   3.804  0.182082  13.545  0.004006  0.003535  0.003277   0.5 -0.1  0.3  0.3   0.3     0   0.0   0.0   0.0   0.0     0     0
0.398   3.594  0.232904  13.545  0.004891  0.004486  0.004192   0.4 -0.2  0.3  0.3   0.3     0   0.0   0.0   0.0   0.0     0     0
0.332   3.357  0.277154  13.545  0.006375  0.005632  0.005266   0.4 -0.3  0.3  0.3   0.3     0   0.0   0.0   0.0   0.0     0     0
0.273   3.092  0.301216  13.545  0.006928  0.006173  0.005723   0.4 -0.4  0.3  0.3   0.3     0   0.0   0.0   0.0   0.0     0     0
0.224   2.819  0.320183  13.545  0.008005  0.006890  0.006083   0.7 -0.6  0.2  0.2   0.3     0   0.0   0.0   0.0   0.0     0     0
0.179   2.509  0.323466  13.545  0.008087  0.007057  0.006146   0.7 -0.7  0.2  0.2   0.3     0   0.0   0.0   0.0   0.0     0     0
0.142   2.189  0.324386  13.545  0.008110  0.007040  0.005839   0.7 -0.9  0.2  0.2   0.3     0   0.0   0.0   0.0   0.0     0     0
0.108   1.834  0.330659  13.545  0.008266  0.007275  0.005952   0.7 -1.0  0.1  0.1   0.3     0   0.0   0.0   0.0   0.0     0     0
0.084   1.542  0.300007  13.545  0.008100  0.006991  0.005400   0.8 -1.2  0.1  0.1   0.3     0   0.0   0.0   0.0   0.0     0     0
0.692   5.180  0.062776  15.204  0.002762  0.001850  0.001507   1.6  0.3  0.3  0.3   0.3     0   0.0   0.0   0.0   0.0     0     0
0.601   4.982  0.104162  15.204  0.003021  0.002265  0.001979   0.9  0.2  0.3  0.3   0.3     0   0.0   0.0   0.0   0.0     0     0
0.530   4.796  0.139925  15.204  0.002799  0.002756  0.002519   0.6  0.1  0.3  0.3   0.3     0   0.0   0.0   0.0   0.0     0     0
0.454   4.553  0.194761  15.204  0.004480  0.003731  0.003506   0.4  0.0  0.3  0.3   0.3     0   0.0   0.0   0.0   0.0     0     0
0.387   4.294  0.228728  15.204  0.005489  0.004388  0.004117   0.4 -0.1  0.3  0.3   0.3     0   0.0   0.0   0.0   0.0     0     0
0.328   4.014  0.276485  15.204  0.005253  0.005585  0.005253   0.4 -0.2  0.3  0.3   0.3     0   0.0   0.0   0.0   0.0     0     0
0.274   3.699  0.296983  15.204  0.007128  0.006035  0.005643   0.4 -0.3  0.3  0.3   0.3     0   0.0   0.0   0.0   0.0     0     0
0.227   3.373  0.322065  15.204  0.008052  0.006592  0.006119   0.4 -0.5  0.2  0.2   0.3     0   0.0   0.0   0.0   0.0     0     0
0.185   3.013  0.348784  15.204  0.008720  0.007505  0.006627   0.7 -0.6  0.2  0.2   0.3     0   0.0   0.0   0.0   0.0     0     0
0.147   2.631  0.328559  15.204  0.008543  0.007001  0.005914   0.7 -0.8  0.2  0.2   0.3     0   0.0   0.0   0.0   0.0     0     0
0.120   2.305  0.324891  15.204  0.008447  0.007006  0.005848   0.7 -0.9  0.1  0.1   0.3     0   0.0   0.0   0.0   0.0     0     0
0.096   1.968  0.315053  15.204  0.008506  0.007429  0.005671   1.0 -1.1  0.1  0.1   0.3     0   0.0   0.0   0.0   0.0     0     0
0.743   6.873  0.035191  17.706  0.001936  0.001395  0.001126   2.2  0.6  0.3  0.3   0.3     0   0.0   0.0   0.0   0.0     0     0
0.690   6.729  0.053245  17.706  0.001651  0.001565  0.001278   1.5  0.6  0.3  0.3   0.3     0   0.0   0.0   0.0   0.0     0     0
0.662   6.647  0.059116  17.706  0.010877  0.001570  0.001301   1.3  0.5  0.3  0.3   0.3     0   0.0   0.0   0.0   0.0     0     0
0.599   6.441  0.095832  17.706  0.002971  0.002130  0.001821   0.9  0.5  0.3  0.3   0.3     0   0.0   0.0   0.0   0.0     0     0
0.528   6.174  0.129503  17.706  0.003626  0.002600  0.002331   0.6  0.4  0.3  0.3   0.3     0   0.0   0.0   0.0   0.0     0     0
0.465   5.894  0.178792  17.706  0.004291  0.003508  0.003218   0.5  0.3  0.3  0.3   0.3     0   0.0   0.0   0.0   0.0     0     0
0.404   5.569  0.215914  17.706  0.005398  0.004142  0.003886   0.4  0.1  0.3  0.3   0.3     0   0.0   0.0   0.0   0.0     0     0
0.347   5.215  0.251497  17.706  0.006036  0.004818  0.004527   0.4  0.0  0.3  0.3   0.3     0   0.0   0.0   0.0   0.0     0     0
0.297   4.845  0.280858  17.706  0.006741  0.005652  0.005336   0.4 -0.1  0.3  0.3   0.3     0   0.0   0.0   0.0   0.0     0     0
0.251   4.446  0.304979  17.706  0.007929  0.006198  0.005795   0.4 -0.3  0.3  0.3   0.3     0   0.0   0.0   0.0   0.0     0     0
0.208   4.003  0.319784  17.706  0.007995  0.006176  0.005756   0.4 -0.4  0.2  0.2   0.3     0   0.0   0.0   0.0   0.0     0     0
0.178   3.649  0.327004  17.706  0.008502  0.006749  0.005886   0.7 -0.6  0.2  0.2   0.3     0   0.0   0.0   0.0   0.0     0     0
0.150   3.265  0.332051  17.706  0.008965  0.006957  0.005977   0.7 -0.7  0.2  0.2   0.3     0   0.0   0.0   0.0   0.0     0     0
0.122   2.851  0.326564  17.706  0.008817  0.007042  0.005878   0.7 -0.9  0.1  0.1   0.3     0   0.0   0.0   0.0   0.0     0     0
0.099   2.438  0.338153  17.706  0.009130  0.007821  0.006087   1.0 -1.0  0.1  0.1   0.3     0   0.0   0.0   0.0   0.0     0     0
0.077   2.009  0.326968  17.706  0.009809  0.007619  0.005885   0.8 -1.2  0.1  0.1   0.3     0   0.0   0.0   0.0   0.0     0     0
0.764   8.067  0.024677  19.350  0.000913  0.001087  0.000864   2.5  0.8  0.3  0.3   0.3     0   0.0   0.0   0.0   0.0     0     0
0.716   7.914  0.036958  19.350  0.001109  0.001250  0.000998   1.8  0.8  0.3  0.3   0.3     0   0.0   0.0   0.0   0.0     0     0
0.645   7.656  0.066207  19.350  0.001589  0.001702  0.001390   1.2  0.7  0.3  0.3   0.3     0   0.0   0.0   0.0   0.0     0     0
0.571   7.348  0.102655  19.350  0.002361  0.002180  0.001848   0.8  0.6  0.3  0.3   0.3     0   0.0   0.0   0.0   0.0     0     0
0.508   7.037  0.142029  19.350  0.003267  0.002883  0.002557   0.6  0.5  0.3  0.3   0.3     0   0.0   0.0   0.0   0.0     0     0
0.447   6.691  0.183236  19.350  0.004214  0.003553  0.003298   0.4  0.3  0.3  0.3   0.3     0   0.0   0.0   0.0   0.0     0     0
0.393   6.328  0.217466  19.350  0.005219  0.004189  0.003914   0.4  0.2  0.3  0.3   0.3     0   0.0   0.0   0.0   0.0     0     0
0.341   5.931  0.257804  19.350  0.006187  0.004946  0.004640   0.4  0.1  0.3  0.3   0.3     0   0.0   0.0   0.0   0.0     0     0
0.293   5.498  0.281127  19.350  0.006747  0.005393  0.005060   0.4 -0.1  0.3  0.3   0.3     0   0.0   0.0   0.0   0.0     0     0
0.248   5.032  0.307017  19.350  0.007368  0.005914  0.005526   0.4 -0.2  0.3  0.3   0.3     0   0.0   0.0   0.0   0.0     0     0
0.215   4.634  0.306403  19.350  0.007660  0.005918  0.005515   0.4 -0.4  0.2  0.2   0.3     0   0.0   0.0   0.0   0.0     0     0
0.185   4.219  0.329531  19.350  0.008238  0.006441  0.005932   0.4 -0.5  0.2  0.2   0.3     0   0.0   0.0   0.0   0.0     0     0
0.157   3.804  0.328849  19.350  0.008221  0.006787  0.005919   0.7 -0.6  0.2  0.2   0.3     0   0.0   0.0   0.0   0.0     0     0
0.131   3.355  0.309742  19.350  0.008053  0.006556  0.005575   0.7 -0.8  0.1  0.1   0.3     0   0.0   0.0   0.0   0.0     0     0
0.107   2.888  0.328405  19.350  0.007553  0.007596  0.005911   1.0 -1.0  0.1  0.1   0.3     0   0.0   0.0   0.0   0.0     0     0
0.083   2.386  0.308565  19.350  0.008640  0.007276  0.005554   1.0 -1.1  0.1  0.1   0.3     0   0.0   0.0   0.0   0.0     0     0
0.337   1.171  0.270738   4.504  0.001624  0.002941  0.002437   0.5 -0.2  0.2  0.2   0.0     0   0.0   0.0   0.0   0.0     0     0
0.293   1.103  0.290729   4.504  0.001454  0.003224  0.002617   0.5 -0.3  0.2  0.2   0.0     0   0.0   0.0   0.0   0.0     0     0
0.260   1.043  0.303194   4.504  0.002122  0.003363  0.002729   0.5 -0.3  0.2  0.2   0.0     0   0.0   0.0   0.0   0.0     0     0
0.235   0.994  0.305272   4.504  0.003663  0.003612  0.002747   0.5 -0.4  0.3  0.3   0.0     0   0.0   0.0   0.0   0.0     0     0
0.188   0.884  0.309612   4.504  0.003715  0.003663  0.002787   0.4 -0.5  0.3  0.3   0.0     0   0.0   0.0   0.0   0.0     0     0
0.150   0.773  0.294691   4.504  0.003536  0.003499  0.002652   0.4 -0.6  0.2  0.2   0.0     0   0.0   0.0   0.0   0.0     0     0
0.118   0.663  0.282350   4.504  0.003671  0.003504  0.002541   0.4 -0.7  0.2  0.2   0.0     0   0.0   0.0   0.0   0.0     0     0
0.521   2.514  0.165372   6.509  0.001819  0.001957  0.001488   0.5  0.4  0.3  0.3   0.0     0   0.0   0.0   0.0   0.0     0     0
0.485   2.443  0.182716   6.509  0.003106  0.002162  0.001644   0.5  0.4  0.3  0.3   0.0     0   0.0   0.0   0.0   0.0     0     0
0.409   2.269  0.229150   6.509  0.002979  0.002489  0.002062   0.5  0.2  0.2  0.2   0.0     0   0.0   0.0   0.0   0.0     0     0
0.355   2.121  0.262984   6.509  0.003419  0.002708  0.002367   0.4  0.1  0.2  0.2   0.0     0   0.0   0.0   0.0   0.0     0     0
0.300   1.946  0.283032   6.509  0.003679  0.002900  0.002547   0.4  0.0  0.2  0.2   0.0     0   0.0   0.0   0.0   0.0     0     0
0.253   1.772  0.309043   6.509  0.003709  0.003182  0.002781   0.4 -0.1  0.2  0.2   0.0     0   0.0   0.0   0.0   0.0     0     0
0.202   1.545  0.304364   6.509  0.003652  0.003163  0.002739   0.4 -0.3  0.1  0.1   0.0     0   0.0   0.0   0.0   0.0     0     0
0.179   1.430  0.299196   6.509  0.003890  0.003209  0.002693   0.4 -0.4  0.1  0.1   0.0     0   0.0   0.0   0.0   0.0     0     0
0.157   1.313  0.304566   6.509  0.003959  0.003392  0.002741   0.4 -0.5  0.1  0.1   0.0     0   0.0   0.0   0.0   0.0     0     0
0.102   0.958  0.279223   6.509  0.005584  0.003397  0.002513   0.4 -0.7  0.1  0.1   0.0     0   0.0   0.0   0.0   0.0     0     0
0.649   4.297  0.084927   8.614  0.000849  0.001426  0.000849   0.8  1.0  0.3  0.3   0.0     0   0.0   0.0   0.0   0.0     0     0
0.606   4.175  0.100456   8.614  0.001507  0.001520  0.000904   0.7  0.9  0.3  0.3   0.0     0   0.0   0.0   0.0   0.0     0     0
0.540   3.967  0.137204   8.614  0.001372  0.001936  0.001235   0.6  0.8  0.3  0.3   0.0     0   0.0   0.0   0.0   0.0     0     0
0.475   3.733  0.180534   8.614  0.001986  0.002284  0.001625   0.5  0.6  0.3  0.3   0.0     0   0.0   0.0   0.0   0.0     0     0
0.409   3.465  0.219626   8.614  0.002636  0.002589  0.001977   0.5  0.5  0.2  0.2   0.0     0   0.0   0.0   0.0   0.0     0     0
0.346   3.163  0.259881   8.614  0.003119  0.002775  0.002339   0.4  0.3  0.2  0.2   0.0     0   0.0   0.0   0.0   0.0     0     0
0.298   2.899  0.289786   8.614  0.003188  0.003025  0.002608   0.4  0.2  0.2  0.2   0.0     0   0.0   0.0   0.0   0.0     0     0
0.267   2.712  0.294873   8.614  0.004718  0.003036  0.002654   0.4  0.1  0.2  0.2   0.0     0   0.0   0.0   0.0   0.0     0     0
0.236   2.499  0.314799   8.614  0.003778  0.003226  0.002833   0.4  0.0  0.2  0.2   0.0     0   0.0   0.0   0.0   0.0     0     0
0.209   2.308  0.317473   8.614  0.003810  0.003175  0.002857   0.4 -0.1  0.1  0.1   0.0     0   0.0   0.0   0.0   0.0     0     0
0.189   2.149  0.318928   8.614  0.004146  0.003237  0.002870   0.4 -0.2  0.1  0.1   0.0     0   0.0   0.0   0.0   0.0     0     0
0.167   1.966  0.306511   8.614  0.006743  0.003185  0.002759   0.4 -0.3  0.1  0.1   0.0     0   0.0   0.0   0.0   0.0     0     0
0.150   1.823  0.313769   8.614  0.006589  0.003365  0.002824   0.4 -0.4  0.1  0.1   0.0     0   0.0   0.0   0.0   0.0     0     0
0.136   1.690  0.300367   8.614  0.006308  0.003345  0.002703   0.4 -0.5  0.1  0.1   0.0     0   0.0   0.0   0.0   0.0     0     0
0.095   1.268  0.275781   8.614  0.010480  0.003332  0.002482   0.4 -0.7  0.0  0.0   0.0     0   0.0   0.0   0.0   0.0     0     0
0.742   6.115  0.037697  10.392  0.001583  0.000887  0.000452   1.4  1.4  0.3  0.3   0.0     0   0.0   0.0   0.0   0.0     0     0
0.673   5.862  0.058838  10.392  0.002412  0.001157  0.000588   1.0  1.3  0.3  0.3   0.0     0   0.0   0.0   0.0   0.0     0     0
0.610   5.605  0.088889  10.392  0.003200  0.001605  0.000889   0.8  1.2  0.3  0.3   0.0     0   0.0   0.0   0.0   0.0     0     0
0.555   5.352  0.122754  10.392  0.003805  0.001882  0.001105   0.6  1.0  0.3  0.3   0.0     0   0.0   0.0   0.0   0.0     0     0
0.460   4.857  0.182581  10.392  0.001095  0.002503  0.001643   0.5  0.8  0.3  0.3   0.0     0   0.0   0.0   0.0   0.0     0     0
0.405   4.522  0.220218  10.392  0.002422  0.002812  0.001982   0.5  0.7  0.2  0.2   0.0     0   0.0   0.0   0.0   0.0     0     0
0.343   4.098  0.259089  10.392  0.003368  0.002954  0.002332   0.4  0.5  0.2  0.2   0.0     0   0.0   0.0   0.0   0.0     0     0
0.300   3.768  0.275312  10.392  0.002753  0.002940  0.002478   0.4  0.3  0.2  0.2   0.0     0   0.0   0.0   0.0   0.0     0     0
0.266   3.485  0.291640  10.392  0.004083  0.003045  0.002625   0.4  0.2  0.2  0.2   0.0     0   0.0   0.0   0.0   0.0     0     0
0.241   3.254  0.315882  10.392  0.006634  0.003252  0.002843   0.4  0.1  0.2  0.2   0.0     0   0.0   0.0   0.0   0.0     0     0
0.211   2.962  0.314192  10.392  0.004084  0.003142  0.002828   0.4 -0.1  0.1  0.1   0.0     0   0.0   0.0   0.0   0.0     0     0
0.190   2.740  0.312747  10.392  0.005629  0.003174  0.002815   0.4 -0.2  0.1  0.1   0.0     0   0.0   0.0   0.0   0.0     0     0
0.172   2.546  0.297869  10.392  0.005660  0.003096  0.002681   0.4 -0.3  0.1  0.1   0.0     0   0.0   0.0   0.0   0.0     0     0
0.156   2.362  0.310362  10.392  0.004966  0.003225  0.002793   0.4 -0.3  0.1  0.1   0.0     0   0.0   0.0   0.0   0.0     0     0
0.141   2.178  0.286967  10.392  0.009757  0.003077  0.002583   0.4 -0.4  0.1  0.1   0.0     0   0.0   0.0   0.0   0.0     0     0
0.129   2.036  0.296889  10.392  0.009797  0.003306  0.002672   0.4 -0.5  0.1  0.1   0.0     0   0.0   0.0   0.0   0.0     0     0
0.113   1.827  0.299667  10.392  0.008091  0.003456  0.002697   0.4 -0.6  0.0  0.0   0.0     0   0.0   0.0   0.0   0.0     0     0
0.091   1.526  0.280715  10.392  0.008983  0.003392  0.002526   0.4 -0.7  0.0  0.0   0.0     0   0.0   0.0   0.0   0.0     0     0
0.586   7.263  0.096372  12.518  0.002409  0.001787  0.000867   0.7  1.4  0.3  0.3   0.0     0   0.0   0.0   0.0   0.0     0     0
0.428   6.075  0.194589  12.518  0.005254  0.002786  0.001751   0.5  0.9  0.3  0.3   0.0     0   0.0   0.0   0.0   0.0     0     0
0.321   5.061  0.266627  12.518  0.007732  0.003040  0.002400   0.4  0.5  0.2  0.2   0.0     0   0.0   0.0   0.0   0.0     0     0
0.236   4.070  0.310074  12.518  0.008062  0.003192  0.002791   0.4  0.1  0.2  0.2   0.0     0   0.0   0.0   0.0   0.0     0     0
0.201   3.615  0.307457  12.518  0.007994  0.003059  0.002767   0.4  0.0  0.1  0.1   0.0     0   0.0   0.0   0.0   0.0     0     0
0.179   3.302  0.317229  12.518  0.008565  0.003220  0.002855   0.4 -0.2  0.1  0.1   0.0     0   0.0   0.0   0.0   0.0     0     0
0.157   2.982  0.319156  12.518  0.009575  0.003317  0.002872   0.4 -0.3  0.1  0.1   0.0     0   0.0   0.0   0.0   0.0     0     0
0.143   2.762  0.317203  12.518  0.009833  0.003402  0.002855   0.4 -0.4  0.1  0.1   0.0     0   0.0   0.0   0.0   0.0     0     0
0.130   2.542  0.305659  12.518  0.011004  0.003404  0.002751   0.4 -0.5  0.1  0.1   0.0     0   0.0   0.0   0.0   0.0     0     0
0.116   2.316  0.297179  12.518  0.011293  0.003309  0.002675   0.4 -0.5  0.1  0.1   0.0     0   0.0   0.0   0.0   0.0     0     0
0.106   2.144  0.301452  12.518  0.011455  0.003477  0.002713   0.4 -0.6  0.0  0.0   0.0     0   0.0   0.0   0.0   0.0     0     0
0.096   1.971  0.291753  12.518  0.012837  0.003549  0.002626   0.4 -0.7  0.1  0.1   0.0     0   0.0   0.0   0.0   0.0     0     0
0.080   1.669  0.284087  12.518  0.011648  0.003605  0.002557   0.4 -0.8  0.0  0.0   0.0     0   0.0   0.0   0.0   0.0     0     0
0.771   9.147  0.021798  13.320  0.001460  0.000641  0.000305   1.7  1.9  0.3  0.3   0.0     0   0.0   0.0   0.0   0.0     0     0
0.664   8.494  0.059761  13.320  0.002450  0.001301  0.000598   1.0  1.6  0.3  0.3   0.0     0   0.0   0.0   0.0   0.0     0     0
0.543   7.619  0.115275  13.320  0.002190  0.002010  0.001037   0.6  1.3  0.3  0.3   0.0     0   0.0   0.0   0.0   0.0     0     0
0.471   7.021  0.161253  13.320  0.002419  0.002524  0.001451   0.5  1.1  0.3  0.3   0.0     0   0.0   0.0   0.0   0.0     0     0
0.404   6.382  0.211392  13.320  0.003382  0.003027  0.001903   0.5  0.9  0.3  0.3   0.0     0   0.0   0.0   0.0   0.0     0     0
0.336   5.660  0.260487  13.320  0.003386  0.003093  0.002344   0.4  0.6  0.2  0.2   0.0     0   0.0   0.0   0.0   0.0     0     0
0.291   5.125  0.283049  13.320  0.003397  0.003114  0.002547   0.4  0.4  0.2  0.2   0.0     0   0.0   0.0   0.0   0.0     0     0
0.258   4.699  0.287689  13.320  0.005466  0.003072  0.002589   0.4  0.3  0.2  0.2   0.0     0   0.0   0.0   0.0   0.0     0     0
0.233   4.370  0.319950  13.320  0.007039  0.003294  0.002880   0.4  0.1  0.2  0.2   0.0     0   0.0   0.0   0.0   0.0     0     0
0.203   3.919  0.309124  13.320  0.004946  0.003168  0.002782   0.4  0.0  0.2  0.2   0.0     0   0.0   0.0   0.0   0.0     0     0
0.176   3.509  0.304463  13.320  0.006089  0.003090  0.002740   0.4 -0.2  0.1  0.1   0.0     0   0.0   0.0   0.0   0.0     0     0
0.161   3.267  0.291840  13.320  0.010506  0.003033  0.002627   0.4 -0.3  0.1  0.1   0.0     0   0.0   0.0   0.0   0.0     0     0
0.146   3.021  0.303630  13.320  0.010931  0.003155  0.002733   0.4 -0.3  0.1  0.1   0.0     0   0.0   0.0   0.0   0.0     0     0
0.121   2.573  0.295959  13.320  0.007103  0.003296  0.002664   0.4 -0.5  0.1  0.1   0.0     0   0.0   0.0   0.0   0.0     0     0
0.108   2.334  0.288338  13.320  0.014129  0.003325  0.002595   0.4 -0.6  0.0  0.0   0.0     0   0.0   0.0   0.0   0.0     0     0
0.098   2.153  0.304230  13.320  0.010952  0.003701  0.002738   0.4 -0.7  0.1  0.1   0.0     0   0.0   0.0   0.0   0.0     0     0
0.088   1.960  0.256633  13.320  0.017708  0.003101  0.002310   0.4 -0.7  0.0  0.0   0.0     0   0.0   0.0   0.0   0.0     0     0
0.789  13.363  0.015008  17.027  0.000345  0.000505  0.000225   1.9  2.3  0.3  0.3   0.0     0   0.0   0.0   0.0   0.0     0     0
0.701  12.528  0.034951  17.027  0.000769  0.000940  0.000384   1.2  2.1  0.3  0.3   0.0     0   0.0   0.0   0.0   0.0     0     0
0.621  11.693  0.064616  17.027  0.001615  0.001506  0.000646   0.8  1.9  0.3  0.3   0.0     0   0.0   0.0   0.0   0.0     0     0
0.550  10.858  0.100814  17.027  0.002016  0.001993  0.000907   0.6  1.6  0.3  0.3   0.0     0   0.0   0.0   0.0   0.0     0     0
0.469   9.816  0.154686  17.027  0.002784  0.002648  0.001392   0.5  1.3  0.3  0.3   0.0     0   0.0   0.0   0.0   0.0     0     0
0.417   9.069  0.188819  17.027  0.003210  0.002955  0.001699   0.5  1.1  0.3  0.3   0.0     0   0.0   0.0   0.0   0.0     0     0
0.362   8.220  0.219765  17.027  0.003736  0.003077  0.001978   0.4  0.9  0.3  0.3   0.0     0   0.0   0.0   0.0   0.0     0     0
0.308   7.302  0.264829  17.027  0.004767  0.003145  0.002383   0.4  0.6  0.2  0.2   0.0     0   0.0   0.0   0.0   0.0     0     0
0.273   6.682  0.287816  17.027  0.008634  0.003282  0.002590   0.4  0.5  0.2  0.2   0.0     0   0.0   0.0   0.0   0.0     0     0
0.251   6.264  0.307099  17.027  0.008906  0.003279  0.002764   0.4  0.3  0.2  0.2   0.0     0   0.0   0.0   0.0   0.0     0     0
0.223   5.701  0.299375  17.027  0.005688  0.003126  0.002694   0.4  0.2  0.2  0.2   0.0     0   0.0   0.0   0.0   0.0     0     0
0.196   5.139  0.318799  17.027  0.006376  0.003267  0.002869   0.4  0.0  0.2  0.2   0.0     0   0.0   0.0   0.0   0.0     0     0
0.171   4.594  0.290945  17.027  0.010474  0.002909  0.002619   0.4 -0.1  0.1  0.1   0.0     0   0.0   0.0   0.0   0.0     0     0
0.153   4.176  0.305705  17.027  0.010700  0.003177  0.002751   0.4 -0.3  0.1  0.1   0.0     0   0.0   0.0   0.0   0.0     0     0
0.134   3.718  0.310976  17.027  0.013683  0.003335  0.002799   0.4 -0.4  0.1  0.1   0.0     0   0.0   0.0   0.0   0.0     0     0
0.118   3.341  0.264618  17.027  0.015612  0.002947  0.002382   0.4 -0.5  0.1  0.1   0.0     0   0.0   0.0   0.0   0.0     0     0
0.105   3.002  0.290893  17.027  0.011636  0.003380  0.002618   0.4 -0.6  0.1  0.1   0.0     0   0.0   0.0   0.0   0.0     0     0
0.086   2.506  0.290964  17.027  0.025023  0.003540  0.002619   0.4 -0.7  0.1  0.1   0.0     0   0.0   0.0   0.0   0.0     0     0
0.464   2.009  0.198610   4.506  0.004369  0.002264  0.001787   0.5 -0.4  0.2  0.2   0.0     0   0.0   0.0   0.0   0.0     0     0
0.388   1.826  0.247763   4.506  0.005451  0.002825  0.002230   0.4 -0.5  0.2  0.2   0.0     0   0.0   0.0   0.0   0.0     0     0
0.324   1.644  0.284459   4.506  0.005689  0.003378  0.002560   0.4 -0.6  0.2  0.2   0.0     0   0.0   0.0   0.0   0.0     0     0
0.268   1.461  0.296609   4.506  0.006525  0.003608  0.002669   0.4 -0.7  0.1  0.1   0.0     0   0.0   0.0   0.0   0.0     0     0
0.219   1.278  0.294768   4.506  0.005895  0.003763  0.002653   0.4 -0.8  0.1  0.1   0.0     0   0.0   0.0   0.0   0.0     0     0
0.177   1.096  0.315555   4.506  0.006627  0.004234  0.002840   0.4 -0.9  0.1  0.1   0.0     0   0.0   0.0   0.0   0.0     0     0
0.139   0.913  0.292300   4.506  0.007015  0.004123  0.002631   0.4 -1.0  0.1  0.1   0.0     0   0.0   0.0   0.0   0.0     0     0
0.586   4.080  0.114119   6.711  0.003081  0.001276  0.001027   0.6  0.0  0.2  0.2   0.0     0   0.0   0.0   0.0   0.0     0     0
0.503   3.740  0.165534   6.711  0.004635  0.001775  0.001490   0.5 -0.1  0.2  0.2   0.0     0   0.0   0.0   0.0   0.0     0     0
0.414   3.315  0.217107   6.711  0.004125  0.002318  0.001954   0.4 -0.3  0.2  0.2   0.0     0   0.0   0.0   0.0   0.0     0     0
0.366   3.060  0.232621   6.711  0.006746  0.002559  0.002094   0.4 -0.4  0.2  0.2   0.0     0   0.0   0.0   0.0   0.0     0     0
0.319   2.788  0.269358   6.711  0.005118  0.003071  0.002424   0.4 -0.5  0.2  0.2   0.0     0   0.0   0.0   0.0   0.0     0     0
0.284   2.570  0.288453   6.711  0.007211  0.003212  0.002596   0.4 -0.5  0.1  0.1   0.0     0   0.0   0.0   0.0   0.0     0     0
0.256   2.380  0.296012   6.711  0.007400  0.003439  0.002664   0.4 -0.6  0.1  0.1   0.0     0   0.0   0.0   0.0   0.0     0     0
0.233   2.218  0.294512   6.711  0.007657  0.003583  0.002651   0.4 -0.7  0.1  0.1   0.0     0   0.0   0.0   0.0   0.0     0     0
0.209   2.040  0.283350   6.711  0.008500  0.003447  0.002550   0.4 -0.7  0.1  0.1   0.0     0   0.0   0.0   0.0   0.0     0     0
0.188   1.878  0.315676   6.711  0.009155  0.004030  0.002841   0.4 -0.8  0.1  0.1   0.0     0   0.0   0.0   0.0   0.0     0     0
0.156   1.618  0.291827   6.711  0.017218  0.003893  0.002626   0.4 -0.9  0.0  0.0   0.0     0   0.0   0.0   0.0   0.0     0     0
0.127   1.360  0.260756   6.711  0.016167  0.003660  0.002347   0.4 -1.0  0.0  0.0   0.0     0   0.0   0.0   0.0   0.0     0     0
0.711   6.623  0.043010   8.713  0.001677  0.000648  0.000430   1.0  0.3  0.3  0.3   0.0     0   0.0   0.0   0.0   0.0     0     0
0.632   6.183  0.079171   8.713  0.002058  0.000976  0.000713   0.7  0.2  0.3  0.3   0.0     0   0.0   0.0   0.0   0.0     0     0
0.560   5.742  0.114131   8.713  0.002853  0.001331  0.001027   0.6  0.1  0.3  0.3   0.0     0   0.0   0.0   0.0   0.0     0     0
0.494   5.299  0.155503   8.713  0.003888  0.001660  0.001400   0.5  0.0  0.2  0.2   0.0     0   0.0   0.0   0.0   0.0     0     0
0.434   4.857  0.193510   8.713  0.004838  0.002075  0.001742   0.5 -0.1  0.2  0.2   0.0     0   0.0   0.0   0.0   0.0     0     0
0.368   4.321  0.246762   8.713  0.004195  0.002635  0.002221   0.4 -0.3  0.2  0.2   0.0     0   0.0   0.0   0.0   0.0     0     0
0.332   4.011  0.257005   8.713  0.006425  0.002827  0.002313   0.4 -0.4  0.2  0.2   0.0     0   0.0   0.0   0.0   0.0     0     0
0.306   3.777  0.282377   8.713  0.006777  0.003106  0.002541   0.4 -0.4  0.2  0.2   0.0     0   0.0   0.0   0.0   0.0     0     0
0.281   3.535  0.269489   8.713  0.008354  0.003073  0.002425   0.4 -0.5  0.2  0.2   0.0     0   0.0   0.0   0.0   0.0     0     0
0.259   3.319  0.284451   8.713  0.010809  0.003168  0.002560   0.4 -0.5  0.1  0.1   0.0     0   0.0   0.0   0.0   0.0     0     0
0.237   3.095  0.294106   8.713  0.011764  0.003417  0.002647   0.4 -0.6  0.1  0.1   0.0     0   0.0   0.0   0.0   0.0     0     0
0.196   2.650  0.299973   8.713  0.011999  0.003649  0.002700   0.4 -0.7  0.1  0.1   0.0     0   0.0   0.0   0.0   0.0     0     0
0.158   2.211  0.329938   8.713  0.027385  0.004212  0.002969   0.4 -0.8  0.1  0.1   0.0     0   0.0   0.0   0.0   0.0     0     0
0.781  10.849  0.019399  11.900  0.001106  0.000405  0.000233   1.5  0.7  0.3  0.3   0.0     0   0.0   0.0   0.0   0.0     0     0
0.714  10.246  0.036333  11.900  0.001490  0.000579  0.000363   1.0  0.6  0.3  0.3   0.0     0   0.0   0.0   0.0   0.0     0     0
0.651   9.646  0.058890  11.900  0.002061  0.000807  0.000530   0.8  0.5  0.3  0.3   0.0     0   0.0   0.0   0.0   0.0     0     0
0.591   9.043  0.088061  11.900  0.003082  0.001103  0.000793   0.7  0.3  0.3  0.3   0.0     0   0.0   0.0   0.0   0.0     0     0
0.535   8.440  0.122532  11.900  0.002941  0.001445  0.001103   0.6  0.2  0.3  0.3   0.0     0   0.0   0.0   0.0   0.0     0     0
0.483   7.837  0.155292  11.900  0.004038  0.001736  0.001398   0.5  0.1  0.3  0.3   0.0     0   0.0   0.0   0.0   0.0     0     0
0.433   7.234  0.182457  11.900  0.004744  0.001948  0.001642   0.5  0.0  0.2  0.2   0.0     0   0.0   0.0   0.0   0.0     0     0
0.386   6.631  0.222149  11.900  0.006220  0.002287  0.001999   0.4 -0.1  0.2  0.2   0.0     0   0.0   0.0   0.0   0.0     0     0
0.342   6.029  0.243729  11.900  0.006824  0.002602  0.002194   0.4 -0.3  0.2  0.2   0.0     0   0.0   0.0   0.0   0.0     0     0
0.288   5.249  0.264999  11.900  0.006095  0.002915  0.002385   0.4 -0.4  0.2  0.2   0.0     0   0.0   0.0   0.0   0.0     0     0
0.260   4.823  0.280835  11.900  0.008144  0.003202  0.002528   0.4 -0.5  0.2  0.2   0.0     0   0.0   0.0   0.0   0.0     0     0
0.210   4.027  0.323769  11.900  0.027197  0.003762  0.002914   0.4 -0.6  0.1  0.1   0.0     0   0.0   0.0   0.0   0.0     0     0
0.872  15.981  0.003874  15.022  0.000581  0.000138  0.000074   2.8  1.0  0.3  0.3   0.0     0   0.0   0.0   0.0   0.0     0     0
0.809  15.220  0.008269  15.022  0.001174  0.000195  0.000107   1.7  0.9  0.3  0.3   0.0     0   0.0   0.0   0.0   0.0     0     0
0.750  14.459  0.022339  15.022  0.001318  0.000431  0.000246   1.3  0.8  0.3  0.3   0.0     0   0.0   0.0   0.0   0.0     0     0
0.694  13.698  0.038292  15.022  0.001608  0.000626  0.000383   1.0  0.7  0.3  0.3   0.0     0   0.0   0.0   0.0   0.0     0     0
0.640  12.937  0.058316  15.022  0.002099  0.000823  0.000525   0.8  0.6  0.3  0.3   0.0     0   0.0   0.0   0.0   0.0     0     0
0.589  12.176  0.078524  15.022  0.002670  0.001033  0.000707   0.7  0.5  0.3  0.3   0.0     0   0.0   0.0   0.0   0.0     0     0
0.540  11.415  0.111517  15.022  0.003903  0.001338  0.001004   0.6  0.3  0.3  0.3   0.0     0   0.0   0.0   0.0   0.0     0     0
0.493  10.654  0.134539  15.022  0.004843  0.001522  0.001211   0.5  0.2  0.3  0.3   0.0     0   0.0   0.0   0.0   0.0     0     0
0.448   9.893  0.163845  15.022  0.005735  0.001832  0.001475   0.5  0.1  0.3  0.3   0.0     0   0.0   0.0   0.0   0.0     0     0
0.405   9.132  0.197114  15.022  0.006505  0.002195  0.001774   0.5  0.0  0.3  0.3   0.0     0   0.0   0.0   0.0   0.0     0     0
0.364   8.371  0.225387  15.022  0.007663  0.002321  0.002028   0.4 -0.1  0.2  0.2   0.0     0   0.0   0.0   0.0   0.0     0     0
0.317   7.480  0.247584  15.022  0.005942  0.002643  0.002228   0.4 -0.3  0.2  0.2   0.0     0   0.0   0.0   0.0   0.0     0     0
0.286   6.849  0.262815  15.022  0.011301  0.002891  0.002365   0.4 -0.4  0.2  0.2   0.0     0   0.0   0.0   0.0   0.0     0     0
0.249   6.088  0.249601  15.022  0.014726  0.002846  0.002246   0.4 -0.5  0.2  0.2   0.0     0   0.0   0.0   0.0   0.0     0     0
0.214   5.327  0.302302  15.022  0.010581  0.003590  0.002721   0.4 -0.6  0.2  0.2   0.0     0   0.0   0.0   0.0   0.0     0     0
0.854  20.078  0.004473  18.028  0.000537  0.000143  0.000076   2.4  1.2  0.3  0.3   0.0     0   0.0   0.0   0.0   0.0     0     0
0.799  19.165  0.011008  18.028  0.001101  0.000257  0.000143   1.6  1.0  0.3  0.3   0.0     0   0.0   0.0   0.0   0.0     0     0
0.746  18.252  0.020393  18.028  0.001387  0.000389  0.000224   1.2  0.9  0.3  0.3   0.0     0   0.0   0.0   0.0   0.0     0     0
0.670  16.857  0.039508  18.028  0.001462  0.000622  0.000395   0.9  0.7  0.3  0.3   0.0     0   0.0   0.0   0.0   0.0     0     0
0.599  15.504  0.075000  18.028  0.003150  0.001017  0.000675   0.7  0.6  0.3  0.3   0.0     0   0.0   0.0   0.0   0.0     0     0
0.554  14.591  0.095036  18.028  0.003801  0.001168  0.000855   0.6  0.4  0.3  0.3   0.0     0   0.0   0.0   0.0   0.0     0     0
0.510  13.681  0.118310  18.028  0.005087  0.001420  0.001065   0.6  0.3  0.3  0.3   0.0     0   0.0   0.0   0.0   0.0     0     0
0.468  12.761  0.149366  18.028  0.004630  0.001690  0.001344   0.5  0.2  0.3  0.3   0.0     0   0.0   0.0   0.0   0.0     0     0
0.428  11.862  0.186839  18.028  0.005792  0.002089  0.001682   0.5  0.1  0.3  0.3   0.0     0   0.0   0.0   0.0   0.0     0     0
0.389  10.960  0.216297  18.028  0.008219  0.002409  0.001947   0.5  0.0  0.3  0.3   0.0     0   0.0   0.0   0.0   0.0     0     0
0.349  10.021  0.229452  18.028  0.009178  0.002471  0.002065   0.4 -0.1  0.3  0.3   0.0     0   0.0   0.0   0.0   0.0     0     0
0.313   9.133  0.239908  18.028  0.010556  0.002562  0.002159   0.4 -0.3  0.2  0.2   0.0     0   0.0   0.0   0.0   0.0     0     0
0.278   8.220  0.266315  18.028  0.014381  0.002929  0.002397   0.4 -0.4  0.2  0.2   0.0     0   0.0   0.0   0.0   0.0     0     0
0.243   7.306  0.255017  18.028  0.019636  0.002908  0.002295   0.4 -0.5  0.2  0.2   0.0     0   0.0   0.0   0.0   0.0     0     0
0.547   2.772  0.149915   4.502  0.004348  0.001836  0.001349   0.5 -0.6  0.2  0.2   0.0     0   0.0   0.0   0.0   0.0     0     0
0.453   2.464  0.210010   4.502  0.005670  0.002681  0.001890   0.5 -0.7  0.2  0.2   0.0     0   0.0   0.0   0.0   0.0     0     0
0.370   2.156  0.241385   4.502  0.007242  0.003082  0.002172   0.4 -0.8  0.1  0.1   0.0     0   0.0   0.0   0.0   0.0     0     0
0.298   1.848  0.276976   4.502  0.008309  0.003716  0.002493   0.4 -0.9  0.1  0.1   0.0     0   0.0   0.0   0.0   0.0     0     0
0.234   1.540  0.294012   4.502  0.008820  0.004148  0.002646   0.4 -1.0  0.1  0.1   0.0     0   0.0   0.0   0.0   0.0     0     0
0.670   4.471  0.075927   5.808  0.002354  0.000942  0.000683   0.7 -0.4  0.2  0.2   0.0     0   0.0   0.0   0.0   0.0     0     0
0.556   3.974  0.127749   5.808  0.003705  0.001506  0.001150   0.5 -0.5  0.2  0.2   0.0     0   0.0   0.0   0.0   0.0     0     0
0.457   3.477  0.190436   5.808  0.005332  0.002332  0.001714   0.5 -0.6  0.2  0.2   0.0     0   0.0   0.0   0.0   0.0     0     0
0.369   2.980  0.245661   5.808  0.006879  0.003049  0.002211   0.4 -0.7  0.2  0.2   0.0     0   0.0   0.0   0.0   0.0     0     0
0.290   2.484  0.277816   5.808  0.007501  0.003547  0.002500   0.4 -0.8  0.1  0.1   0.0     0   0.0   0.0   0.0   0.0     0     0
0.220   1.987  0.301740   5.808  0.022027  0.004257  0.002716   0.4 -1.0  0.1  0.1   0.0     0   0.0   0.0   0.0   0.0     0     0
0.768   7.443  0.027524   7.912  0.001541  0.000464  0.000303   1.2 -0.1  0.3  0.3   0.0     0   0.0   0.0   0.0   0.0     0     0
0.666   6.767  0.060319   7.912  0.002352  0.000791  0.000543   0.8 -0.3  0.3  0.3   0.0     0   0.0   0.0   0.0   0.0     0     0
0.573   6.090  0.108621   7.912  0.003367  0.001290  0.000978   0.6 -0.4  0.2  0.2   0.0     0   0.0   0.0   0.0   0.0     0     0
0.488   5.413  0.159568   7.912  0.005106  0.001881  0.001436   0.5 -0.5  0.2  0.2   0.0     0   0.0   0.0   0.0   0.0     0     0
0.410   4.739  0.211224   7.912  0.005914  0.002508  0.001901   0.4 -0.6  0.2  0.2   0.0     0   0.0   0.0   0.0   0.0     0     0
0.332   4.006  0.260237   7.912  0.008067  0.003229  0.002342   0.4 -0.7  0.2  0.2   0.0     0   0.0   0.0   0.0   0.0     0     0
0.781  10.277  0.019050  10.014  0.002419  0.000334  0.000210   1.3  0.0  0.3  0.3   0.0     0   0.0   0.0   0.0   0.0     0     0
0.691   9.421  0.039455  10.014  0.003472  0.000558  0.000395   0.9 -0.1  0.3  0.3   0.0     0   0.0   0.0   0.0   0.0     0     0
0.607   8.565  0.074145  10.014  0.005190  0.000929  0.000667   0.7 -0.3  0.3  0.3   0.0     0   0.0   0.0   0.0   0.0     0     0
0.529   7.708  0.130220  10.014  0.006511  0.001546  0.001172   0.6 -0.4  0.2  0.2   0.0     0   0.0   0.0   0.0   0.0     0     0
0.456   6.852  0.178631  10.014  0.007860  0.002106  0.001608   0.5 -0.5  0.2  0.2   0.0     0   0.0   0.0   0.0   0.0     0     0
0.387   5.995  0.224669  10.014  0.009211  0.002668  0.002022   0.4 -0.6  0.2  0.2   0.0     0   0.0   0.0   0.0   0.0     0     0
0.322   5.139  0.276958  10.014  0.010247  0.003437  0.002493   0.4 -0.7  0.2  0.2   0.0     0   0.0   0.0   0.0   0.0     0     0
0.800  13.918  0.008607  12.518  0.001782  0.000170  0.000103   1.5  0.1  0.3  0.3   0.0     0   0.0   0.0   0.0   0.0     0     0
0.719  12.847  0.029967  12.518  0.002997  0.000442  0.000300   1.0  0.0  0.3  0.3   0.0     0   0.0   0.0   0.0   0.0     0     0
0.642  11.777  0.056655  12.518  0.003683  0.000726  0.000510   0.8 -0.1  0.3  0.3   0.0     0   0.0   0.0   0.0   0.0     0     0
0.569  10.706  0.093330  12.518  0.005600  0.001120  0.000840   0.6 -0.3  0.3  0.3   0.0     0   0.0   0.0   0.0   0.0     0     0
0.500   9.635  0.146084  12.518  0.006720  0.001728  0.001315   0.5 -0.4  0.3  0.3   0.0     0   0.0   0.0   0.0   0.0     0     0
0.434   8.565  0.162837  12.518  0.007328  0.001920  0.001466   0.5 -0.5  0.2  0.2   0.0     0   0.0   0.0   0.0   0.0     0     0
0.371   7.494  0.239385  12.518  0.010533  0.002843  0.002154   0.4 -0.6  0.2  0.2   0.0     0   0.0   0.0   0.0   0.0     0     0
0.756  16.691  0.020364  15.012  0.002383  0.000343  0.000224   1.2  0.1  0.3  0.3   0.0     0   0.0   0.0   0.0   0.0     0     0
0.683  15.407  0.038719  15.012  0.002943  0.000546  0.000387   0.9  0.0  0.3  0.3   0.0     0   0.0   0.0   0.0   0.0     0     0
0.614  14.123  0.064052  15.012  0.003779  0.000782  0.000576   0.7 -0.1  0.3  0.3   0.0     0   0.0   0.0   0.0   0.0     0     0
0.547  12.839  0.105118  15.012  0.006622  0.001261  0.000946   0.6 -0.3  0.3  0.3   0.0     0   0.0   0.0   0.0   0.0     0     0
0.482  11.555  0.131435  15.012  0.009463  0.001555  0.001183   0.5 -0.4  0.3  0.3   0.0     0   0.0   0.0   0.0   0.0     0     0
0.421  10.271  0.166248  15.012  0.012136  0.002029  0.001496   0.5 -0.5  0.3  0.3   0.0     0   0.0   0.0   0.0   0.0     0     0
0.427   1.738  0.232022  20.005  0.000928  0.004687  0.004176   0.5  0.3  0.3  0.3   0.0     0   0.4   0.4   0.0   0.0     0     0
0.377   1.714  0.257922  20.005  0.001032  0.005280  0.004643   0.6  0.3  0.3  0.3   0.0     0   0.4   0.4   0.0   0.0     0     0
0.326   1.681  0.288339  20.005  0.000865  0.005993  0.005190   0.7  0.3  0.3  0.3   0.0     0   0.4   0.4   0.0   0.0     0     0
0.274   1.638  0.313898  20.005  0.000942  0.006599  0.005650   0.8  0.2  0.3  0.3   0.0     0   0.4   0.4   0.0   0.0     0     0
0.224   1.582  0.328263  20.005  0.000985  0.006901  0.005909   0.8  0.2  0.3  0.3   0.0     0   0.4   0.4   0.0   0.0     0     0
0.176   1.504  0.337907  20.005  0.000676  0.007080  0.006082   0.8  0.1  0.3  0.3   0.0     0   0.4   0.4   0.0   0.0     0     0
0.138   1.415  0.340186  20.005  0.000680  0.006997  0.006123   0.7  0.0  0.3  0.3   0.0     0   0.4   0.4   0.0   0.0     0     0
0.112   1.331  0.332965  20.005  0.000999  0.006456  0.005660   0.6 -0.1  0.3  0.3   0.0     0   0.4   0.4   0.0   0.0     0     0
0.099   1.279  0.330140  20.005  0.001981  0.006520  0.005612   0.6 -0.1  0.4  0.4   0.0     0   0.4   0.4   0.0   0.0     0     0
0.084   1.203  0.326430  20.005  0.003591  0.006471  0.005549   0.6 -0.2  0.4  0.4   0.0     0   0.4   0.4   0.0   0.0     0     0
0.068   1.107  0.318491  20.005  0.002866  0.006265  0.005414   0.5 -0.3  0.4  0.4   0.0     0   0.4   0.4   0.0   0.0     0     0
0.373   1.404  0.261027  18.010  0.001566  0.005311  0.004698   0.6  0.2  0.3  0.3   0.0     0   0.4   0.4   0.0   0.0     0     0
0.323   1.380  0.293493  18.010  0.001467  0.006043  0.005283   0.7  0.1  0.3  0.3   0.0     0   0.4   0.4   0.0   0.0     0     0
0.271   1.347  0.313904  18.010  0.001256  0.006577  0.005650   0.8  0.1  0.3  0.3   0.0     0   0.4   0.4   0.0   0.0     0     0
0.221   1.303  0.331197  18.010  0.001325  0.006931  0.005962   0.8  0.0  0.3  0.3   0.0     0   0.4   0.4   0.0   0.0     0     0
0.178   1.249  0.333282  18.010  0.001666  0.006975  0.005999   0.8  0.0  0.3  0.3   0.0     0   0.4   0.4   0.0   0.0     0     0
0.124   1.147  0.325326  18.010  0.003253  0.006699  0.005856   0.7 -0.1  0.3  0.3   0.0     0   0.4   0.4   0.0   0.0     0     0
0.100   1.077  0.325827  18.010  0.003258  0.006343  0.005539   0.6 -0.2  0.3  0.3   0.0     0   0.4   0.4   0.0   0.0     0     0
0.081   1.002  0.314550  18.010  0.003145  0.006275  0.005347   0.6 -0.3  0.4  0.4   0.0     0   0.4   0.4   0.0   0.0     0     0
0.065   0.921  0.305079  18.010  0.003051  0.006056  0.005186   0.5 -0.4  0.4  0.4   0.0     0   0.4   0.4   0.0   0.0     0     0
0.314   1.101  0.284941  16.000  0.001140  0.005963  0.005129   0.8  0.0  0.3  0.3   0.0     0   0.4   0.4   0.0   0.0     0     0
0.266   1.078  0.312356  16.000  0.000937  0.006935  0.005935   0.9 -0.1  0.3  0.3   0.0     0   0.4   0.4   0.0   0.0     0     0
0.218   1.047  0.319735  16.000  0.000959  0.006828  0.005755   0.9 -0.1  0.3  0.3   0.0     0   0.4   0.4   0.0   0.0     0     0
0.168   0.998  0.327629  16.000  0.000983  0.007260  0.005897   0.9 -0.2  0.5  0.5   0.0     0   0.4   0.4   0.0   0.0     0     0
0.126   0.937  0.324515  16.000  0.002921  0.006952  0.005841   0.7 -0.2  0.5  0.5   0.0     0   0.4   0.4   0.0   0.0     0     0
0.097   0.874  0.310127  16.000  0.003101  0.006287  0.005272   0.7 -0.3  0.4  0.4   0.0     0   0.4   0.4   0.0   0.0     0     0
0.077   0.811  0.296299  16.000  0.002963  0.005963  0.005037   0.6 -0.4  0.4  0.4   0.0     0   0.4   0.4   0.0   0.0     0     0
0.229   0.717  0.301146  13.000  0.000602  0.007209  0.005722   1.1 -0.3  0.5  0.5   0.0     0   0.4   0.4   0.0   0.0     0     0
0.179   0.692  0.309121  13.000  0.000618  0.007309  0.005873   1.0 -0.4  0.5  0.5   0.0     0   0.4   0.4   0.0   0.0     0     0
0.133   0.655  0.303504  13.000  0.000911  0.006807  0.005463   0.9 -0.4  0.5  0.5   0.0     0   0.4   0.4   0.0   0.0     0     0
0.101   0.617  0.289178  13.000  0.000868  0.006664  0.005205   1.0 -0.5  0.5  0.5   0.0     0   0.4   0.4   0.0   0.0     0     0
0.081   0.581  0.276377  13.000  0.001106  0.006036  0.004698   0.9 -0.5  0.5  0.5   0.0     0   0.4   0.4   0.0   0.0     0     0
0.747  11.769  0.025616  18.001  0.000871  0.000608  0.000435   1.6  0.1  0.3  0.3   0.0     0   0.0   0.0   0.0   0.0     0     0
0.703  11.437  0.036162  18.001  0.000687  0.000683  0.000470   1.3  0.1  0.3  0.3   0.0     0   0.0   0.0   0.0   0.0     0     0
0.647  10.977  0.058184  18.001  0.000640  0.000901  0.000640   1.0  0.1  0.3  0.3   0.0     0   0.0   0.0   0.0   0.0     0     0
0.604  10.594  0.077113  18.001  0.000617  0.001040  0.000771   0.8  0.0  0.3  0.3   0.0     0   0.0   0.0   0.0   0.0     0     0
0.553  10.106  0.103873  18.001  0.001662  0.001342  0.001039   0.7  0.0  0.3  0.3   0.0     0   0.0   0.0   0.0   0.0     0     0
0.498   9.537  0.135821  18.001  0.002309  0.001685  0.001358   0.6  0.0  0.3  0.3   0.0     0   0.0   0.0   0.0   0.0     0     0
0.449   8.989  0.175666  18.001  0.002986  0.002101  0.001757   0.5  0.0  0.3  0.3   0.0     0   0.0   0.0   0.0   0.0     0     0
0.406   8.453  0.204242  18.001  0.003676  0.002442  0.002042   0.5  0.0  0.3  0.3   0.0     0   0.0   0.0   0.0   0.0     0     0
0.368   7.950  0.230038  18.001  0.004141  0.002751  0.002300   0.5  0.0  0.3  0.3   0.0     0   0.0   0.0   0.0   0.0     0     0
0.334   7.465  0.248247  18.001  0.003227  0.002874  0.002482   0.4  0.0  0.3  0.3   0.0     0   0.0   0.0   0.0   0.0     0     0
0.313   7.144  0.260590  18.001  0.005994  0.002902  0.002606   0.4  0.0  0.2  0.2   0.0     0   0.0   0.0   0.0   0.0     0     0
0.784   9.045  0.021217  15.004  0.000297  0.000581  0.000361   2.1  0.1  0.3  0.3   0.0     0   0.0   0.0   0.0   0.0     0     0
0.738   8.817  0.030897  15.004  0.000402  0.000650  0.000402   1.6  0.0  0.3  0.3   0.0     0   0.0   0.0   0.0   0.0     0     0
0.684   8.530  0.048561  15.004  0.000826  0.000817  0.000534   1.2  0.0  0.3  0.3   0.0     0   0.0   0.0   0.0   0.0     0     0
0.628   8.207  0.070776  15.004  0.001486  0.000998  0.000708   0.9  0.0  0.3  0.3   0.0     0   0.0   0.0   0.0   0.0     0     0
0.573   7.857  0.100733  15.004  0.001712  0.001302  0.001007   0.7  0.0  0.3  0.3   0.0     0   0.0   0.0   0.0   0.0     0     0
0.528   7.544  0.123143  15.004  0.001724  0.001431  0.001108   0.6  0.0  0.3  0.3   0.0     0   0.0   0.0   0.0   0.0     0     0
0.476   7.145  0.160222  15.004  0.002564  0.001784  0.001442   0.5  0.0  0.3  0.3   0.0     0   0.0   0.0   0.0   0.0     0     0
0.427   6.737  0.188793  15.004  0.002832  0.002102  0.001699   0.5  0.0  0.3  0.3   0.0     0   0.0   0.0   0.0   0.0     0     0
0.382   6.321  0.215065  15.004  0.003226  0.002395  0.001936   0.5  0.0  0.3  0.3   0.0     0   0.0   0.0   0.0   0.0     0     0
0.352   6.017  0.241284  15.004  0.005791  0.002587  0.002172   0.4  0.0  0.3  0.3   0.0     0   0.0   0.0   0.0   0.0     0     0
0.728   6.551  0.041691  12.497  0.000792  0.000846  0.000542   1.5  0.0  0.3  0.3   0.0     0   0.0   0.0   0.0   0.0     0     0
0.679   6.373  0.055819  12.497  0.000949  0.000900  0.000614   1.1  0.0  0.3  0.3   0.0     0   0.0   0.0   0.0   0.0     0     0
0.625   6.162  0.083349  12.497  0.001584  0.001176  0.000833   0.9  0.0  0.3  0.3   0.0     0   0.0   0.0   0.0   0.0     0     0
0.568   5.911  0.113000  12.497  0.002260  0.001460  0.001130   0.7  0.0  0.3  0.3   0.0     0   0.0   0.0   0.0   0.0     0     0
0.513   5.643  0.141892  12.497  0.002696  0.001649  0.001277   0.6  0.0  0.3  0.3   0.0     0   0.0   0.0   0.0   0.0     0     0
0.460   5.352  0.176265  12.497  0.003349  0.001963  0.001586   0.5  0.0  0.3  0.3   0.0     0   0.0   0.0   0.0   0.0     0     0
0.416   5.084  0.212917  12.497  0.004897  0.002371  0.001916   0.5  0.0  0.3  0.3   0.0     0   0.0   0.0   0.0   0.0     0     0
0.384   4.877  0.227836  12.497  0.022784  0.002537  0.002051   0.5  0.0  0.3  0.3   0.0     0   0.0   0.0   0.0   0.0     0     0
0.644   4.354  0.082805   9.999  0.000994  0.001168  0.000828   0.9  0.0  0.3  0.3   0.0     0   0.0   0.0   0.0   0.0     0     0
0.595   4.228  0.106587   9.999  0.001066  0.001377  0.001066   0.7  0.0  0.3  0.3   0.0     0   0.0   0.0   0.0   0.0     0     0
0.543   4.079  0.136219   9.999  0.001226  0.001583  0.001226   0.6  0.0  0.3  0.3   0.0     0   0.0   0.0   0.0   0.0     0     0
0.505   3.959  0.156173   9.999  0.003748  0.001739  0.001406   0.5  0.0  0.3  0.3   0.0     0   0.0   0.0   0.0   0.0     0     0
0.868  18.643  0.003756  20.001  0.000094  0.000149  0.000086   3.2  0.0  0.3  0.3   0.0     0   0.0   0.0   0.0   0.0     0     0
0.823  18.075  0.007941  20.001  0.000159  0.000223  0.000135   2.2  0.0  0.3  0.3   0.0     0   0.0   0.0   0.0   0.0     0     0
0.770  17.373  0.014863  20.001  0.000312  0.000313  0.000193   1.6  0.0  0.3  0.3   0.0     0   0.0   0.0   0.0   0.0     0     0
0.719  16.668  0.026820  20.001  0.000536  0.000469  0.000322   1.2  0.0  0.3  0.3   0.0     0   0.0   0.0   0.0   0.0     0     0
0.668  15.914  0.042806  20.001  0.000813  0.000632  0.000428   1.0  0.0  0.3  0.3   0.0     0   0.0   0.0   0.0   0.0     0     0
0.616  15.106  0.065051  20.001  0.001171  0.000878  0.000651   0.8  0.0  0.3  0.3   0.0     0   0.0   0.0   0.0   0.0     0     0
0.564  14.243  0.091275  20.001  0.001734  0.001110  0.000821   0.7  0.0  0.3  0.3   0.0     0   0.0   0.0   0.0   0.0     0     0
0.516  13.401  0.117954  20.001  0.002241  0.001370  0.001062   0.6  0.0  0.3  0.3   0.0     0   0.0   0.0   0.0   0.0     0     0
0.471  12.571  0.149756  20.001  0.002995  0.001668  0.001348   0.5  0.0  0.3  0.3   0.0     0   0.0   0.0   0.0   0.0     0     0
0.436  11.896  0.166586  20.001  0.004331  0.001855  0.001499   0.5  0.0  0.3  0.3   0.0     0   0.0   0.0   0.0   0.0     0     0
0.412  11.407  0.215777  20.001  0.021146  0.002403  0.001942   0.5  0.0  0.3  0.3   0.0     0   0.0   0.0   0.0   0.0     0     0
0.855  15.906  0.005472  18.018  0.000120  0.000197  0.000115   2.9  0.0  0.3  0.3   0.0     0   0.0   0.0   0.0   0.0     0     0
0.809  15.420  0.010376  18.018  0.000197  0.000277  0.000166   2.1  0.0  0.3  0.3   0.0     0   0.0   0.0   0.0   0.0     0     0
0.753  14.796  0.020043  18.018  0.000421  0.000407  0.000261   1.5  0.0  0.3  0.3   0.0     0   0.0   0.0   0.0   0.0     0     0
0.702  14.195  0.032970  18.018  0.000626  0.000532  0.000363   1.1  0.0  0.3  0.3   0.0     0   0.0   0.0   0.0   0.0     0     0
0.650  13.553  0.050582  18.018  0.000961  0.000714  0.000506   0.9  0.0  0.3  0.3   0.0     0   0.0   0.0   0.0   0.0     0     0
0.598  12.866  0.072231  18.018  0.001372  0.000974  0.000722   0.8  0.0  0.3  0.3   0.0     0   0.0   0.0   0.0   0.0     0     0
0.547  12.138  0.102804  18.018  0.001850  0.001194  0.000925   0.6  0.0  0.3  0.3   0.0     0   0.0   0.0   0.0   0.0     0     0
0.489  11.268  0.138017  18.018  0.001794  0.001537  0.001242   0.5  0.0  0.3  0.3   0.0     0   0.0   0.0   0.0   0.0     0     0
0.457  10.743  0.159207  18.018  0.001274  0.001773  0.001433   0.5  0.0  0.3  0.3   0.0     0   0.0   0.0   0.0   0.0     0     0
0.432  10.342  0.179358  18.018  0.005560  0.001997  0.001614   0.5  0.0  0.3  0.3   0.0     0   0.0   0.0   0.0   0.0     0     0
0.819  11.884  0.010471  15.004  0.000335  0.000294  0.000178   2.2  0.0  0.3  0.3   0.0     0   0.0   0.0   0.0   0.0     0     0
0.774  11.536  0.018798  15.004  0.000414  0.000410  0.000244   1.7  0.0  0.3  0.3   0.0     0   0.0   0.0   0.0   0.0     0     0
0.723  11.120  0.031694  15.004  0.000697  0.000556  0.000349   1.3  0.0  0.3  0.3   0.0     0   0.0   0.0   0.0   0.0     0     0
0.669  10.653  0.047749  15.004  0.001003  0.000705  0.000477   1.0  0.0  0.3  0.3   0.0     0   0.0   0.0   0.0   0.0     0     0
0.616  10.161  0.071616  15.004  0.001361  0.000966  0.000716   0.8  0.0  0.3  0.3   0.0     0   0.0   0.0   0.0   0.0     0     0
0.566   9.651  0.098294  15.004  0.001769  0.001196  0.000885   0.7  0.0  0.3  0.3   0.0     0   0.0   0.0   0.0   0.0     0     0
0.515   9.106  0.131392  15.004  0.002496  0.001527  0.001183   0.6  0.0  0.3  0.3   0.0     0   0.0   0.0   0.0   0.0     0     0
0.479   8.695  0.143966  15.004  0.007486  0.001603  0.001296   0.5  0.0  0.3  0.3   0.0     0   0.0   0.0   0.0   0.0     0     0
0.778   8.805  0.021943  12.498  0.000439  0.000492  0.000307   1.7  0.0  0.3  0.3   0.0     0   0.0   0.0   0.0   0.0     0     0
0.726   8.510  0.036161  12.498  0.000579  0.000635  0.000398   1.3  0.0  0.3  0.3   0.0     0   0.0   0.0   0.0   0.0     0     0
0.673   8.187  0.054707  12.498  0.000875  0.000808  0.000547   1.0  0.0  0.3  0.3   0.0     0   0.0   0.0   0.0   0.0     0     0
0.621   7.843  0.078252  12.498  0.001174  0.001056  0.000783   0.8  0.0  0.3  0.3   0.0     0   0.0   0.0   0.0   0.0     0     0
0.572   7.501  0.101379  12.498  0.002230  0.001233  0.000912   0.7  0.0  0.3  0.3   0.0     0   0.0   0.0   0.0   0.0     0     0
0.534   7.215  0.131312  12.498  0.008010  0.001526  0.001182   0.6  0.0  0.3  0.3   0.0     0   0.0   0.0   0.0   0.0     0     0
0.876  20.410  0.003038  18.018  0.000109  0.000106  0.000058   2.9  0.0  0.3  0.3   0.0     0   0.0   0.0   0.0   0.0     0     0
0.832  19.700  0.006276  18.018  0.000169  0.000159  0.000094   2.0  0.0  0.3  0.3   0.0     0   0.0   0.0   0.0   0.0     0     0
0.779  18.803  0.013373  18.018  0.000334  0.000263  0.000160   1.5  0.0  0.3  0.3   0.0     0   0.0   0.0   0.0   0.0     0     0
0.732  17.964  0.022446  18.018  0.000606  0.000378  0.000247   1.2  0.0  0.3  0.3   0.0     0   0.0   0.0   0.0   0.0     0     0
0.674  16.911  0.037582  18.018  0.000940  0.000530  0.000376   0.9  0.0  0.3  0.3   0.0     0   0.0   0.0   0.0   0.0     0     0
0.618  15.850  0.061543  18.018  0.001354  0.000786  0.000554   0.8  0.0  0.3  0.3   0.0     0   0.0   0.0   0.0   0.0     0     0
0.566  14.812  0.087770  18.018  0.002194  0.001020  0.000790   0.6  0.0  0.3  0.3   0.0     0   0.0   0.0   0.0   0.0     0     0
0.522  13.908  0.108998  18.018  0.002725  0.001266  0.000981   0.6  0.0  0.3  0.3   0.0     0   0.0   0.0   0.0   0.0     0     0
0.480  13.012  0.142168  18.018  0.003839  0.001589  0.001280   0.5 -0.1  0.3  0.3   0.0     0   0.0   0.0   0.0   0.0     0     0
0.460  12.579  0.149044  18.018  0.008346  0.001666  0.001341   0.5 -0.1  0.3  0.3   0.0     0   0.0   0.0   0.0   0.0     0     0
0.851  15.704  0.005734  15.005  0.000161  0.000167  0.000092   2.4  0.0  0.3  0.3   0.0     0   0.0   0.0   0.0   0.0     0     0
0.802  15.097  0.011625  15.005  0.000232  0.000254  0.000151   1.7  0.0  0.3  0.3   0.0     0   0.0   0.0   0.0   0.0     0     0
0.752  14.450  0.019847  15.005  0.000397  0.000348  0.000218   1.3  0.0  0.3  0.3   0.0     0   0.0   0.0   0.0   0.0     0     0
0.696  13.693  0.035975  15.005  0.000827  0.000531  0.000360   1.0  0.0  0.3  0.3   0.0     0   0.0   0.0   0.0   0.0     0     0
0.641  12.928  0.054872  15.005  0.001152  0.000740  0.000549   0.8  0.0  0.3  0.3   0.0     0   0.0   0.0   0.0   0.0     0     0
0.587  12.127  0.080397  15.005  0.001608  0.000978  0.000724   0.7  0.0  0.3  0.3   0.0     0   0.0   0.0   0.0   0.0     0     0
0.538  11.373  0.108896  15.005  0.002396  0.001270  0.000980   0.6 -0.1  0.3  0.3   0.0     0   0.0   0.0   0.0   0.0     0     0
0.496  10.681  0.139506  15.005  0.004325  0.001560  0.001256   0.5 -0.1  0.3  0.3   0.0     0   0.0   0.0   0.0   0.0     0     0
0.810  11.069  0.012550  11.884  0.000376  0.000284  0.000163   1.8  0.0  0.3  0.3   0.0     0   0.0   0.0   0.0   0.0     0     0
0.769  10.720  0.020813  11.884  0.000645  0.000381  0.000229   1.4  0.0  0.3  0.3   0.0     0   0.0   0.0   0.0   0.0     0     0
0.712  10.203  0.036777  11.884  0.000919  0.000543  0.000368   1.0  0.0  0.3  0.3   0.0     0   0.0   0.0   0.0   0.0     0     0
0.649   9.603  0.057646  11.884  0.001268  0.000736  0.000519   0.8  0.0  0.3  0.3   0.0     0   0.0   0.0   0.0   0.0     0     0
0.590   9.005  0.085297  11.884  0.001962  0.001041  0.000768   0.7 -0.1  0.3  0.3   0.0     0   0.0   0.0   0.0   0.0     0     0
0.534   8.407  0.117333  11.884  0.002816  0.001368  0.001056   0.6 -0.1  0.3  0.3   0.0     0   0.0   0.0   0.0   0.0     0     0
0.735   6.726  0.038120   8.700  0.000648  0.000589  0.000381   1.1  0.0  0.3  0.3   0.0     0   0.0   0.0   0.0   0.0     0     0
0.686   6.467  0.054903   8.700  0.001153  0.000776  0.000549   0.9 -0.1  0.3  0.3   0.0     0   0.0   0.0   0.0   0.0     0     0
0.636   6.189  0.074338   8.700  0.001784  0.000907  0.000669   0.7 -0.1  0.3  0.3   0.0     0   0.0   0.0   0.0   0.0     0     0
0.599   5.970  0.084401   8.700  0.010381  0.001030  0.000760   0.7 -0.1  0.3  0.3   0.0     0   0.0   0.0   0.0   0.0     0     0
0.831  17.948  0.006891  15.004  0.000379  0.000156  0.000090   1.8 -0.1  0.3  0.3   0.0     0   0.0   0.0   0.0   0.0     0     0
0.756  16.666  0.018127  15.004  0.000616  0.000305  0.000199   1.2 -0.1  0.3  0.3   0.0     0   0.0   0.0   0.0   0.0     0     0
0.683  15.384  0.037401  15.004  0.001122  0.000529  0.000374   0.9 -0.1  0.3  0.3   0.0     0   0.0   0.0   0.0   0.0     0     0
0.613  14.102  0.065880  15.004  0.001911  0.000804  0.000593   0.7 -0.1  0.3  0.3   0.0     0   0.0   0.0   0.0   0.0     0     0
0.546  12.820  0.103755  15.004  0.003009  0.001210  0.000934   0.6 -0.1  0.3  0.3   0.0     0   0.0   0.0   0.0   0.0     0     0
0.800  13.883  0.012973  12.499  0.000441  0.000256  0.000156   1.5 -0.1  0.3  0.3   0.0     0   0.0   0.0   0.0   0.0     0     0
0.719  12.815  0.030117  12.499  0.000813  0.000446  0.000301   1.0 -0.1  0.3  0.3   0.0     0   0.0   0.0   0.0   0.0     0     0
0.642  11.747  0.058829  12.499  0.001588  0.000753  0.000529   0.8 -0.1  0.3  0.3   0.0     0   0.0   0.0   0.0   0.0     0     0
0.569  10.679  0.092024  12.499  0.002669  0.001073  0.000828   0.6 -0.1  0.3  0.3   0.0     0   0.0   0.0   0.0   0.0     0     0
0.781  10.252  0.019142   9.999  0.000613  0.000336  0.000211   1.3 -0.1  0.3  0.3   0.0     0   0.0   0.0   0.0   0.0     0     0
0.691   9.398  0.042164   9.999  0.001181  0.000596  0.000422   0.9 -0.1  0.3  0.3   0.0     0   0.0   0.0   0.0   0.0     0     0
0.607   8.543  0.085958   9.999  0.002407  0.001049  0.000774   0.7 -0.1  0.3  0.3   0.0     0   0.0   0.0   0.0   0.0     0     0
0.529   7.689  0.118970   9.999  0.004521  0.001335  0.001071   0.6 -0.1  0.2  0.2   0.0     0   0.0   0.0   0.0   0.0     0     0
0.900  30.314  0.000777  19.505  0.000063  0.000038  0.000016   3.4  0.4  0.3  0.3   0.0     0   0.0   0.0   2.8   0.0     0     0
0.845  28.600  0.003324  19.505  0.000140  0.000146  0.000060   2.8  0.3  0.3  0.3   0.0     0   0.0   0.0   2.8   0.0     0     0
0.785  26.693  0.009239  19.505  0.000277  0.000397  0.000148   2.8  0.2  0.3  0.3   0.0     0   0.0   0.0   2.8   0.0     0     0
0.727  24.851  0.019427  19.505  0.000680  0.000900  0.000311   3.3  0.1  0.3  0.3   0.0     0   0.0   0.0   2.8   0.0     0     0
0.667  22.931  0.037694  19.505  0.001093  0.001932  0.000565   4.0  0.0  0.3  0.3   0.0     0   0.0   0.0   2.8   0.0     0     0
0.619  21.388  0.058326  19.505  0.001866  0.003415  0.000875   4.9 -0.1  0.3  0.3   0.0     0   0.0   0.0   2.8   0.0     0     0
0.584  20.230  0.073582  19.505  0.004562  0.004878  0.001104   5.8 -0.2  0.3  0.3   0.0     0   0.0   0.0   2.8   0.0     0     0
0.885  24.068  0.001860  16.002  0.000093  0.000086  0.000035   3.1  0.3  0.3  0.3   0.0     0   0.0   0.0   2.8   0.0     0     0
0.838  22.899  0.004727  16.002  0.000194  0.000205  0.000080   2.8  0.2  0.3  0.3   0.0     0   0.0   0.0   2.8   0.0     0     0
0.785  21.584  0.010794  16.002  0.000389  0.000471  0.000173   2.9  0.2  0.3  0.3   0.0     0   0.0   0.0   2.8   0.0     0     0
0.726  20.078  0.021082  16.002  0.000738  0.000992  0.000337   3.4  0.1  0.3  0.3   0.0     0   0.0   0.0   2.8   0.0     0     0
0.675  18.773  0.034674  16.002  0.001283  0.001804  0.000520   4.1  0.0  0.3  0.3   0.0     0   0.0   0.0   2.8   0.0     0     0
0.633  17.693  0.053354  16.002  0.002454  0.003080  0.000800   4.8 -0.1  0.3  0.3   0.0     0   0.0   0.0   2.8   0.0     0     0
0.595  16.706  0.083057  16.002  0.012542  0.005434  0.001246   5.7 -0.2  0.3  0.3   0.0     0   0.0   0.0   2.8   0.0     0     0
0.873  19.382  0.003071  13.290  0.000157  0.000125  0.000055   2.3  0.3  0.3  0.3   0.0     0   0.0   0.0   2.8   0.0     0     0
0.826  18.442  0.006579  13.290  0.000263  0.000245  0.000112   1.7  0.2  0.3  0.3   0.0     0   0.0   0.0   2.8   0.0     0     0
0.773  17.384  0.013130  13.290  0.000486  0.000465  0.000210   1.4  0.1  0.3  0.3   0.0     0   0.0   0.0   2.8   0.0     0     0
0.725  16.393  0.022094  13.290  0.000862  0.000782  0.000354   1.4  0.0  0.3  0.3   0.0     0   0.0   0.0   2.8   0.0     0     0
0.674  15.345  0.036872  13.290  0.001807  0.001321  0.000553   1.6  0.0  0.3  0.3   0.0     0   0.0   0.0   2.8   0.0     0     0
0.626  14.348  0.063606  13.290  0.003308  0.002473  0.000954   2.2 -0.1  0.3  0.3   0.0     0   0.0   0.0   2.8   0.0     0     0
0.580  13.376  0.081331  13.290  0.003904  0.003630  0.001220   3.1 -0.2  0.3  0.3   0.0     0   0.0   0.0   2.8   0.0     0     0
0.543  12.569  0.108972  13.290  0.003705  0.006029  0.001635   4.5 -0.3  0.3  0.3   0.0     0   0.0   0.0   2.8   0.0     0     0
0.514  11.945  0.138683  13.290  0.009430  0.009811  0.002080   6.3 -0.3  0.3  0.3   0.0     0   0.0   0.0   2.8   0.0     0     0
0.844  14.288  0.006196  10.400  0.000366  0.000233  0.000105   1.8  0.2  0.3  0.3   0.0     0   0.0   0.0   2.8   0.0     0     0
0.792  13.527  0.013728  10.400  0.000549  0.000481  0.000220   1.3  0.1  0.3  0.3   0.0     0   0.0   0.0   2.8   0.0     0     0
0.736  12.684  0.026008  10.400  0.001040  0.000881  0.000390   1.1  0.0  0.3  0.3   0.0     0   0.0   0.0   2.8   0.0     0     0
0.681  11.839  0.041947  10.400  0.001468  0.001422  0.000629   1.1 -0.1  0.3  0.3   0.0     0   0.0   0.0   2.8   0.0     0     0
0.632  11.076  0.060550  10.400  0.001998  0.002073  0.000908   1.2 -0.1  0.3  0.3   0.0     0   0.0   0.0   2.8   0.0     0     0
0.590  10.410  0.081849  10.400  0.002619  0.002974  0.001228   1.7 -0.2  0.3  0.3   0.0     0   0.0   0.0   2.8   0.0     0     0
0.545   9.682  0.107522  10.400  0.003978  0.004449  0.001613   2.6 -0.3  0.3  0.3   0.0     0   0.0   0.0   2.8   0.0     0     0
0.509   9.094  0.124538  10.400  0.010461  0.006492  0.001868   4.1 -0.3  0.3  0.3   0.0     0   0.0   0.0   2.8   0.0     0     0
0.758   7.587  0.029207   6.500  0.000438  0.000985  0.000438   1.1  0.0  0.2  0.2   0.0     0   0.0   0.0   2.8   0.0     0     0
0.706   7.150  0.045215   6.500  0.000678  0.001512  0.000678   1.0 -0.1  0.2  0.2   0.0     0   0.0   0.0   2.8   0.0     0     0
0.654   6.710  0.066351   6.500  0.000863  0.002203  0.000995   0.9 -0.2  0.2  0.2   0.0     0   0.0   0.0   2.8   0.0     0     0
0.609   6.317  0.088490   6.500  0.001062  0.002990  0.001327   1.1 -0.2  0.2  0.2   0.0     0   0.0   0.0   2.8   0.0     0     0
0.569   5.963  0.116927   6.500  0.002689  0.004042  0.001754   1.3 -0.3  0.2  0.2   0.0     0   0.0   0.0   2.8   0.0     0     0
0.522   5.534  0.131694   6.500  0.006716  0.004905  0.001975   1.9 -0.3  0.2  0.2   0.0     0   0.0   0.0   2.8   0.0     0     0
0.483   5.173  0.169585   6.500  0.008140  0.007229  0.002544   2.8 -0.4  0.2  0.2   0.0     0   0.0   0.0   2.8   0.0     0     0
0.444   4.796  0.220413   6.500  0.013004  0.012028  0.003306   4.4 -0.5  0.2  0.2   0.0     0   0.0   0.0   2.8   0.0     0     0
0.413   4.503  0.249017   6.500  0.015688  0.018744  0.003735   6.8 -0.5  0.2  0.2   0.0     0   0.0   0.0   2.8   0.0     0     0
0.390   4.277  0.196013   6.500  0.046259  0.021158  0.002940  10.3 -0.5  0.2  0.2   0.0     0   0.0   0.0   2.8   0.0     0     0
0.708  23.662  0.025380  19.500  0.001777  0.000929  0.000406   1.6  0.5  0.3  0.3   0.0     0   0.0   0.0   2.8   0.0     0     0
0.658  22.121  0.040662  19.500  0.001342  0.001503  0.000610   1.8  0.4  0.3  0.3   0.0     0   0.0   0.0   2.8   0.0     0     0
0.610  20.616  0.056751  19.500  0.001986  0.002181  0.000851   2.1  0.3  0.3  0.3   0.0     0   0.0   0.0   2.8   0.0     0     0
0.566  19.255  0.078173  19.500  0.002502  0.003181  0.001173   2.5  0.2  0.3  0.3   0.0     0   0.0   0.0   2.8   0.0     0     0
0.523  17.890  0.097611  19.500  0.003514  0.004353  0.001464   3.1  0.1  0.3  0.3   0.0     0   0.0   0.0   2.8   0.0     0     0
0.476  16.364  0.140367  19.500  0.005615  0.007194  0.002105   4.0  0.0  0.3  0.3   0.0     0   0.0   0.0   2.8   0.0     0     0
0.434  15.014  0.160549  19.500  0.010436  0.009672  0.002408   5.1 -0.1  0.3  0.3   0.0     0   0.0   0.0   2.8   0.0     0     0
0.729  19.539  0.018199  16.000  0.001747  0.000666  0.000291   1.6  0.5  0.3  0.3   0.0     0   0.0   0.0   2.8   0.0     0     0
0.676  18.260  0.036080  16.000  0.001588  0.001317  0.000541   1.7  0.4  0.3  0.3   0.0     0   0.0   0.0   2.8   0.0     0     0
0.621  16.913  0.054071  16.000  0.002866  0.002078  0.000811   2.1  0.3  0.3  0.3   0.0     0   0.0   0.0   2.8   0.0     0     0
0.571  15.667  0.077985  16.000  0.003743  0.003222  0.001170   2.6  0.2  0.3  0.3   0.0     0   0.0   0.0   2.8   0.0     0     0
0.523  14.464  0.106452  16.000  0.004471  0.004822  0.001597   3.2  0.1  0.3  0.3   0.0     0   0.0   0.0   2.8   0.0     0     0
0.472  13.136  0.133328  16.000  0.006133  0.007044  0.002000   4.2  0.0  0.3  0.3   0.0     0   0.0   0.0   2.8   0.0     0     0
0.432  12.103  0.160225  16.000  0.011216  0.010200  0.002403   5.5 -0.1  0.3  0.3   0.0     0   0.0   0.0   2.8   0.0     0     0
0.405  11.394  0.171373  16.000  0.015424  0.012424  0.002571   6.5 -0.2  0.3  0.3   0.0     0   0.0   0.0   2.8   0.0     0     0
0.377  10.663  0.118978  16.000  0.050923  0.010260  0.001785   8.0 -0.3  0.3  0.3   0.0     0   0.0   0.0   2.8   0.0     0     0
0.740  16.389  0.021475  13.500  0.002362  0.000745  0.000344   1.1  0.5  0.3  0.3   0.0     0   0.0   0.0   2.8   0.0     0     0
0.692  15.438  0.035209  13.500  0.002394  0.001190  0.000528   1.0  0.4  0.3  0.3   0.0     0   0.0   0.0   2.8   0.0     0     0
0.645  14.517  0.051793  13.500  0.002849  0.001731  0.000777   0.9  0.3  0.3  0.3   0.0     0   0.0   0.0   2.8   0.0     0     0
0.595  13.496  0.066947  13.500  0.003950  0.002232  0.001004   0.9  0.2  0.3  0.3   0.0     0   0.0   0.0   2.8   0.0     0     0
0.548  12.541  0.099708  13.500  0.005584  0.003349  0.001496   1.0  0.1  0.3  0.3   0.0     0   0.0   0.0   2.8   0.0     0     0
0.504  11.619  0.123007  13.500  0.006765  0.004209  0.001845   1.2  0.0  0.3  0.3   0.0     0   0.0   0.0   2.8   0.0     0     0
0.466  10.825  0.144859  13.500  0.006663  0.005257  0.002173   1.7 -0.1  0.3  0.3   0.0     0   0.0   0.0   2.8   0.0     0     0
0.429  10.024  0.167341  13.500  0.011044  0.006914  0.002510   2.6 -0.2  0.3  0.3   0.0     0   0.0   0.0   2.8   0.0     0     0
0.402   9.444  0.163515  13.500  0.018968  0.008011  0.002453   3.7 -0.2  0.3  0.3   0.0     0   0.0   0.0   2.8   0.0     0     0
0.741   7.619  0.036989   7.000  0.005179  0.001241  0.000555   1.0  0.3  0.2  0.2   0.0     0   0.0   0.0   2.8   0.0     0     0
0.695   7.241  0.044173   7.000  0.003357  0.001466  0.000663   0.9  0.2  0.2  0.2   0.0     0   0.0   0.0   2.8   0.0     0     0
0.645   6.819  0.062213   7.000  0.004293  0.002049  0.000933   0.8  0.2  0.2  0.2   0.0     0   0.0   0.0   2.8   0.0     0     0
0.587   6.316  0.095580   7.000  0.005257  0.003122  0.001434   0.7  0.1  0.2  0.2   0.0     0   0.0   0.0   2.8   0.0     0     0
0.541   5.906  0.120321   7.000  0.007099  0.003928  0.001805   0.7  0.0  0.2  0.2   0.0     0   0.0   0.0   2.8   0.0     0     0
0.502   5.545  0.149025   7.000  0.007898  0.004868  0.002235   0.7 -0.1  0.2  0.2   0.0     0   0.0   0.0   2.8   0.0     0     0
0.462   5.168  0.169426   7.000  0.007116  0.005581  0.002541   0.8 -0.2  0.2  0.2   0.0     0   0.0   0.0   2.8   0.0     0     0
0.422   4.784  0.220605   7.000  0.008162  0.007386  0.003309   1.0 -0.2  0.2  0.2   0.0     0   0.0   0.0   2.8   0.0     0     0
0.381   4.374  0.242733   7.000  0.008496  0.008691  0.003641   1.6 -0.3  0.2  0.2   0.0     0   0.0   0.0   2.8   0.0     0     0
0.344   4.003  0.246846   7.000  0.009380  0.010205  0.003703   2.6 -0.4  0.2  0.2   0.0     0   0.0   0.0   2.8   0.0     0     0
0.310   3.645  0.413503   7.000  0.149688  0.024263  0.006203   4.9 -0.5  0.2  0.2   0.0     0   0.0   0.0   2.8   0.0     0     0
0.418   1.680  0.242785  13.500  0.001942  0.004077  0.003399   0.6  0.4  0.3  0.3   0.0     0   0.0   0.0   0.0   0.4     0     0
0.363   1.640  0.276635  13.500  0.003320  0.004979  0.004150   0.7  0.4  0.3  0.3   0.0     0   0.0   0.0   0.0   0.4     0     0
0.324   1.606  0.308207  13.500  0.004007  0.005548  0.004623   0.7  0.4  0.3  0.3   0.0     0   0.0   0.0   0.0   0.4     0     0
0.213   1.457  0.333987  13.500  0.003674  0.006230  0.005344   0.7  0.3  0.3  0.3   0.0     0   0.0   0.0   0.0   0.4     0     0
0.134   1.256  0.339506  13.500  0.004414  0.006627  0.005093   1.1  0.1  0.3  0.3   0.0     0   0.0   0.0   0.0   0.4     0     0
0.082   1.019  0.314998  13.500  0.002835  0.005910  0.004410   1.1 -0.1  0.3  0.3   0.0     0   0.0   0.0   0.0   0.4     0     0
0.063   0.887  0.296041  13.500  0.003552  0.005362  0.003849   1.1 -0.2  0.3  0.3   0.0     0   0.0   0.0   0.0   0.4     0     0
0.517   2.375  0.185294  16.000  0.004076  0.003432  0.002594   0.8  0.7  0.3  0.3   0.0     0   0.0   0.0   0.0   0.4     0     0
0.447   2.320  0.211724  16.000  0.004446  0.003673  0.002752   0.7  0.7  0.3  0.3   0.0     0   0.0   0.0   0.0   0.4     0     0
0.405   2.279  0.247843  16.000  0.003965  0.004307  0.003470   0.6  0.6  0.3  0.3   0.0     0   0.0   0.0   0.0   0.4     0     0
0.344   2.206  0.257129  16.000  0.003600  0.004678  0.003857   0.6  0.6  0.3  0.3   0.0     0   0.0   0.0   0.0   0.4     0     0
0.281   2.105  0.311584  16.000  0.001870  0.005686  0.004674   0.7  0.5  0.3  0.3   0.0     0   0.0   0.0   0.0   0.4     0     0
0.229   1.993  0.329039  16.000  0.004278  0.005923  0.004936   0.7  0.4  0.3  0.3   0.0     0   0.0   0.0   0.0   0.4     0     0
0.187   1.869  0.337837  16.000  0.003041  0.006081  0.005068   0.7  0.4  0.3  0.3   0.0     0   0.0   0.0   0.0   0.4     0     0
0.152   1.736  0.339728  16.000  0.003058  0.006049  0.005096   0.7  0.3  0.3  0.3   0.0     0   0.0   0.0   0.0   0.4     0     0
0.123   1.592  0.337530  16.000  0.002700  0.005443  0.004725   0.6  0.2  0.2  0.2   0.0     0   0.0   0.0   0.0   0.4     0     0
0.078   1.272  0.325840  16.000  0.003910  0.009533  0.004562   2.5 -0.1  0.3  0.3   0.0     0   0.0   0.0   0.0   0.4     0     0
0.598   3.499  0.114867  19.500  0.001378  0.002938  0.002068   1.4  1.0  0.3  0.3   0.0     0   0.0   0.0   0.0   0.4     0     0
0.548   3.450  0.138428  19.500  0.001661  0.003033  0.002076   1.1  1.0  0.3  0.3   0.0     0   0.0   0.0   0.0   0.4     0     0
0.493   3.384  0.177007  19.500  0.002301  0.003513  0.002478   0.8  1.0  0.3  0.3   0.0     0   0.0   0.0   0.0   0.4     0     0
0.440   3.310  0.208631  19.500  0.002086  0.003807  0.002712   0.7  0.9  0.3  0.3   0.0     0   0.0   0.0   0.0   0.4     0     0
0.372   3.189  0.253769  19.500  0.001776  0.004727  0.003553   0.6  0.9  0.3  0.3   0.0     0   0.0   0.0   0.0   0.4     0     0
0.313   3.055  0.283735  19.500  0.001986  0.005472  0.004256   0.7  0.8  0.3  0.3   0.0     0   0.0   0.0   0.0   0.4     0     0
0.255   2.877  0.315147  19.500  0.001891  0.005955  0.004727   0.7  0.7  0.3  0.3   0.0     0   0.0   0.0   0.0   0.4     0     0
0.185   2.576  0.332789  19.500  0.004326  0.005953  0.004992   0.6  0.5  0.3  0.3   0.0     0   0.0   0.0   0.0   0.4     0     0
0.153   2.391  0.348699  19.500  0.005230  0.005856  0.004882   0.6  0.4  0.3  0.3   0.0     0   0.0   0.0   0.0   0.4     0     0
0.127   2.193  0.338000  19.500  0.004732  0.005502  0.004732   0.6  0.3  0.2  0.2   0.0     0   0.0   0.0   0.0   0.4     0     0
0.103   1.983  0.332377  19.500  0.003324  0.005359  0.004653   0.6  0.2  0.2  0.2   0.0     0   0.0   0.0   0.0   0.4     0     0
0.083   1.759  0.321766  19.500  0.003218  0.009208  0.004183   2.5  0.1  0.2  0.2   0.0     0   0.0   0.0   0.0   0.4     0     0
0.066   1.523  0.333290  19.500  0.007666  0.009538  0.004333   2.5 -0.1  0.2  0.2   0.0     0   0.0   0.0   0.0   0.4     0     0
0.770   8.193  0.024311  19.500  0.000219  0.001006  0.000729   2.7  0.7  0.3  0.3   0.0     0   0.0   0.0   0.0   0.4     0     0
0.718   8.025  0.036947  19.500  0.000259  0.001126  0.000813   1.9  0.7  0.3  0.3   0.0     0   0.0   0.0   0.0   0.4     0     0
0.670   7.851  0.055131  19.500  0.000551  0.001347  0.000937   1.5  0.7  0.3  0.3   0.0     0   0.0   0.0   0.0   0.4     0     0
0.610   7.614  0.080790  19.500  0.000727  0.001589  0.001131   1.1  0.6  0.3  0.3   0.0     0   0.0   0.0   0.0   0.4     0     0
0.531   7.245  0.125264  19.500  0.000752  0.002141  0.001628   0.8  0.5  0.3  0.3   0.0     0   0.0   0.0   0.0   0.4     0     0
0.422   6.606  0.192824  19.500  0.001543  0.003079  0.002507   0.6  0.4  0.3  0.3   0.0     0   0.0   0.0   0.0   0.4     0     0
0.350   6.071  0.246757  19.500  0.001727  0.003886  0.003208   0.6  0.3  0.3  0.3   0.0     0   0.0   0.0   0.0   0.4     0     0
0.261   5.223  0.293502  19.500  0.002055  0.008451  0.003816   2.5  0.1  0.3  0.3   0.0     0   0.0   0.0   0.0   0.4     0     0
0.173   4.084  0.327912  19.500  0.002295  0.009384  0.004263   2.5 -0.1  0.2  0.2   0.0     0   0.0   0.0   0.0   0.4     0     0
0.751   7.334  0.031287  13.300  0.000219  0.000861  0.000563   2.0  0.0  0.3  0.3   0.0     0   0.0   0.0   0.0   0.4     0     0
0.704   7.148  0.045616  13.300  0.000319  0.001035  0.000684   1.6  0.0  0.3  0.3   0.0     0   0.0   0.0   0.0   0.4     0     0
0.660   6.960  0.063698  13.300  0.000573  0.001272  0.000828   1.4  0.0  0.3  0.3   0.0     0   0.0   0.0   0.0   0.4     0     0
0.616   6.757  0.082335  13.300  0.000741  0.001588  0.001070   1.3  0.0  0.3  0.3   0.0     0   0.0   0.0   0.0   0.4     0     0
0.536   6.341  0.124796  13.300  0.000998  0.002243  0.001498   1.2 -0.1  0.3  0.3   0.0     0   0.0   0.0   0.0   0.4     0     0
0.426   5.648  0.199482  13.300  0.000997  0.003613  0.002593   1.1 -0.2  0.3  0.3   0.0     0   0.0   0.0   0.0   0.4     0     0
0.353   5.090  0.248901  13.300  0.001493  0.004508  0.003236   1.1 -0.2  0.3  0.3   0.0     0   0.0   0.0   0.0   0.4     0     0
0.263   4.252  0.293273  13.300  0.002933  0.004486  0.003813   0.5 -0.4  0.2  0.2   0.0     0   0.0   0.0   0.0   0.4     0     0
0.174   3.198  0.341752  13.300  0.006152  0.005261  0.004443   0.5 -0.5  0.1  0.1   0.0     0   0.0   0.0   0.0   0.4     0     0
0.802  10.115  0.015468  16.000  0.000186  0.000534  0.000371   2.4  0.2  0.3  0.3   0.0     0   0.0   0.0   0.0   0.4     0     0
0.760   9.883  0.024521  16.000  0.000319  0.000642  0.000441   1.8  0.2  0.3  0.3   0.0     0   0.0   0.0   0.0   0.4     0     0
0.690   9.468  0.044057  16.000  0.000573  0.000972  0.000617   1.6  0.1  0.3  0.3   0.0     0   0.0   0.0   0.0   0.4     0     0
0.607   8.912  0.079092  16.000  0.000791  0.001528  0.001028   1.3  0.1  0.3  0.3   0.0     0   0.0   0.0   0.0   0.4     0     0
0.529   8.314  0.123327  16.000  0.001233  0.002213  0.001480   1.2  0.0  0.3  0.3   0.0     0   0.0   0.0   0.0   0.4     0     0
0.421   7.332  0.195206  16.000  0.001757  0.003519  0.002538   1.1 -0.1  0.3  0.3   0.0     0   0.0   0.0   0.0   0.4     0     0
0.350   6.558  0.249129  16.000  0.002990  0.004512  0.003239   1.1 -0.2  0.3  0.3   0.0     0   0.0   0.0   0.0   0.4     0     0
0.262   5.416  0.296272  16.000  0.003259  0.004464  0.003852   0.5 -0.3  0.2  0.2   0.0     0   0.0   0.0   0.0   0.4     0     0
0.174   4.018  0.316742  16.000  0.004434  0.005422  0.004118   0.9 -0.5  0.1  0.1   0.0     0   0.0   0.0   0.0   0.4     0     0
0.820  13.907  0.009711  19.500  0.000175  0.000356  0.000243   2.6  0.3  0.3  0.3   0.0     0   0.0   0.0   0.0   0.4     0     0
0.787  13.638  0.014978  19.500  0.000225  0.000456  0.000315   2.1  0.3  0.3  0.3   0.0     0   0.0   0.0   0.0   0.4     0     0
0.749  13.318  0.022529  19.500  0.000248  0.000561  0.000383   1.7  0.3  0.3  0.3   0.0     0   0.0   0.0   0.0   0.4     0     0
0.675  12.643  0.044619  19.500  0.000491  0.000867  0.000625   1.2  0.2  0.3  0.3   0.0     0   0.0   0.0   0.0   0.4     0     0
0.596  11.844  0.077806  19.500  0.000934  0.001503  0.001011   1.3  0.1  0.3  0.3   0.0     0   0.0   0.0   0.0   0.4     0     0
0.521  10.978  0.120528  19.500  0.001326  0.002173  0.001567   1.1  0.1  0.3  0.3   0.0     0   0.0   0.0   0.0   0.4     0     0
0.415   9.576  0.194154  19.500  0.001942  0.003500  0.002524   1.1 -0.1  0.3  0.3   0.0     0   0.0   0.0   0.0   0.4     0     0
0.222   6.182  0.307136  19.500  0.003379  0.004698  0.003993   0.5 -0.4  0.2  0.2   0.0     0   0.0   0.0   0.0   0.4     0     0
0.172   5.056  0.325224  19.500  0.004878  0.005624  0.004228   0.9 -0.5  0.2  0.2   0.0     0   0.0   0.0   0.0   0.4     0     0
0.517   2.497  0.165135   6.500  0.000991  0.002553  0.001982   0.6 -0.5  0.3  0.3   0.0     0   0.0   0.0   0.0   0.4     0     0
0.485   2.434  0.182066   6.500  0.002185  0.002958  0.002367   0.6 -0.5  0.3  0.3   0.0     0   0.0   0.0   0.0   0.4     0     0
0.421   2.292  0.227026   6.500  0.002270  0.003618  0.002951   0.6 -0.5  0.2  0.2   0.0     0   0.0   0.0   0.0   0.4     0     0
0.326   2.028  0.277188   6.500  0.001663  0.004321  0.003603   0.5 -0.5  0.2  0.2   0.0     0   0.0   0.0   0.0   0.4     0     0
0.243   1.727  0.311770   6.500  0.002806  0.004969  0.004053   0.5 -0.6  0.2  0.2   0.0     0   0.0   0.0   0.0   0.4     0     0
0.173   1.395  0.294369   6.500  0.003532  0.004756  0.003827   0.5 -0.7  0.1  0.1   0.0     0   0.0   0.0   0.0   0.4     0     0
0.718   6.029  0.044111  10.400  0.000926  0.000976  0.000618   1.6 -0.2  0.3  0.3   0.0     0   0.0   0.0   0.0   0.4     0     0
0.653   5.782  0.068883  10.400  0.002273  0.001336  0.000895   1.3 -0.2  0.3  0.3   0.0     0   0.0   0.0   0.0   0.4     0     0
0.615   5.624  0.089360  10.400  0.002502  0.001626  0.001072   1.2 -0.3  0.3  0.3   0.0     0   0.0   0.0   0.0   0.4     0     0
0.544   5.303  0.126378  10.400  0.002275  0.002218  0.001517   1.1 -0.3  0.3  0.3   0.0     0   0.0   0.0   0.0   0.4     0     0
0.432   4.693  0.200039  10.400  0.003801  0.003194  0.002601   0.6 -0.4  0.3  0.3   0.0     0   0.0   0.0   0.0   0.4     0     0
0.358   4.208  0.256253  10.400  0.003588  0.003920  0.003331   0.5 -0.4  0.2  0.2   0.0     0   0.0   0.0   0.0   0.4     0     0
0.267   3.488  0.295721  10.400  0.003549  0.004610  0.003844   0.5 -0.5  0.2  0.2   0.0     0   0.0   0.0   0.0   0.4     0     0
0.176   2.598  0.315023  10.400  0.005985  0.005493  0.004095   0.9 -0.6  0.1  0.1   0.0     0   0.0   0.0   0.0   0.4     0     0
0.786   9.198  0.018893  13.300  0.000302  0.000547  0.000359   2.1 -0.1  0.3  0.3   0.0     0   0.0   0.0   0.0   0.4     0     0
0.747   8.978  0.028177  13.300  0.000564  0.000681  0.000423   1.8 -0.1  0.3  0.3   0.0     0   0.0   0.0   0.0   0.4     0     0
0.690   8.633  0.045495  13.300  0.000546  0.000942  0.000591   1.5 -0.1  0.3  0.3   0.0     0   0.0   0.0   0.0   0.4     0     0
0.609   8.098  0.080173  13.300  0.001122  0.001502  0.001042   1.2 -0.2  0.3  0.3   0.0     0   0.0   0.0   0.0   0.4     0     0
0.533   7.521  0.122399  13.300  0.001224  0.002131  0.001469   1.1 -0.2  0.3  0.3   0.0     0   0.0   0.0   0.0   0.4     0     0
0.424   6.571  0.194833  13.300  0.002338  0.003555  0.002533   1.1 -0.3  0.3  0.3   0.0     0   0.0   0.0   0.0   0.4     0     0
0.353   5.836  0.244327  13.300  0.003176  0.003737  0.003176   0.5 -0.4  0.2  0.2   0.0     0   0.0   0.0   0.0   0.4     0     0
0.264   4.773  0.293265  13.300  0.004692  0.004572  0.003812   0.5 -0.5  0.2  0.2   0.0     0   0.0   0.0   0.0   0.4     0     0
0.176   3.500  0.319274  13.300  0.006705  0.005567  0.004151   0.9 -0.6  0.1  0.1   0.0     0   0.0   0.0   0.0   0.4     0     0
0.818  12.405  0.010507  16.000  0.000200  0.000348  0.000221   2.5  0.0  0.3  0.3   0.0     0   0.0   0.0   0.0   0.4     0     0
0.763  11.963  0.020828  16.000  0.000250  0.000531  0.000333   1.9  0.0  0.3  0.3   0.0     0   0.0   0.0   0.0   0.4     0     0
0.678  11.236  0.044036  16.000  0.000572  0.000881  0.000572   1.4 -0.1  0.3  0.3   0.0     0   0.0   0.0   0.0   0.4     0     0
0.599  10.475  0.078324  16.000  0.000862  0.001461  0.001018   1.2 -0.1  0.3  0.3   0.0     0   0.0   0.0   0.0   0.4     0     0
0.523   9.656  0.120623  16.000  0.001568  0.002100  0.001447   1.1 -0.2  0.3  0.3   0.0     0   0.0   0.0   0.0   0.4     0     0
0.417   8.349  0.190355  16.000  0.002094  0.003474  0.002475   1.1 -0.3  0.3  0.3   0.0     0   0.0   0.0   0.0   0.4     0     0
0.347   7.355  0.245140  16.000  0.003187  0.003750  0.003187   0.5 -0.4  0.2  0.2   0.0     0   0.0   0.0   0.0   0.4     0     0
0.259   5.941  0.294479  16.000  0.004417  0.004590  0.003828   0.5 -0.5  0.2  0.2   0.0     0   0.0   0.0   0.0   0.4     0     0
0.172   4.290  0.305730  16.000  0.006420  0.005107  0.003669   0.9 -0.6  0.1  0.1   0.0     0   0.0   0.0   0.0   0.4     0     0
0.860  17.049  0.004473  19.500  0.000210  0.000196  0.000125   3.3  0.2  0.3  0.3   0.0     0   0.0   0.0   0.0   0.4     0     0
0.807  16.463  0.010279  19.500  0.000257  0.000313  0.000195   2.3  0.1  0.3  0.3   0.0     0   0.0   0.0   0.0   0.4     0     0
0.742  15.706  0.022113  19.500  0.000486  0.000518  0.000332   1.7  0.1  0.3  0.3   0.0     0   0.0   0.0   0.0   0.4     0     0
0.670  14.778  0.043196  19.500  0.000778  0.000863  0.000562   1.4  0.0  0.3  0.3   0.0     0   0.0   0.0   0.0   0.4     0     0
0.592  13.694  0.075616  19.500  0.001134  0.001411  0.000983   1.2 -0.1  0.3  0.3   0.0     0   0.0   0.0   0.0   0.4     0     0
0.517  12.547  0.119851  19.500  0.001798  0.002161  0.001558   1.1 -0.1  0.3  0.3   0.0     0   0.0   0.0   0.0   0.4     0     0
0.413  10.743  0.196542  19.500  0.003538  0.003560  0.002555   1.1 -0.2  0.3  0.3   0.0     0   0.0   0.0   0.0   0.4     0     0
0.343   9.391  0.233732  19.500  0.003740  0.003598  0.003039   0.5 -0.3  0.3  0.3   0.0     0   0.0   0.0   0.0   0.4     0     0
0.257   7.502  0.287480  19.500  0.005462  0.004398  0.003737   0.5 -0.4  0.2  0.2   0.0     0   0.0   0.0   0.0   0.4     0     0
0.171   5.350  0.316386  19.500  0.006644  0.005341  0.003797   0.9 -0.6  0.2  0.2   0.0     0   0.0   0.0   0.0   0.4     0     0
0.866  19.180  0.003435  19.500  0.000134  0.000141  0.000086   3.2  0.0  0.3  0.3   0.0     0   0.0   0.0   0.0   0.4     0     0
0.809  18.400  0.008656  19.500  0.000182  0.000246  0.000147   2.2  0.0  0.3  0.3   0.0     0   0.0   0.0   0.0   0.4     0     0
0.740  17.398  0.020565  19.500  0.000432  0.000454  0.000288   1.6 -0.1  0.3  0.3   0.0     0   0.0   0.0   0.0   0.4     0     0
0.668  16.264  0.041054  19.500  0.000780  0.000821  0.000534   1.4 -0.1  0.3  0.3   0.0     0   0.0   0.0   0.0   0.4     0     0
0.591  14.965  0.073253  19.500  0.001245  0.001372  0.000952   1.2 -0.2  0.3  0.3   0.0     0   0.0   0.0   0.0   0.4     0     0
0.516  13.606  0.120153  19.500  0.001802  0.002193  0.001562   1.1 -0.3  0.3  0.3   0.0     0   0.0   0.0   0.0   0.4     0     0
0.412  11.516  0.185010  19.500  0.002405  0.002954  0.002405   0.6 -0.4  0.3  0.3   0.0     0   0.0   0.0   0.0   0.4     0     0
0.343   9.980  0.233267  19.500  0.003032  0.003644  0.003032   0.5 -0.4  0.3  0.3   0.0     0   0.0   0.0   0.0   0.4     0     0
0.257   7.880  0.281576  19.500  0.003942  0.004157  0.003379   0.5 -0.5  0.2  0.2   0.0     0   0.0   0.0   0.0   0.4     0     0
0.171   5.548  0.287465  19.500  0.007762  0.004962  0.003450   0.9 -0.7  0.2  0.2   0.0     0   0.0   0.0   0.0   0.4     0     0