slac_reb,F2,d target
converted from 10013.xlsx
*
 0.0170  0
x     Q2      F2  Ebeam    stat  sys_tot  dummy  dummy
0.07   0.59  0.2567    0.0  0.0062   0.0039    0.0    0.0
0.07   0.81  0.2922    0.0  0.0056   0.0035    0.0    0.0
0.07   0.90  0.2981    0.0  0.0036   0.0039    0.0    0.0
0.07   1.12  0.3086    0.0  0.0040   0.0040    0.0    0.0
0.07   1.27  0.3200    0.0  0.0051   0.0048    0.0    0.0
0.07   1.52  0.3288    0.0  0.0079   0.0092    0.0    0.0
0.07   1.66  0.3333    0.0  0.0083   0.0043    0.0    0.0
0.07   2.01  0.3403    0.0  0.0112   0.0082    0.0    0.0
0.10   0.58  0.2678    0.0  0.0048   0.0038    0.0    0.0
0.10   0.62  0.2734    0.0  0.0052   0.0038    0.0    0.0
0.10   0.66  0.2760    0.0  0.0030   0.0033    0.0    0.0
0.10   0.74  0.2839    0.0  0.0071   0.0037    0.0    0.0
0.10   0.87  0.2917    0.0  0.0055   0.0035    0.0    0.0
0.10   1.00  0.3058    0.0  0.0031   0.0040    0.0    0.0
0.10   1.08  0.3046    0.0  0.0055   0.0031    0.0    0.0
0.10   1.18  0.3098    0.0  0.0047   0.0028    0.0    0.0
0.10   1.29  0.3149    0.0  0.0057   0.0032    0.0    0.0
0.10   1.42  0.3196    0.0  0.0058   0.0032    0.0    0.0
0.10   1.54  0.3138    0.0  0.0066   0.0066    0.0    0.0
0.10   1.66  0.3094    0.0  0.0096   0.0090    0.0    0.0
0.10   1.82  0.3243    0.0  0.0039   0.0039    0.0    0.0
0.10   1.99  0.3266    0.0  0.0026   0.0043    0.0    0.0
0.10   2.14  0.3329    0.0  0.0077   0.0073    0.0    0.0
0.10   2.37  0.3249    0.0  0.0046   0.0072    0.0    0.0
0.10   2.94  0.3346    0.0  0.0067   0.0097    0.0    0.0
0.10   3.34  0.3452    0.0  0.0124   0.0124    0.0    0.0
0.14   0.66  0.2797    0.0  0.0053   0.0036    0.0    0.0
0.14   0.78  0.2898    0.0  0.0032   0.0026    0.0    0.0
0.14   0.93  0.3012    0.0  0.0042   0.0033    0.0    0.0
0.14   1.14  0.3029    0.0  0.0049   0.0030    0.0    0.0
0.14   1.29  0.3056    0.0  0.0031   0.0025    0.0    0.0
0.14   1.37  0.3162    0.0  0.0054   0.0032    0.0    0.0
0.14   1.60  0.3141    0.0  0.0035   0.0022    0.0    0.0
0.14   1.74  0.3161    0.0  0.0044   0.0022    0.0    0.0
0.14   2.01  0.3196    0.0  0.0035   0.0038    0.0    0.0
0.14   2.19  0.3134    0.0  0.0038   0.0028    0.0    0.0
0.14   2.37  0.3202    0.0  0.0032   0.0032    0.0    0.0
0.14   2.58  0.3165    0.0  0.0044   0.0070    0.0    0.0
0.14   2.80  0.3283    0.0  0.0056   0.0072    0.0    0.0
0.14   3.00  0.3222    0.0  0.0055   0.0081    0.0    0.0
0.14   3.31  0.3332    0.0  0.0060   0.0063    0.0    0.0
0.14   3.77  0.3201    0.0  0.0064   0.0070    0.0    0.0
0.14   4.18  0.3113    0.0  0.0087   0.0084    0.0    0.0
0.14   5.00  0.3272    0.0  0.0023   0.0069    0.0    0.0
0.20   0.69  0.2841    0.0  0.0054   0.0040    0.0    0.0
0.20   0.82  0.2842    0.0  0.0063   0.0031    0.0    0.0
0.20   0.89  0.2908    0.0  0.0035   0.0026    0.0    0.0
0.20   1.00  0.2938    0.0  0.0053   0.0035    0.0    0.0
0.20   1.10  0.2980    0.0  0.0051   0.0045    0.0    0.0
0.20   1.24  0.3020    0.0  0.0054   0.0033    0.0    0.0
0.20   1.41  0.2958    0.0  0.0030   0.0024    0.0    0.0
0.20   1.50  0.3044    0.0  0.0055   0.0030    0.0    0.0
0.20   1.87  0.3070    0.0  0.0034   0.0022    0.0    0.0
0.20   2.57  0.3067    0.0  0.0028   0.0034    0.0    0.0
0.20   2.74  0.3066    0.0  0.0049   0.0052    0.0    0.0
0.20   3.01  0.3127    0.0  0.0084   0.0044    0.0    0.0
0.20   3.25  0.3125    0.0  0.0038   0.0063    0.0    0.0
0.20   3.54  0.3074    0.0  0.0037   0.0062    0.0    0.0
0.20   4.17  0.3133    0.0  0.0038   0.0060    0.0    0.0
0.20   4.59  0.3016    0.0  0.0069   0.0069    0.0    0.0
0.20   5.20  0.3041    0.0  0.0043   0.0064    0.0    0.0
0.23   0.72  0.2761    0.0  0.0053   0.0041    0.0    0.0
0.23   0.87  0.2760    0.0  0.0061   0.0030    0.0    0.0
0.23   1.00  0.2840    0.0  0.0011   0.0017    0.0    0.0
0.23   1.29  0.2874    0.0  0.0035   0.0026    0.0    0.0
0.23   1.50  0.2899    0.0  0.0009   0.0015    0.0    0.0
0.23   1.73  0.2898    0.0  0.0029   0.0020    0.0    0.0
0.23   2.01  0.2913    0.0  0.0023   0.0018    0.0    0.0
0.23   2.22  0.2863    0.0  0.0063   0.0043    0.0    0.0
0.23   2.50  0.2918    0.0  0.0015   0.0029    0.0    0.0
0.23   2.82  0.2863    0.0  0.0034   0.0023    0.0    0.0
0.23   3.00  0.2880    0.0  0.0035   0.0046    0.0    0.0
0.23   3.29  0.2883    0.0  0.0040   0.0032    0.0    0.0
0.23   3.62  0.2806    0.0  0.0059   0.0051    0.0    0.0
0.23   4.01  0.2822    0.0  0.0028   0.0042    0.0    0.0
0.23   4.46  0.2858    0.0  0.0043   0.0037    0.0    0.0
0.23   5.00  0.2820    0.0  0.0011   0.0040    0.0    0.0
0.23   5.33  0.2859    0.0  0.0080   0.0069    0.0    0.0
0.23   5.72  0.2796    0.0  0.0048   0.0050    0.0    0.0
0.23   6.09  0.2761    0.0  0.0083   0.0064    0.0    0.0
0.23   7.31  0.2703    0.0  0.0154   0.0065    0.0    0.0
0.28   0.90  0.2617    0.0  0.0063   0.0029    0.0    0.0
0.28   1.07  0.2648    0.0  0.0019   0.0019    0.0    0.0
0.28   1.35  0.2677    0.0  0.0048   0.0029    0.0    0.0
0.28   1.46  0.2685    0.0  0.0048   0.0030    0.0    0.0
0.28   1.60  0.2659    0.0  0.0037   0.0021    0.0    0.0
0.28   1.92  0.2637    0.0  0.0029   0.0021    0.0    0.0
0.28   2.11  0.2658    0.0  0.0037   0.0021    0.0    0.0
0.28   2.35  0.2635    0.0  0.0040   0.0026    0.0    0.0
0.28   2.53  0.2646    0.0  0.0037   0.0034    0.0    0.0
0.28   3.09  0.2622    0.0  0.0066   0.0024    0.0    0.0
0.28   3.32  0.2696    0.0  0.0073   0.0043    0.0    0.0
0.28   3.53  0.2548    0.0  0.0023   0.0028    0.0    0.0
0.28   4.30  0.2566    0.0  0.0036   0.0026    0.0    0.0
0.28   4.76  0.2568    0.0  0.0026   0.0033    0.0    0.0
0.28   5.29  0.2513    0.0  0.0023   0.0033    0.0    0.0
0.28   6.07  0.2553    0.0  0.0036   0.0041    0.0    0.0
0.28   6.75  0.2494    0.0  0.0042   0.0045    0.0    0.0
0.28   7.50  0.2506    0.0  0.0055   0.0050    0.0    0.0
0.28   8.22  0.2451    0.0  0.0081   0.0059    0.0    0.0
0.35   1.14  0.2345    0.0  0.0021   0.0014    0.0    0.0
0.35   1.39  0.2333    0.0  0.0030   0.0023    0.0    0.0
0.35   1.50  0.2309    0.0  0.0009   0.0014    0.0    0.0
0.35   1.66  0.2311    0.0  0.0016   0.0012    0.0    0.0
0.35   1.83  0.2262    0.0  0.0039   0.0023    0.0    0.0
0.35   2.01  0.2240    0.0  0.0020   0.0011    0.0    0.0
0.35   2.18  0.2246    0.0  0.0018   0.0011    0.0    0.0
0.35   2.50  0.2219    0.0  0.0009   0.0011    0.0    0.0
0.35   2.79  0.2139    0.0  0.0034   0.0026    0.0    0.0
0.35   3.08  0.2170    0.0  0.0017   0.0017    0.0    0.0
0.35   3.36  0.2141    0.0  0.0054   0.0019    0.0    0.0
0.35   3.74  0.2102    0.0  0.0021   0.0019    0.0    0.0
0.35   4.16  0.2125    0.0  0.0015   0.0019    0.0    0.0
0.35   5.01  0.2081    0.0  0.0006   0.0019    0.0    0.0
0.35   5.84  0.2064    0.0  0.0017   0.0025    0.0    0.0
0.35   6.41  0.2016    0.0  0.0016   0.0022    0.0    0.0
0.35   7.37  0.1991    0.0  0.0016   0.0032    0.0    0.0
0.35   8.13  0.1960    0.0  0.0022   0.0031    0.0    0.0
0.35   9.31  0.1908    0.0  0.0031   0.0036    0.0    0.0
0.35  10.01  0.1942    0.0  0.0023   0.0033    0.0    0.0
0.35  10.96  0.1899    0.0  0.0046   0.0046    0.0    0.0
0.45   1.70  0.1817    0.0  0.0018   0.0011    0.0    0.0
0.45   1.87  0.1685    0.0  0.0047   0.0019    0.0    0.0
0.45   2.00  0.1751    0.0  0.0018   0.0012    0.0    0.0
0.45   2.29  0.1687    0.0  0.0012   0.0008    0.0    0.0
0.45   2.44  0.1642    0.0  0.0015   0.0013    0.0    0.0
0.45   2.65  0.1622    0.0  0.0023   0.0015    0.0    0.0
0.45   3.36  0.1576    0.0  0.0013   0.0013    0.0    0.0
0.45   3.80  0.1567    0.0  0.0038   0.0014    0.0    0.0
0.45   4.59  0.1498    0.0  0.0015   0.0014    0.0    0.0
0.45   4.97  0.1467    0.0  0.0010   0.0013    0.0    0.0
0.45   5.30  0.1451    0.0  0.0015   0.0015    0.0    0.0
0.45   5.68  0.1428    0.0  0.0013   0.0011    0.0    0.0
0.45   6.07  0.1461    0.0  0.0028   0.0020    0.0    0.0
0.45   6.51  0.1413    0.0  0.0014   0.0016    0.0    0.0
0.45   7.11  0.1393    0.0  0.0008   0.0014    0.0    0.0
0.45   7.84  0.1395    0.0  0.0027   0.0024    0.0    0.0
0.45   8.43  0.1338    0.0  0.0012   0.0017    0.0    0.0
0.45   9.05  0.1346    0.0  0.0014   0.0020    0.0    0.0
0.45   9.83  0.1310    0.0  0.0009   0.0017    0.0    0.0
0.45  10.69  0.1292    0.0  0.0010   0.0023    0.0    0.0
0.45  11.61  0.1292    0.0  0.0014   0.0026    0.0    0.0
0.45  12.75  0.1264    0.0  0.0015   0.0028    0.0    0.0
0.45  15.02  0.1326    0.0  0.0094   0.0090    0.0    0.0
0.45  16.39  0.1359    0.0  0.0063   0.0082    0.0    0.0
0.55   2.49  0.1190    0.0  0.0005   0.0007    0.0    0.0
0.55   2.77  0.1157    0.0  0.0016   0.0010    0.0    0.0
0.55   3.47  0.1054    0.0  0.0012   0.0013    0.0    0.0
0.55   3.74  0.1027    0.0  0.0021   0.0010    0.0    0.0
0.55   4.07  0.1007    0.0  0.0008   0.0008    0.0    0.0
0.55   4.99  0.0936    0.0  0.0004   0.0007    0.0    0.0
0.55   5.33  0.0926    0.0  0.0015   0.0010    0.0    0.0
0.55   5.77  0.0914    0.0  0.0009   0.0010    0.0    0.0
0.55   6.25  0.0887    0.0  0.0009   0.0008    0.0    0.0
0.55   7.50  0.0849    0.0  0.0004   0.0008    0.0    0.0
0.55   8.38  0.0818    0.0  0.0008   0.0011    0.0    0.0
0.55   9.02  0.0841    0.0  0.0014   0.0014    0.0    0.0
0.55   9.91  0.0785    0.0  0.0004   0.0009    0.0    0.0
0.55  10.72  0.0776    0.0  0.0006   0.0012    0.0    0.0
0.55  11.86  0.0762    0.0  0.0006   0.0013    0.0    0.0
0.55  12.88  0.0737    0.0  0.0007   0.0014    0.0    0.0
0.55  14.12  0.0721    0.0  0.0006   0.0015    0.0    0.0
0.55  15.55  0.0705    0.0  0.0018   0.0020    0.0    0.0
0.55  16.71  0.0643    0.0  0.0071   0.0048    0.0    0.0
0.55  17.89  0.0718    0.0  0.0027   0.0040    0.0    0.0
0.55  19.51  0.0689    0.0  0.0021   0.0035    0.0    0.0
0.65   4.15  0.0620    0.0  0.0015   0.0009    0.0    0.0
0.65   4.41  0.0598    0.0  0.0007   0.0006    0.0    0.0
0.65   5.01  0.0558    0.0  0.0005   0.0004    0.0    0.0
0.65   5.72  0.0528    0.0  0.0007   0.0006    0.0    0.0
0.65   6.27  0.0502    0.0  0.0005   0.0005    0.0    0.0
0.65   6.78  0.0494    0.0  0.0004   0.0006    0.0    0.0
0.65   7.98  0.0449    0.0  0.0004   0.0005    0.0    0.0
0.65   8.61  0.0435    0.0  0.0004   0.0004    0.0    0.0
0.65   9.75  0.0419    0.0  0.0003   0.0005    0.0    0.0
0.65  10.60  0.0407    0.0  0.0003   0.0005    0.0    0.0
0.65  11.53  0.0387    0.0  0.0004   0.0007    0.0    0.0
0.65  13.17  0.0379    0.0  0.0003   0.0006    0.0    0.0
0.65  14.20  0.0380    0.0  0.0007   0.0011    0.0    0.0
0.65  15.24  0.0353    0.0  0.0003   0.0006    0.0    0.0
0.65  16.89  0.0341    0.0  0.0006   0.0009    0.0    0.0
0.65  18.28  0.0328    0.0  0.0009   0.0016    0.0    0.0
0.65  20.63  0.0344    0.0  0.0011   0.0018    0.0    0.0
0.65  22.21  0.0323    0.0  0.0007   0.0016    0.0    0.0
0.75   5.00  0.0292    0.0  0.0002   0.0006    0.0    0.0
0.75   6.06  0.0264    0.0  0.0005   0.0004    0.0    0.0
0.75   6.66  0.0243    0.0  0.0003   0.0003    0.0    0.0
0.75   7.30  0.0225    0.0  0.0003   0.0003    0.0    0.0
0.75   7.96  0.0216    0.0  0.0006   0.0005    0.0    0.0
0.75   8.90  0.0201    0.0  0.0002   0.0003    0.0    0.0
0.75  10.19  0.0185    0.0  0.0002   0.0002    0.0    0.0
0.75  11.57  0.0169    0.0  0.0002   0.0002    0.0    0.0
0.75  13.07  0.0161    0.0  0.0002   0.0003    0.0    0.0
0.75  14.47  0.0149    0.0  0.0002   0.0003    0.0    0.0
0.75  15.71  0.0146    0.0  0.0004   0.0003    0.0    0.0
0.75  16.96  0.0138    0.0  0.0002   0.0003    0.0    0.0
0.75  18.42  0.0138    0.0  0.0002   0.0004    0.0    0.0
0.75  19.94  0.0133    0.0  0.0004   0.0007    0.0    0.0
0.75  21.56  0.0117    0.0  0.0004   0.0007    0.0    0.0
0.75  24.37  0.0114    0.0  0.0004   0.0006    0.0    0.0
0.75  26.73  0.0112    0.0  0.0003   0.0007    0.0    0.0
0.85  10.03  0.0065    0.0  0.0001   0.0003    0.0    0.0
0.85  11.08  0.0057    0.0  0.0002   0.0003    0.0    0.0
0.85  12.18  0.0053    0.0  0.0001   0.0002    0.0    0.0
0.85  13.95  0.0049    0.0  0.0001   0.0002    0.0    0.0
0.85  15.45  0.0047    0.0  0.0001   0.0001    0.0    0.0
0.85  16.64  0.0041    0.0  0.0001   0.0001    0.0    0.0
0.85  18.46  0.0040    0.0  0.0001   0.0001    0.0    0.0
0.85  19.99  0.0040    0.0  0.0001   0.0002    0.0    0.0
0.85  23.40  0.0032    0.0  0.0001   0.0003    0.0    0.0
0.85  29.09  0.0028    0.0  0.0001   0.0002    0.0    0.0