bcdms,r,p target
converted from 10069.xlsx
*
 0.0000  0
x  Q2     F2  Ebeam   stat  sys_tot  dummy  dummy
0.070  15  0.167    0.0  0.134    0.074    0.0    0.0
0.100  20  0.122    0.0  0.078    0.062    0.0    0.0
0.140  20  0.163    0.0  0.055    0.040    0.0    0.0
0.180  25  0.121    0.0  0.051    0.031    0.0    0.0
0.225  30  0.046    0.0  0.032    0.028    0.0    0.0
0.275  35  0.025    0.0  0.027    0.022    0.0    0.0
0.350  40  0.023    0.0  0.025    0.022    0.0    0.0
0.450  45 -0.011    0.0  0.035    0.027    0.0    0.0
0.550  50  0.005    0.0  0.056    0.039    0.0    0.0
0.650  50 -0.057    0.0  0.092    0.071    0.0    0.0