bcdms,r,d target
converted from 10070.xlsx
*
 0.0000  0
x  Q2     F2  Ebeam   stat  sys_tot  dummy  dummy
0.100  20  0.190    0.0  0.120    0.072    0.0    0.0
0.140  25  0.114    0.0  0.076    0.046    0.0    0.0
0.180  35  0.160    0.0  0.077    0.038    0.0    0.0
0.225  45  0.222    0.0  0.069    0.041    0.0    0.0
0.275  50  0.061    0.0  0.049    0.036    0.0    0.0
0.350  65  0.077    0.0  0.042    0.034    0.0    0.0
0.450  75  0.060    0.0  0.062    0.036    0.0    0.0
0.550  85  0.165    0.0  0.120    0.056    0.0    0.0
0.650  85  0.043    0.0  0.181    0.107    0.0    0.0