bcdms,sig_r,d target
converted from 10019.xlsx
*
 0.0300  0
x      Q2       F2  Ebeam     stat  sys_tot  dummy  dummy
0.070    8.75  0.36575    120  0.00643  0.00679    0.0    0.0
0.070   10.25  0.36092    120  0.00606  0.00721    0.0    0.0
0.100   10.25  0.35360    120  0.00437  0.00461    0.0    0.0
0.100   11.75  0.35702    120  0.00463  0.00476    0.0    0.0
0.100   13.25  0.34834    120  0.00489  0.00428    0.0    0.0
0.140   11.75  0.33013    120  0.00504  0.00381    0.0    0.0
0.140   13.25  0.34016    120  0.00544  0.00397    0.0    0.0
0.140   15.00  0.33475    120  0.00498  0.00386    0.0    0.0
0.140   17.00  0.33123    120  0.00554  0.00364    0.0    0.0
0.140   19.00  0.33780    120  0.00632  0.00355    0.0    0.0
0.180   11.75  0.31451    120  0.00599  0.00369    0.0    0.0
0.180   13.25  0.31298    120  0.00605  0.00355    0.0    0.0
0.180   15.00  0.30061    120  0.00544  0.00334    0.0    0.0
0.180   17.00  0.30601    120  0.00612  0.00343    0.0    0.0
0.180   19.00  0.30947    120  0.00668  0.00348    0.0    0.0
0.180   21.50  0.29547    120  0.00591  0.00315    0.0    0.0
0.180   24.50  0.29306    120  0.00719  0.00307    0.0    0.0
0.225   11.75  0.27761    120  0.00562  0.00320    0.0    0.0
0.225   13.25  0.28678    120  0.00594  0.00331    0.0    0.0
0.225   15.00  0.27833    120  0.00535  0.00307    0.0    0.0
0.225   17.00  0.27099    120  0.00560  0.00293    0.0    0.0
0.225   19.00  0.27198    120  0.00615  0.00300    0.0    0.0
0.225   21.50  0.26953    120  0.00556  0.00303    0.0    0.0
0.225   24.50  0.26596    120  0.00621  0.00279    0.0    0.0
0.225   28.00  0.25886    120  0.00557  0.00109    0.0    0.0
0.225   32.50  0.25756    120  0.00547  0.00094    0.0    0.0
0.275   13.25  0.25851    120  0.00631  0.00291    0.0    0.0
0.275   15.00  0.24795    120  0.00543  0.00319    0.0    0.0
0.275   17.00  0.23909    120  0.00569  0.00262    0.0    0.0
0.275   19.00  0.23758    120  0.00624  0.00282    0.0    0.0
0.275   21.50  0.23279    120  0.00551  0.00242    0.0    0.0
0.275   24.50  0.23450    120  0.00436  0.00137    0.0    0.0
0.275   28.00  0.23381    120  0.00411  0.00128    0.0    0.0
0.275   32.50  0.22833    120  0.00431  0.00088    0.0    0.0
0.275   37.50  0.21961    120  0.00566  0.00113    0.0    0.0
0.275   43.00  0.21705    120  0.00578  0.00166    0.0    0.0
0.350   13.25  0.18290    120  0.00423  0.00236    0.0    0.0
0.350   15.00  0.18873    120  0.00387  0.00241    0.0    0.0
0.350   17.00  0.17893    120  0.00398  0.00191    0.0    0.0
0.350   19.00  0.17382    120  0.00416  0.00197    0.0    0.0
0.350   21.50  0.18531    120  0.00393  0.00204    0.0    0.0
0.350   24.50  0.17836    120  0.00288  0.00132    0.0    0.0
0.350   28.00  0.17729    120  0.00268  0.00109    0.0    0.0
0.350   32.50  0.17661    120  0.00275  0.00083    0.0    0.0
0.350   37.50  0.17234    120  0.00372  0.00048    0.0    0.0
0.350   43.00  0.16928    120  0.00364  0.00097    0.0    0.0
0.350   49.50  0.16545    120  0.00377  0.00050    0.0    0.0
0.350   57.00  0.16205    120  0.00431  0.00094    0.0    0.0
0.450   13.25  0.12068    120  0.00403  0.00236    0.0    0.0
0.450   15.00  0.11853    120  0.00364  0.00218    0.0    0.0
0.450   17.00  0.12108    120  0.00388  0.00204    0.0    0.0
0.450   19.00  0.11283    120  0.00402  0.00194    0.0    0.0
0.450   21.50  0.11759    120  0.00367  0.00171    0.0    0.0
0.450   24.50  0.10949    120  0.00246  0.00111    0.0    0.0
0.450   28.00  0.10915    120  0.00231  0.00104    0.0    0.0
0.450   32.50  0.10904    120  0.00230  0.00083    0.0    0.0
0.450   37.50  0.10842    120  0.00266  0.00080    0.0    0.0
0.450   43.00  0.10518    120  0.00303  0.00083    0.0    0.0
0.450   49.50  0.09777    120  0.00303  0.00064    0.0    0.0
0.450   57.00  0.10295    120  0.00333  0.00099    0.0    0.0
0.450   65.50  0.09701    120  0.00350  0.00055    0.0    0.0
0.450   75.00  0.09586    120  0.00414  0.00043    0.0    0.0
0.550   15.00  0.05869    120  0.00241  0.00268    0.0    0.0
0.550   17.00  0.05714    120  0.00256  0.00229    0.0    0.0
0.550   19.00  0.06287    120  0.00303  0.00206    0.0    0.0
0.550   21.50  0.05920    120  0.00264  0.00177    0.0    0.0
0.550   24.50  0.05595    120  0.00280  0.00147    0.0    0.0
0.550   28.00  0.05904    120  0.00172  0.00130    0.0    0.0
0.550   32.50  0.05668    120  0.00171  0.00100    0.0    0.0
0.550   37.50  0.05511    120  0.00194  0.00085    0.0    0.0
0.550   43.00  0.05589    120  0.00234  0.00080    0.0    0.0
0.550   49.50  0.05493    120  0.00241  0.00066    0.0    0.0
0.550   57.00  0.04965    120  0.00240  0.00050    0.0    0.0
0.550   65.50  0.05175    120  0.00270  0.00047    0.0    0.0
0.550   75.00  0.04983    120  0.00286  0.00040    0.0    0.0
0.550   86.00  0.04681    120  0.00298  0.00038    0.0    0.0
0.650   17.00  0.02807    120  0.00152  0.00320    0.0    0.0
0.650   19.00  0.02869    120  0.00176  0.00284    0.0    0.0
0.650   21.50  0.02673    120  0.00151  0.00241    0.0    0.0
0.650   24.50  0.02861    120  0.00183  0.00220    0.0    0.0
0.650   28.00  0.02370    120  0.00159  0.00154    0.0    0.0
0.650   32.50  0.02460    120  0.00100  0.00126    0.0    0.0
0.650   37.50  0.02521    120  0.00119  0.00106    0.0    0.0
0.650   43.00  0.02659    120  0.00152  0.00095    0.0    0.0
0.650   49.50  0.02449    120  0.00157  0.00074    0.0    0.0
0.650   57.00  0.02296    120  0.00163  0.00057    0.0    0.0
0.650   65.50  0.02062    120  0.00168  0.00045    0.0    0.0
0.650   75.00  0.02491    120  0.00211  0.00047    0.0    0.0
0.650   86.00  0.01926    120  0.00194  0.00035    0.0    0.0
0.650   99.00  0.02329    120  0.00234  0.00035    0.0    0.0
0.750   32.50  0.00867    120  0.00054  0.00107    0.0    0.0
0.750   37.50  0.00984    120  0.00073  0.00107    0.0    0.0
0.750   43.00  0.00800    120  0.00070  0.00076    0.0    0.0
0.750   49.50  0.00861    120  0.00082  0.00071    0.0    0.0
0.750   57.00  0.00876    120  0.00092  0.00061    0.0    0.0
0.750   65.50  0.00785    120  0.00098  0.00048    0.0    0.0
0.750   75.00  0.00775    120  0.00110  0.00036    0.0    0.0
0.750   86.00  0.00707    120  0.00115  0.00029    0.0    0.0
0.750   99.00  0.00651    120  0.00123  0.00023    0.0    0.0
0.070   17.00  0.37420    200  0.00686  0.00622    0.0    0.0
0.070   19.00  0.36040    200  0.00597  0.00608    0.0    0.0
0.100   19.00  0.35627    200  0.00466  0.00324    0.0    0.0
0.100   21.50  0.36119    200  0.00392  0.00353    0.0    0.0
0.100   24.50  0.35010    200  0.00416  0.00291    0.0    0.0
0.140   21.50  0.33493    200  0.00434  0.00281    0.0    0.0
0.140   24.50  0.34013    200  0.00457  0.00324    0.0    0.0
0.140   28.00  0.32720    200  0.00419  0.00234    0.0    0.0
0.140   32.50  0.32015    200  0.00421  0.00227    0.0    0.0
0.180   21.50  0.30177    200  0.00485  0.00268    0.0    0.0
0.180   24.50  0.30154    200  0.00493  0.00211    0.0    0.0
0.180   28.00  0.30541    200  0.00465  0.00218    0.0    0.0
0.180   32.50  0.30445    200  0.00369  0.00197    0.0    0.0
0.180   37.50  0.29470    200  0.00376  0.00121    0.0    0.0
0.180   43.00  0.29398    200  0.00373  0.00111    0.0    0.0
0.225   28.00  0.27552    200  0.00443  0.00197    0.0    0.0
0.225   32.50  0.26457    200  0.00421  0.00180    0.0    0.0
0.225   37.50  0.26632    200  0.00339  0.00121    0.0    0.0
0.225   43.00  0.26452    200  0.00331  0.00125    0.0    0.0
0.225   49.50  0.25623    200  0.00334  0.00158    0.0    0.0
0.225   57.00  0.24538    200  0.00436  0.00107    0.0    0.0
0.275   28.00  0.24510    200  0.00457  0.00173    0.0    0.0
0.275   32.50  0.23687    200  0.00433  0.00168    0.0    0.0
0.275   37.50  0.22244    200  0.00325  0.00097    0.0    0.0
0.275   43.00  0.22320    200  0.00321  0.00095    0.0    0.0
0.275   49.50  0.22215    200  0.00327  0.00121    0.0    0.0
0.275   57.00  0.21767    200  0.00344  0.00085    0.0    0.0
0.275   65.50  0.22322    200  0.00458  0.00114    0.0    0.0
0.275   75.00  0.20815    200  0.00458  0.00178    0.0    0.0
0.350   32.50  0.17975    200  0.00302  0.00116    0.0    0.0
0.350   37.50  0.17028    200  0.00220  0.00087    0.0    0.0
0.350   43.00  0.17086    200  0.00216  0.00111    0.0    0.0
0.350   49.50  0.16730    200  0.00215  0.00085    0.0    0.0
0.350   57.00  0.16606    200  0.00226  0.00121    0.0    0.0
0.350   65.50  0.16045    200  0.00240  0.00068    0.0    0.0
0.350   75.00  0.15978    200  0.00301  0.00061    0.0    0.0
0.350   86.00  0.16018    200  0.00314  0.00126    0.0    0.0
0.350   99.00  0.14935    200  0.00337  0.00069    0.0    0.0
0.450   32.50  0.10618    200  0.00273  0.00152    0.0    0.0
0.450   37.50  0.10392    200  0.00292  0.00121    0.0    0.0
0.450   43.00  0.10567    200  0.00190  0.00113    0.0    0.0
0.450   49.50  0.10340    200  0.00189  0.00087    0.0    0.0
0.450   57.00  0.10321    200  0.00195  0.00085    0.0    0.0
0.450   65.50  0.10038    200  0.00205  0.00074    0.0    0.0
0.450   75.00  0.09919    200  0.00258  0.00064    0.0    0.0
0.450   86.00  0.09492    200  0.00261  0.00074    0.0    0.0
0.450   99.00  0.09065    200  0.00270  0.00048    0.0    0.0
0.450  115.50  0.09187    200  0.00272  0.00062    0.0    0.0
0.550   32.50  0.05383    200  0.00192  0.00213    0.0    0.0
0.550   37.50  0.05319    200  0.00214  0.00175    0.0    0.0
0.550   43.00  0.05346    200  0.00132  0.00144    0.0    0.0
0.550   49.50  0.05282    200  0.00135  0.00123    0.0    0.0
0.550   57.00  0.05373    200  0.00147  0.00099    0.0    0.0
0.550   65.50  0.05221    200  0.00154  0.00076    0.0    0.0
0.550   75.00  0.05218    200  0.00169  0.00071    0.0    0.0
0.550   86.00  0.04913    200  0.00198  0.00061    0.0    0.0
0.550   99.00  0.05086    200  0.00213  0.00052    0.0    0.0
0.550  115.50  0.04983    200  0.00214  0.00045    0.0    0.0
0.550  137.50  0.04556    200  0.00213  0.00042    0.0    0.0
0.650   32.50  0.02538    200  0.00115  0.00232    0.0    0.0
0.650   37.50  0.02531    200  0.00128  0.00208    0.0    0.0
0.650   43.00  0.02316    200  0.00074  0.00161    0.0    0.0
0.650   49.50  0.02468    200  0.00082  0.00151    0.0    0.0
0.650   57.00  0.02318    200  0.00085  0.00113    0.0    0.0
0.650   65.50  0.02269    200  0.00094  0.00087    0.0    0.0
0.650   75.00  0.02195    200  0.00103  0.00066    0.0    0.0
0.650   86.00  0.02052    200  0.00123  0.00054    0.0    0.0
0.650   99.00  0.02144    200  0.00138  0.00048    0.0    0.0
0.650  115.50  0.01997    200  0.00135  0.00038    0.0    0.0
0.650  137.50  0.01944    200  0.00146  0.00031    0.0    0.0
0.750   43.00  0.00934    200  0.00046  0.00158    0.0    0.0
0.750   49.50  0.00935    200  0.00049  0.00139    0.0    0.0
0.750   57.00  0.00830    200  0.00053  0.00113    0.0    0.0
0.750   65.50  0.00764    200  0.00055  0.00092    0.0    0.0
0.750   75.00  0.00803    200  0.00063  0.00087    0.0    0.0
0.750   86.00  0.00720    200  0.00064  0.00066    0.0    0.0
0.750   99.00  0.00857    200  0.00081  0.00069    0.0    0.0
0.750  115.50  0.00673    200  0.00074  0.00043    0.0    0.0
0.750  137.50  0.00661    200  0.00081  0.00035    0.0    0.0
0.100   32.50  0.36758    280  0.00737  0.00518    0.0    0.0
0.100   37.50  0.35901    280  0.00803  0.00440    0.0    0.0
0.140   37.50  0.32900    280  0.00825  0.00391    0.0    0.0
0.140   43.00  0.32609    280  0.00818  0.00365    0.0    0.0
0.140   49.50  0.32622    280  0.00861  0.00365    0.0    0.0
0.140   57.00  0.31362    280  0.00991  0.00350    0.0    0.0
0.180   37.50  0.29865    280  0.00862  0.00329    0.0    0.0
0.180   43.00  0.31101    280  0.00875  0.00338    0.0    0.0
0.180   49.50  0.31237    280  0.00922  0.00333    0.0    0.0
0.180   57.00  0.28775    280  0.00632  0.00154    0.0    0.0
0.180   65.50  0.29090    280  0.00671  0.00170    0.0    0.0
0.225   37.50  0.25886    280  0.00788  0.00298    0.0    0.0
0.225   43.00  0.26717    280  0.00791  0.00308    0.0    0.0
0.225   49.50  0.27703    280  0.00827  0.00300    0.0    0.0
0.225   57.00  0.25610    280  0.00582  0.00130    0.0    0.0
0.225   65.50  0.24968    280  0.00597  0.00135    0.0    0.0
0.225   75.00  0.25033    280  0.00645  0.00109    0.0    0.0
0.225   86.00  0.24686    280  0.00699  0.00118    0.0    0.0
0.275   37.50  0.21158    280  0.00795  0.00237    0.0    0.0
0.275   43.00  0.23148    280  0.00821  0.00242    0.0    0.0
0.275   49.50  0.22144    280  0.00813  0.00241    0.0    0.0
0.275   57.00  0.21174    280  0.00570  0.00166    0.0    0.0
0.275   65.50  0.22404    280  0.00622  0.00145    0.0    0.0
0.275   75.00  0.20388    280  0.00614  0.00132    0.0    0.0
0.275   86.00  0.21105    280  0.00652  0.00092    0.0    0.0
0.275   99.00  0.21380    280  0.00863  0.00080    0.0    0.0
0.275  115.50  0.19842    280  0.00918  0.00081    0.0    0.0
0.350   43.00  0.17498    280  0.00592  0.00218    0.0    0.0
0.350   49.50  0.17194    280  0.00581  0.00191    0.0    0.0
0.350   57.00  0.16210    280  0.00398  0.00130    0.0    0.0
0.350   65.50  0.16531    280  0.00420  0.00121    0.0    0.0
0.350   75.00  0.15851    280  0.00426  0.00211    0.0    0.0
0.350   86.00  0.15873    280  0.00439  0.00128    0.0    0.0
0.350   99.00  0.15282    280  0.00459  0.00104    0.0    0.0
0.350  115.50  0.15741    280  0.00572  0.00064    0.0    0.0
0.350  137.50  0.14745    280  0.00582  0.00061    0.0    0.0
0.450   43.00  0.09549    280  0.00521  0.00197    0.0    0.0
0.450   49.50  0.10062    280  0.00520  0.00201    0.0    0.0
0.450   57.00  0.10240    280  0.00368  0.00133    0.0    0.0
0.450   65.50  0.09812    280  0.00366  0.00100    0.0    0.0
0.450   75.00  0.09646    280  0.00379  0.00088    0.0    0.0
0.450   86.00  0.09645    280  0.00389  0.00092    0.0    0.0
0.450   99.00  0.09914    280  0.00413  0.00069    0.0    0.0
0.450  115.50  0.09543    280  0.00412  0.00078    0.0    0.0
0.450  137.50  0.08773    280  0.00485  0.00048    0.0    0.0
0.450  175.00  0.08977    280  0.00460  0.00052    0.0    0.0
0.550   43.00  0.05248    280  0.00393  0.00178    0.0    0.0
0.550   49.50  0.05631    280  0.00429  0.00173    0.0    0.0
0.550   57.00  0.05488    280  0.00272  0.00137    0.0    0.0
0.550   65.50  0.05046    280  0.00272  0.00109    0.0    0.0
0.550   75.00  0.05662    280  0.00311  0.00104    0.0    0.0
0.550   86.00  0.04721    280  0.00282  0.00076    0.0    0.0
0.550   99.00  0.04941    280  0.00312  0.00068    0.0    0.0
0.550  115.50  0.04626    280  0.00305  0.00057    0.0    0.0
0.550  137.50  0.04294    280  0.00365  0.00061    0.0    0.0
0.550  175.00  0.03930    280  0.00312  0.00040    0.0    0.0
0.550  230.00  0.04154    280  0.00459  0.00036    0.0    0.0
0.650   49.50  0.02536    280  0.00247  0.00184    0.0    0.0
0.650   57.00  0.02487    280  0.00167  0.00149    0.0    0.0
0.650   65.50  0.02242    280  0.00166  0.00111    0.0    0.0
0.650   75.00  0.02378    280  0.00182  0.00099    0.0    0.0
0.650   86.00  0.02280    280  0.00191  0.00081    0.0    0.0
0.650   99.00  0.02297    280  0.00205  0.00069    0.0    0.0
0.650  115.50  0.01986    280  0.00192  0.00050    0.0    0.0
0.650  137.50  0.02027    280  0.00250  0.00045    0.0    0.0
0.650  175.00  0.01814    280  0.00238  0.00033    0.0    0.0
0.650  230.00  0.01605    280  0.00263  0.00024    0.0    0.0
0.750   57.00  0.00911    280  0.00106  0.00168    0.0    0.0
0.750   65.50  0.00909    280  0.00107  0.00145    0.0    0.0
0.750   75.00  0.00786    280  0.00105  0.00107    0.0    0.0
0.750   86.00  0.00902    280  0.00127  0.00104    0.0    0.0
0.750   99.00  0.00807    280  0.00124  0.00069    0.0    0.0
0.750  115.50  0.00614    280  0.00120  0.00047    0.0    0.0
0.750  137.50  0.00564    280  0.00122  0.00035    0.0    0.0
0.750  175.00  0.00541    280  0.00116  0.00028    0.0    0.0
0.750  230.00  0.00639    280  0.00172  0.00021    0.0    0.0