bcdms,F2,p target
converted from 10016.xlsx
*
 0.0300  5
x      Q2       F2  Ebeam    stat   sys_tot  sys_u  cor1  cor2  cor3  cor4  cor5
0.070    7.50  0.40205    100  0.0062  0.007370    0.0  -0.3  -0.1   0.1   1.5   1.0
0.070    8.75  0.39363    100  0.0055  0.008837    0.0  -0.3  -0.1   1.3   1.5   1.0
0.100    7.50  0.38468    100  0.0043  0.004851    0.0  -0.4  -0.3   0.3   0.5   1.0
0.100    8.75  0.38926    100  0.0036  0.005323    0.0  -0.3  -0.2   0.7   0.5   1.0
0.100   10.25  0.38772    100  0.0037  0.005259    0.0  -0.3  -0.1   0.7   0.5   1.0
0.140    8.75  0.37768    100  0.0039  0.004290    0.0  -0.4  -0.3   0.2   0.0   1.0
0.140   10.25  0.37965    100  0.0040  0.004508    0.0  -0.4  -0.3   0.4   0.0   1.0
0.140   11.75  0.37641    100  0.0043  0.004595    0.0  -0.3  -0.2   0.6   0.0   1.0
0.140   13.25  0.37062    100  0.0047  0.004009    0.0  -0.3  -0.2   0.2   0.0   1.0
0.140   15.00  0.37847    100  0.0049  0.004397    0.0  -0.3  -0.1   0.5   0.0   1.0
0.180    8.75  0.36886    100  0.0049  0.004752    0.0  -0.5  -0.4  -0.5   0.0   1.0
0.180   10.25  0.36592    100  0.0048  0.004107    0.0  -0.4  -0.3   0.1   0.0   1.0
0.180   11.75  0.36670    100  0.0050  0.004165    0.0  -0.4  -0.3   0.2   0.0   1.0
0.180   13.25  0.36497    100  0.0054  0.004395    0.0  -0.4  -0.2   0.5   0.0   1.0
0.180   15.00  0.36523    100  0.0053  0.004034    0.0  -0.3  -0.2   0.3   0.0   1.0
0.180   17.00  0.35727    100  0.0058  0.003815    0.0  -0.3  -0.1  -0.2   0.0   1.0
0.225   10.25  0.34120    100  0.0048  0.003964    0.0  -0.5  -0.3  -0.1   0.0   1.0
0.225   11.75  0.34635    100  0.0050  0.003872    0.0  -0.4  -0.3   0.0   0.0   1.0
0.225   13.25  0.33805    100  0.0052  0.003719    0.0  -0.4  -0.2   0.1   0.0   1.0
0.225   15.00  0.33659    100  0.0049  0.003702    0.0  -0.4  -0.2  -0.1   0.0   1.0
0.225   17.00  0.32138    100  0.0052  0.003431    0.0  -0.3  -0.1   0.2   0.0   1.0
0.225   19.00  0.32395    100  0.0058  0.003636    0.0  -0.3  -0.1   0.4   0.0   1.0
0.225   21.50  0.31436    100  0.0056  0.003429    0.0  -0.3  -0.1   0.3   0.0   1.0
0.225   24.50  0.32498    100  0.0053  0.001028    0.0  -0.3   0.0  -0.1   0.0   0.0
0.225   28.00  0.31917    100  0.0054  0.001354    0.0  -0.3   0.0   0.3   0.0   0.0
0.275   10.25  0.30476    100  0.0054  0.005181    0.0  -0.4  -0.2  -1.3   0.0   1.0
0.275   11.75  0.29971    100  0.0055  0.003743    0.0  -0.4  -0.2  -0.6   0.0   1.0
0.275   13.25  0.30213    100  0.0058  0.003391    0.0  -0.4  -0.1  -0.3   0.0   1.0
0.275   15.00  0.30414    100  0.0053  0.003247    0.0  -0.3  -0.1  -0.2   0.0   1.0
0.275   17.00  0.30467    100  0.0057  0.003210    0.0  -0.3  -0.1  -0.1   0.0   1.0
0.275   19.00  0.29035    100  0.0059  0.003154    0.0  -0.3   0.0  -0.3   0.0   1.0
0.275   21.50  0.29911    100  0.0056  0.003137    0.0  -0.3   0.0  -0.1   0.0   1.0
0.275   24.50  0.28068    100  0.0050  0.000842    0.0  -0.3   0.0   0.0   0.0   0.0
0.275   28.00  0.29223    100  0.0051  0.001461    0.0  -0.3   0.0   0.4   0.0   0.0
0.275   32.50  0.28428    100  0.0048  0.001064    0.0  -0.2   0.1   0.3   0.0   0.0
0.275   37.50  0.27224    100  0.0059  0.000817    0.0  -0.2   0.1   0.2   0.0   0.0
0.350   11.75  0.24021    100  0.0043  0.003813    0.0  -0.2   0.2  -1.2   0.0   1.0
0.350   13.25  0.23373    100  0.0043  0.003213    0.0  -0.2   0.2  -0.9   0.0   1.0
0.350   15.00  0.23122    100  0.0038  0.002897    0.0  -0.2   0.2  -0.7   0.0   1.0
0.350   17.00  0.23727    100  0.0041  0.002736    0.0  -0.2   0.2  -0.5   0.0   1.0
0.350   19.00  0.22300    100  0.0042  0.002483    0.0  -0.2   0.2  -0.4   0.0   1.0
0.350   21.50  0.23275    100  0.0039  0.002463    0.0  -0.2   0.2  -0.2   0.0   1.0
0.350   24.50  0.22389    100  0.0028  0.001286    0.0  -0.2   0.2  -0.3   0.0   0.4
0.350   28.00  0.22548    100  0.0035  0.001105    0.0  -0.2   0.2  -0.4   0.0   0.0
0.350   32.50  0.22042    100  0.0032  0.000764    0.0  -0.2   0.2   0.2   0.0   0.0
0.350   37.50  0.21929    100  0.0035  0.000658    0.0  -0.2   0.2  -0.1   0.0   0.0
0.350   43.00  0.21644    100  0.0037  0.000612    0.0  -0.2   0.2   0.0   0.0   0.0
0.450   11.75  0.16027    100  0.0041  0.002604    0.0   0.4   1.2   0.2   0.0   1.0
0.450   13.25  0.15606    100  0.0043  0.002492    0.0   0.3   1.1  -0.5   0.0   1.0
0.450   15.00  0.15503    100  0.0038  0.002427    0.0   0.3   1.0  -0.6   0.0   1.0
0.450   17.00  0.15335    100  0.0040  0.002091    0.0   0.2   0.9  -0.1   0.0   1.0
0.450   19.00  0.15573    100  0.0043  0.002095    0.0   0.1   0.8   0.4   0.0   1.0
0.450   21.50  0.14488    100  0.0036  0.001949    0.0   0.1   0.8  -0.4   0.0   1.0
0.450   24.50  0.14465    100  0.0026  0.001202    0.0   0.0   0.7  -0.2   0.0   0.4
0.450   28.00  0.14024    100  0.0031  0.000941    0.0   0.0   0.6  -0.3   0.0   0.0
0.450   32.50  0.14370    100  0.0028  0.001046    0.0  -0.1   0.6  -0.4   0.0   0.0
0.450   37.50  0.14557    100  0.0031  0.000797    0.0  -0.1   0.5  -0.2   0.0   0.0
0.450   43.00  0.14129    100  0.0031  0.000916    0.0  -0.1   0.5  -0.4   0.0   0.0
0.450   49.50  0.13463    100  0.0031  0.000737    0.0  -0.1   0.5  -0.2   0.0   0.0
0.450   57.00  0.13718    100  0.0036  0.000672    0.0  -0.2   0.4  -0.2   0.0   0.0
0.550   11.75  0.09289    100  0.0032  0.003895    0.0   1.6   3.1   2.1   0.0   1.0
0.550   13.25  0.08787    100  0.0033  0.003174    0.0   1.4   2.8   1.5   0.0   1.0
0.550   15.00  0.09002    100  0.0031  0.002865    0.0   1.2   2.5   1.2   0.0   1.0
0.550   17.00  0.08473    100  0.0031  0.002386    0.0   1.0   2.3   0.8   0.0   1.0
0.550   19.00  0.08291    100  0.0032  0.002099    0.0   0.8   2.1   0.6   0.0   1.0
0.550   21.50  0.08285    100  0.0029  0.001819    0.0   0.7   1.8   0.3   0.0   1.0
0.550   24.50  0.08520    100  0.0021  0.001630    0.0   0.5   1.7   0.6   0.0   0.4
0.550   28.00  0.08108    100  0.0020  0.001453    0.0   0.4   1.5   0.8   0.0   0.4
0.550   32.50  0.08528    100  0.0024  0.001215    0.0   0.3   1.3   0.5   0.0   0.0
0.550   37.50  0.08115    100  0.0025  0.001000    0.0   0.2   1.2   0.2   0.0   0.0
0.550   43.00  0.08024    100  0.0025  0.000806    0.0   0.1   1.0   0.0   0.0   0.0
0.550   49.50  0.07715    100  0.0025  0.000699    0.0   0.0   0.9  -0.1   0.0   0.0
0.550   57.00  0.07418    100  0.0027  0.000672    0.0   0.0   0.9  -0.1   0.0   0.0
0.550   65.50  0.07237    100  0.0029  0.000601    0.0  -0.1   0.8  -0.2   0.0   0.0
0.650   13.25  0.04390    100  0.0019  0.004791    0.0   3.4   6.0   8.4   0.0   1.0
0.650   15.00  0.04265    100  0.0017  0.004036    0.0   3.0   5.4   7.1   0.0   1.0
0.650   17.00  0.04167    100  0.0018  0.003499    0.0   2.6   4.8   6.3   0.0   1.0
0.650   19.00  0.04151    100  0.0020  0.003000    0.0   2.2   4.4   5.2   0.0   1.0
0.650   21.50  0.04012    100  0.0018  0.002499    0.0   1.8   3.9   4.4   0.0   1.0
0.650   24.50  0.04117    100  0.0012  0.001950    0.0   1.5   3.5   2.8   0.0   0.3
0.650   28.00  0.03871    100  0.0012  0.001649    0.0   1.3   3.1   2.6   0.0   0.3
0.650   32.50  0.03829    100  0.0014  0.001365    0.0   1.0   2.7   2.1   0.0   0.0
0.650   37.50  0.03666    100  0.0016  0.001078    0.0   0.8   2.4   1.5   0.0   0.0
0.650   43.00  0.03529    100  0.0017  0.000863    0.0   0.6   2.1   1.1   0.0   0.0
0.650   49.50  0.03309    100  0.0017  0.000695    0.0   0.4   1.9   0.8   0.0   0.0
0.650   57.00  0.03371    100  0.0018  0.000616    0.0   0.3   1.7   0.6   0.0   0.0
0.650   65.50  0.02989    100  0.0019  0.000476    0.0   0.2   1.5   0.5   0.0   0.0
0.650   75.00  0.03206    100  0.0022  0.000460    0.0   0.1   1.4   0.3   0.0   0.0
0.750   24.50  0.01357    100  0.0006  0.001669    0.0   4.0   7.6   8.8   0.0   0.0
0.750   28.00  0.01366    100  0.0007  0.001417    0.0   3.3   6.7   7.2   0.0   0.0
0.750   32.50  0.01308    100  0.0007  0.001192    0.0   2.7   5.9   6.4   0.0   0.0
0.750   37.50  0.01170    100  0.0007  0.000890    0.0   2.2   5.2   5.1   0.0   0.0
0.750   43.00  0.01106    100  0.0008  0.000747    0.0   1.8   4.6   4.6   0.0   0.0
0.750   49.50  0.01083    100  0.0008  0.000609    0.0   1.4   4.0   3.7   0.0   0.0
0.750   57.00  0.01149    100  0.0010  0.000519    0.0   1.1   3.6   2.5   0.0   0.0
0.750   65.50  0.00968    100  0.0010  0.000379    0.0   0.8   3.2   2.1   0.0   0.0
0.750   75.00  0.01033    100  0.0012  0.000344    0.0   0.6   2.8   1.7   0.0   0.0
0.070    8.75  0.38956    120  0.0060  0.007225    0.0  -0.3  -0.1   0.3   1.5   1.0
0.070   10.25  0.38982    120  0.0062  0.007787    0.0  -0.3  -0.1   0.8   1.5   1.0
0.100   10.25  0.39249    120  0.0046  0.005011    0.0  -0.3  -0.2   0.5   0.5   1.0
0.100   11.75  0.39066    120  0.0049  0.005153    0.0  -0.3  -0.2   0.6   0.5   1.0
0.100   13.25  0.39239    120  0.0053  0.004822    0.0  -0.3  -0.1   0.4   0.5   1.0
0.140   11.75  0.38505    120  0.0057  0.004373    0.0  -0.4  -0.3   0.2   0.0   1.0
0.140   13.25  0.37936    120  0.0059  0.004424    0.0  -0.4  -0.2   0.4   0.0   1.0
0.140   15.00  0.37987    120  0.0057  0.004314    0.0  -0.3  -0.2   0.4   0.0   1.0
0.140   17.00  0.37759    120  0.0064  0.004032    0.0  -0.3  -0.1   0.2   0.0   1.0
0.140   19.00  0.36935    120  0.0070  0.003874    0.0  -0.3  -0.1   0.0   0.0   1.0
0.180   11.75  0.36127    120  0.0069  0.004244    0.0  -0.5  -0.3  -0.2   0.0   1.0
0.180   13.25  0.35757    120  0.0069  0.003998    0.0  -0.4  -0.3   0.0   0.0   1.0
0.180   15.00  0.34979    120  0.0065  0.003895    0.0  -0.4  -0.2   0.2   0.0   1.0
0.180   17.00  0.35267    120  0.0070  0.003895    0.0  -0.3  -0.2   0.3   0.0   1.0
0.180   19.00  0.34847    120  0.0075  0.003801    0.0  -0.3  -0.1   0.3   0.0   1.0
0.180   21.50  0.36087    120  0.0070  0.003853    0.0  -0.3  -0.1   0.2   0.0   1.0
0.180   24.50  0.33792    120  0.0081  0.003544    0.0  -0.3  -0.1   0.0   0.0   1.0
0.225   11.75  0.32331    120  0.0066  0.003798    0.0  -0.5  -0.3   0.2   0.0   1.0
0.225   13.25  0.34116    120  0.0070  0.003875    0.0  -0.4  -0.3   0.2   0.0   1.0
0.225   15.00  0.32619    120  0.0063  0.003588    0.0  -0.4  -0.2   0.1   0.0   1.0
0.225   17.00  0.33525    120  0.0068  0.003672    0.0  -0.4  -0.2   0.0   0.0   1.0
0.225   19.00  0.31776    120  0.0071  0.003393    0.0  -0.3  -0.1   0.2   0.0   1.0
0.225   21.50  0.32585    120  0.0065  0.003555    0.0  -0.3  -0.1   0.3   0.0   1.0
0.225   24.50  0.31622    120  0.0071  0.003332    0.0  -0.3  -0.1   0.1   0.0   1.0
0.225   28.00  0.31632    120  0.0060  0.001342    0.0  -0.3   0.0   0.3   0.0   0.0
0.225   32.50  0.32366    120  0.0059  0.001167    0.0  -0.3   0.0   0.2   0.0   0.0
0.275   13.25  0.30080    120  0.0079  0.003416    0.0  -0.4  -0.2   0.3   0.0   1.0
0.275   15.00  0.31145    120  0.0073  0.003852    0.0  -0.4  -0.1   0.6   0.0   1.0
0.275   17.00  0.29635    120  0.0072  0.003164    0.0  -0.3  -0.1   0.2   0.0   1.0
0.275   19.00  0.29636    120  0.0076  0.003443    0.0  -0.3  -0.1   0.5   0.0   1.0
0.275   21.50  0.29332    120  0.0068  0.003062    0.0  -0.3   0.0   0.0   0.0   1.0
0.275   24.50  0.28738    120  0.0049  0.001676    0.0  -0.3   0.0   0.3   0.0   0.4
0.275   28.00  0.28549    120  0.0047  0.001537    0.0  -0.3   0.0  -0.2   0.0   0.4
0.275   32.50  0.28478    120  0.0048  0.001066    0.0  -0.3   0.0   0.1   0.0   0.2
0.275   37.50  0.28665    120  0.0062  0.001314    0.0  -0.2   0.1   0.4   0.0   0.0
0.275   43.00  0.27188    120  0.0062  0.001741    0.0  -0.2   0.1   0.6   0.0   0.0
0.350   13.25  0.23713    120  0.0060  0.002846    0.0  -0.2   0.2   0.6   0.0   1.0
0.350   15.00  0.23446    120  0.0055  0.002814    0.0  -0.2   0.2   0.6   0.0   1.0
0.350   17.00  0.23473    120  0.0053  0.002451    0.0  -0.2   0.2   0.1   0.0   1.0
0.350   19.00  0.22939    120  0.0055  0.002554    0.0  -0.2   0.2   0.4   0.0   1.0
0.350   21.50  0.22173    120  0.0047  0.002398    0.0  -0.2   0.2  -0.3   0.0   1.0
0.350   24.50  0.23176    120  0.0035  0.001466    0.0  -0.2   0.2   0.4   0.0   0.4
0.350   28.00  0.22638    120  0.0033  0.001300    0.0  -0.2   0.2   0.3   0.0   0.4
0.350   32.50  0.22116    120  0.0032  0.000912    0.0  -0.2   0.2   0.0   0.0   0.3
0.350   37.50  0.22210    120  0.0042  0.000628    0.0  -0.2   0.2   0.0   0.0   0.0
0.350   43.00  0.21858    120  0.0042  0.001071    0.0  -0.2   0.2   0.4   0.0   0.0
0.350   49.50  0.20928    120  0.0043  0.000628    0.0  -0.2   0.2   0.1   0.0   0.0
0.350   57.00  0.21417    120  0.0050  0.001049    0.0  -0.2   0.2   0.4   0.0   0.0
0.450   13.25  0.15964    120  0.0059  0.002779    0.0   0.5   1.3   0.3   0.0   1.0
0.450   15.00  0.16152    120  0.0055  0.002649    0.0   0.4   1.2  -0.3   0.0   1.0
0.450   17.00  0.15248    120  0.0053  0.002392    0.0   0.3   1.1  -0.4   0.0   1.0
0.450   19.00  0.15384    120  0.0055  0.002447    0.0   0.2   1.0   0.7   0.0   1.0
0.450   21.50  0.15355    120  0.0048  0.002111    0.0   0.2   0.9   0.2   0.0   1.0
0.450   24.50  0.14984    120  0.0032  0.001349    0.0   0.1   0.8   0.0   0.0   0.4
0.450   28.00  0.14605    120  0.0030  0.001256    0.0   0.0   0.7   0.3   0.0   0.4
0.450   32.50  0.14605    120  0.0029  0.000991    0.0   0.0   0.6  -0.1   0.0   0.3
0.450   37.50  0.14330    120  0.0032  0.000929    0.0  -0.1   0.6  -0.1   0.0   0.2
0.450   43.00  0.14231    120  0.0037  0.000922    0.0  -0.1   0.5   0.4   0.0   0.0
0.450   49.50  0.13745    120  0.0037  0.000813    0.0  -0.1   0.5   0.3   0.0   0.0
0.450   57.00  0.13757    120  0.0039  0.001191    0.0  -0.1   0.5   0.7   0.0   0.0
0.450   65.50  0.13481    120  0.0042  0.000660    0.0  -0.2   0.4   0.2   0.0   0.0
0.450   75.00  0.12375    120  0.0048  0.000553    0.0  -0.2   0.4   0.0   0.0   0.0
0.550   15.00  0.08496    120  0.0039  0.003344    0.0   1.5   3.0   1.8   0.0   1.0
0.550   17.00  0.08002    120  0.0036  0.002798    0.0   1.3   2.7   1.5   0.0   1.0
0.550   19.00  0.09077    120  0.0045  0.002620    0.0   1.1   2.4   0.6   0.0   1.0
0.550   21.50  0.08541    120  0.0037  0.002282    0.0   0.9   2.2   0.7   0.0   1.0
0.550   24.50  0.09161    120  0.0043  0.002141    0.0   0.7   1.9   0.6   0.0   1.0
0.550   28.00  0.08160    120  0.0023  0.001584    0.0   0.6   1.7   0.6   0.0   0.4
0.550   32.50  0.07931    120  0.0022  0.001276    0.0   0.4   1.5   0.3   0.0   0.3
0.550   37.50  0.07870    120  0.0025  0.001180    0.0   0.3   1.4   0.4   0.0   0.2
0.550   43.00  0.07629    120  0.0029  0.000977    0.0   0.2   1.2   0.4   0.0   0.0
0.550   49.50  0.07905    120  0.0030  0.000905    0.0   0.1   1.1   0.3   0.0   0.0
0.550   57.00  0.07485    120  0.0031  0.000756    0.0   0.1   1.0   0.1   0.0   0.0
0.550   65.50  0.06696    120  0.0032  0.000603    0.0   0.0   0.9   0.0   0.0   0.0
0.550   75.00  0.07074    120  0.0036  0.000575    0.0  -0.1   0.8  -0.1   0.0   0.0
0.550   86.00  0.07066    120  0.0038  0.000519    0.0  -0.1   0.7   0.2   0.0   0.0
0.650   17.00  0.04112    120  0.0021  0.003930    0.0   3.2   5.7   6.9   0.0   1.0
0.650   19.00  0.04283    120  0.0024  0.003601    0.0   2.8   5.2   5.9   0.0   1.0
0.650   21.50  0.04107    120  0.0022  0.003132    0.0   2.4   4.6   5.5   0.0   1.0
0.650   24.50  0.03655    120  0.0023  0.002396    0.0   2.0   4.1   4.6   0.0   1.0
0.650   28.00  0.03694    120  0.0023  0.002090    0.0   1.7   3.7   3.8   0.0   1.0
0.650   32.50  0.03681    120  0.0014  0.001640    0.0   1.3   3.2   2.8   0.0   0.3
0.650   37.50  0.04068    120  0.0017  0.001518    0.0   1.1   2.8   2.2   0.0   0.2
0.650   43.00  0.03615    120  0.0018  0.001160    0.0   0.9   2.5   1.8   0.0   0.0
0.650   49.50  0.03593    120  0.0020  0.000989    0.0   0.7   2.2   1.5   0.0   0.0
0.650   57.00  0.03047    120  0.0019  0.000712    0.0   0.5   2.0   1.1   0.0   0.0
0.650   65.50  0.03567    120  0.0023  0.000742    0.0   0.3   1.8   1.0   0.0   0.0
0.650   75.00  0.03176    120  0.0024  0.000572    0.0   0.2   1.6   0.8   0.0   0.0
0.650   86.00  0.03051    120  0.0025  0.000509    0.0   0.1   1.4   0.9   0.0   0.0
0.650   99.00  0.03451    120  0.0030  0.000494    0.0   0.0   1.3   0.6   0.0   0.0
0.750   32.50  0.01335    120  0.0008  0.001447    0.0   3.5   7.0   7.5   0.0   0.0
0.750   37.50  0.01194    120  0.0008  0.001144    0.0   2.9   6.1   6.8   0.0   0.0
0.750   43.00  0.01239    120  0.0009  0.001052    0.0   2.4   5.4   6.1   0.0   0.0
0.750   49.50  0.01156    120  0.0010  0.000864    0.0   1.9   4.8   5.4   0.0   0.0
0.750   57.00  0.01170    120  0.0011  0.000750    0.0   1.5   4.2   4.6   0.0   0.0
0.750   65.50  0.01057    120  0.0012  0.000597    0.0   1.2   3.7   4.1   0.0   0.0
0.750   75.00  0.00993    120  0.0012  0.000452    0.0   0.9   3.3   3.0   0.0   0.0
0.750   86.00  0.00963    120  0.0013  0.000380    0.0   0.6   2.9   2.6   0.0   0.0
0.750   99.00  0.00817    120  0.0013  0.000270    0.0   0.4   2.6   2.0   0.0   0.0
0.070   17.00  0.41459    200  0.0054  0.006888    0.0  -0.3  -0.1  -0.4   1.5   0.5
0.070   19.00  0.41972    200  0.0055  0.007011    0.0  -0.2   0.0   0.5   1.5   0.5
0.100   19.00  0.40180    200  0.0041  0.003503    0.0  -0.3  -0.1   0.4   0.5   0.5
0.100   21.50  0.40171    200  0.0032  0.003936    0.0  -0.3  -0.1   0.6   0.5   0.5
0.100   24.50  0.40528    200  0.0035  0.003367    0.0  -0.3  -0.1   0.3   0.5   0.5
0.140   21.50  0.38121    200  0.0036  0.003189    0.0  -0.4  -0.2   0.5   0.0   0.5
0.140   24.50  0.38366    200  0.0038  0.003579    0.0  -0.3  -0.2   0.7   0.0   0.5
0.140   28.00  0.37999    200  0.0037  0.002521    0.0  -0.3  -0.1   0.3   0.0   0.5
0.140   32.50  0.37396    200  0.0036  0.002671    0.0  -0.3  -0.1   0.4   0.0   0.5
0.180   21.50  0.35183    200  0.0042  0.003047    0.0  -0.4  -0.3   0.5   0.0   0.5
0.180   24.50  0.36243    200  0.0044  0.002537    0.0  -0.4  -0.2   0.2   0.0   0.5
0.180   28.00  0.36224    200  0.0042  0.002483    0.0  -0.3  -0.2   0.3   0.0   0.5
0.180   32.50  0.35007    200  0.0029  0.002071    0.0  -0.3  -0.1   0.4   0.0   0.3
0.180   37.50  0.34450    200  0.0031  0.001462    0.0  -0.3  -0.1  -0.2   0.0   0.2
0.180   43.00  0.34801    200  0.0031  0.001302    0.0  -0.3   0.0   0.1   0.0   0.2
0.225   28.00  0.32347    200  0.0039  0.002377    0.0  -0.4  -0.2  -0.3   0.0   0.5
0.225   32.50  0.32855    200  0.0037  0.002052    0.0  -0.3  -0.1   0.2   0.0   0.5
0.225   37.50  0.31485    200  0.0028  0.001219    0.0  -0.3  -0.1  -0.1   0.0   0.2
0.225   43.00  0.31585    200  0.0027  0.001481    0.0  -0.3   0.0   0.3   0.0   0.2
0.225   49.50  0.30939    200  0.0027  0.001907    0.0  -0.3   0.0   0.5   0.0   0.2
0.225   57.00  0.31816    200  0.0037  0.001147    0.0  -0.2   0.0   0.3   0.0   0.0
0.275   28.00  0.28872    200  0.0041  0.001915    0.0  -0.3  -0.1   0.3   0.0   0.5
0.275   32.50  0.28319    200  0.0037  0.002002    0.0  -0.3   0.0  -0.4   0.0   0.5
0.275   37.50  0.27997    200  0.0029  0.001188    0.0  -0.3   0.0   0.0   0.0   0.3
0.275   43.00  0.27380    200  0.0027  0.001129    0.0  -0.3   0.0  -0.2   0.0   0.2
0.275   49.50  0.27157    200  0.0027  0.001462    0.0  -0.3   0.0   0.4   0.0   0.2
0.275   57.00  0.27491    200  0.0029  0.001065    0.0  -0.3   0.1   0.1   0.0   0.2
0.275   65.50  0.27275    200  0.0036  0.001250    0.0  -0.2   0.1   0.4   0.0   0.0
0.275   75.00  0.26446    200  0.0039  0.001943    0.0  -0.2   0.1   0.7   0.0   0.0
0.350   32.50  0.22247    200  0.0028  0.001353    0.0  -0.2   0.2  -0.2   0.0   0.5
0.350   37.50  0.22019    200  0.0021  0.001009    0.0  -0.2   0.2   0.2   0.0   0.3
0.350   43.00  0.21710    200  0.0020  0.001149    0.0  -0.2   0.2   0.4   0.0   0.2
0.350   49.50  0.21531    200  0.0020  0.000987    0.0  -0.2   0.2   0.3   0.0   0.2
0.350   57.00  0.21488    200  0.0020  0.001307    0.0  -0.2   0.2   0.5   0.0   0.2
0.350   65.50  0.20861    200  0.0021  0.000752    0.0  -0.2   0.2  -0.2   0.0   0.1
0.350   75.00  0.20327    200  0.0026  0.000610    0.0  -0.2   0.2   0.1   0.0   0.0
0.350   86.00  0.20739    200  0.0028  0.001376    0.0  -0.2   0.2   0.6   0.0   0.0
0.350   99.00  0.20279    200  0.0030  0.000836    0.0  -0.2   0.2   0.3   0.0   0.0
0.450   32.50  0.14306    200  0.0027  0.001838    0.0   0.2   1.0   0.6   0.0   0.5
0.450   37.50  0.13699    200  0.0028  0.001494    0.0   0.2   0.9   0.3   0.0   0.5
0.450   43.00  0.13886    200  0.0018  0.001280    0.0   0.1   0.8   0.4   0.0   0.2
0.450   49.50  0.13693    200  0.0018  0.001006    0.0   0.0   0.7   0.1   0.0   0.2
0.450   57.00  0.13616    200  0.0019  0.000953    0.0   0.0   0.6  -0.3   0.0   0.2
0.450   65.50  0.13059    200  0.0018  0.000923    0.0  -0.1   0.6   0.3   0.0   0.2
0.450   75.00  0.12772    200  0.0023  0.000700    0.0  -0.1   0.5   0.2   0.0   0.0
0.450   86.00  0.13136    200  0.0024  0.000938    0.0  -0.1   0.5   0.5   0.0   0.0
0.450   99.00  0.12791    200  0.0024  0.000652    0.0  -0.1   0.5   0.0   0.0   0.0
0.450  115.50  0.12426    200  0.0024  0.000669    0.0  -0.2   0.4   0.3   0.0   0.0
0.550   32.50  0.07735    200  0.0020  0.002693    0.0   1.1   2.5   2.1   0.0   0.5
0.550   37.50  0.08022    200  0.0023  0.002378    0.0   0.9   2.2   1.7   0.0   0.5
0.550   43.00  0.07595    200  0.0014  0.001794    0.0   0.7   1.9   1.2   0.0   0.2
0.550   49.50  0.07563    200  0.0014  0.001604    0.0   0.6   1.7   1.1   0.0   0.2
0.550   57.00  0.07595    200  0.0015  0.001273    0.0   0.4   1.5   0.6   0.0   0.2
0.550   65.50  0.07098    200  0.0014  0.000960    0.0   0.3   1.3   0.2   0.0   0.1
0.550   75.00  0.07032    200  0.0016  0.000870    0.0   0.2   1.2   0.2   0.0   0.1
0.550   86.00  0.07313    200  0.0019  0.000859    0.0   0.1   1.1   0.4   0.0   0.0
0.550   99.00  0.06700    200  0.0019  0.000673    0.0   0.0   1.0   0.1   0.0   0.0
0.550  115.50  0.06536    200  0.0019  0.000588    0.0   0.0   0.9   0.0   0.0   0.0
0.550  137.50  0.06655    200  0.0020  0.000572    0.0  -0.1   0.8   0.3   0.0   0.0
0.650   32.50  0.03722    200  0.0012  0.002959    0.0   2.8   5.3   5.2   0.0   0.5
0.650   37.50  0.03408    200  0.0013  0.002438    0.0   2.4   4.6   4.9   0.0   0.5
0.650   43.00  0.03539    200  0.0008  0.002160    0.0   1.9   4.1   4.1   0.0   0.1
0.650   49.50  0.03513    200  0.0008  0.001875    0.0   1.6   3.6   3.6   0.0   0.1
0.650   57.00  0.03329    200  0.0009  0.001460    0.0   1.3   3.2   2.7   0.0   0.1
0.650   65.50  0.03250    200  0.0009  0.001157    0.0   1.1   2.8   1.9   0.0   0.1
0.650   75.00  0.03215    200  0.0010  0.000928    0.0   0.8   2.5   1.2   0.0   0.1
0.650   86.00  0.03362    200  0.0013  0.000824    0.0   0.6   2.2   0.9   0.0   0.0
0.650   99.00  0.03084    200  0.0013  0.000707    0.0   0.5   2.0   1.0   0.0   0.0
0.650  115.50  0.02844    200  0.0013  0.000530    0.0   0.3   1.7   0.7   0.0   0.0
0.650  137.50  0.02787    200  0.0013  0.000434    0.0   0.1   1.5   0.4   0.0   0.0
0.750   43.00  0.01252    200  0.0004  0.001878    0.0   4.8   9.0  11.0   0.0   0.0
0.750   49.50  0.01189    200  0.0004  0.001583    0.0   4.1   7.9   9.9   0.0   0.0
0.750   57.00  0.01076    200  0.0005  0.001297    0.0   3.4   7.0   9.2   0.0   0.0
0.750   65.50  0.01068    200  0.0005  0.001148    0.0   2.8   6.1   8.4   0.0   0.0
0.750   75.00  0.01117    200  0.0006  0.001093    0.0   2.4   5.4   7.8   0.0   0.0
0.750   86.00  0.01000    200  0.0006  0.000836    0.0   1.8   4.8   6.6   0.0   0.0
0.750   99.00  0.00906    200  0.0006  0.000670    0.0   1.5   4.2   5.9   0.0   0.0
0.750  115.50  0.00814    200  0.0006  0.000501    0.0   1.1   3.7   4.8   0.0   0.0
0.750  137.50  0.00904    200  0.0007  0.000447    0.0   0.7   3.2   3.7   0.0   0.0
0.100   32.50  0.40558    280  0.0057  0.004516    0.0  -0.3  -0.1   0.8   0.5   0.5
0.100   37.50  0.40695    280  0.0065  0.003405    0.0  -0.2   0.0   0.4   0.5   0.5
0.140   37.50  0.37701    280  0.0066  0.002920    0.0  -0.3  -0.1   0.5   0.0   0.5
0.140   43.00  0.37628    280  0.0065  0.002687    0.0  -0.3  -0.1   0.4   0.0   0.5
0.140   49.50  0.36420    280  0.0067  0.002575    0.0  -0.3   0.0   0.4   0.0   0.5
0.140   57.00  0.38075    280  0.0083  0.002554    0.0  -0.2   0.0   0.4   0.0   0.5
0.180   37.50  0.34807    280  0.0070  0.002436    0.0  -0.4  -0.2  -0.2   0.0   0.5
0.180   43.00  0.36142    280  0.0070  0.002169    0.0  -0.3  -0.1  -0.1   0.0   0.5
0.180   49.50  0.34020    280  0.0071  0.002125    0.0  -0.3  -0.1   0.2   0.0   0.5
0.180   57.00  0.34527    280  0.0048  0.001424    0.0  -0.3   0.0   0.2   0.0   0.2
0.180   65.50  0.34112    280  0.0051  0.001406    0.0  -0.2   0.0   0.3   0.0   0.2
0.225   37.50  0.31280    280  0.0066  0.002443    0.0  -0.4  -0.2  -0.4   0.0   0.5
0.225   43.00  0.30989    280  0.0063  0.002213    0.0  -0.3  -0.1   0.4   0.0   0.5
0.225   49.50  0.31821    280  0.0066  0.001909    0.0  -0.3  -0.1   0.1   0.0   0.5
0.225   57.00  0.31194    280  0.0044  0.001167    0.0  -0.3   0.0   0.1   0.0   0.2
0.225   65.50  0.31557    280  0.0047  0.001301    0.0  -0.3   0.0  -0.2   0.0   0.2
0.225   75.00  0.30609    280  0.0050  0.001104    0.0  -0.3   0.0   0.0   0.0   0.2
0.225   86.00  0.30722    280  0.0054  0.001190    0.0  -0.2   0.1   0.3   0.0   0.1
0.275   37.50  0.27435    280  0.0071  0.001820    0.0  -0.3  -0.1  -0.3   0.0   0.5
0.275   43.00  0.27909    280  0.0066  0.001627    0.0  -0.3   0.0   0.0   0.0   0.5
0.275   49.50  0.26720    280  0.0066  0.001752    0.0  -0.3   0.0  -0.3   0.0   0.5
0.275   57.00  0.27580    280  0.0046  0.001700    0.0  -0.3   0.0  -0.5   0.0   0.2
0.275   65.50  0.26187    280  0.0047  0.001410    0.0  -0.3   0.0   0.4   0.0   0.2
0.275   75.00  0.27649    280  0.0052  0.001514    0.0  -0.3   0.1   0.4   0.0   0.2
0.275   86.00  0.26182    280  0.0051  0.000785    0.0  -0.2   0.1   0.0   0.0   0.2
0.275   99.00  0.26097    280  0.0064  0.000783    0.0  -0.2   0.1  -0.2   0.0   0.0
0.275  115.50  0.26278    280  0.0070  0.000788    0.0  -0.2   0.1  -0.2   0.0   0.0
0.350   43.00  0.20778    280  0.0047  0.001582    0.0  -0.2   0.2  -0.5   0.0   0.5
0.350   49.50  0.21507    280  0.0048  0.001394    0.0  -0.2   0.2  -0.3   0.0   0.5
0.350   57.00  0.21277    280  0.0033  0.001294    0.0  -0.2   0.2  -0.5   0.0   0.2
0.350   65.50  0.20136    280  0.0033  0.001065    0.0  -0.2   0.2  -0.4   0.0   0.2
0.350   75.00  0.20997    280  0.0036  0.000962    0.0  -0.2   0.2  -0.3   0.0   0.2
0.350   86.00  0.20664    280  0.0036  0.001257    0.0  -0.2   0.2  -0.5   0.0   0.2
0.350   99.00  0.20421    280  0.0038  0.001081    0.0  -0.2   0.2  -0.4   0.0   0.2
0.350  115.50  0.20511    280  0.0044  0.000711    0.0  -0.2   0.2  -0.2   0.0   0.0
0.350  137.50  0.20266    280  0.0048  0.000702    0.0  -0.2   0.2  -0.2   0.0   0.0
0.450   43.00  0.12933    280  0.0044  0.002149    0.0   0.3   1.1  -1.1   0.0   0.5
0.450   49.50  0.13784    280  0.0045  0.002179    0.0   0.2   1.0  -1.1   0.0   0.5
0.450   57.00  0.13221    280  0.0030  0.001460    0.0   0.1   0.9  -0.6   0.0   0.2
0.450   65.50  0.12880    280  0.0031  0.001187    0.0   0.1   0.8  -0.4   0.0   0.2
0.450   75.00  0.13342    280  0.0033  0.001007    0.0   0.0   0.7  -0.2   0.0   0.2
0.450   86.00  0.12682    280  0.0032  0.000949    0.0   0.0   0.6  -0.4   0.0   0.2
0.450   99.00  0.13172    280  0.0034  0.000884    0.0  -0.1   0.6  -0.2   0.0   0.2
0.450  115.50  0.12014    280  0.0033  0.000788    0.0  -0.1   0.5  -0.4   0.0   0.1
0.450  137.50  0.11853    280  0.0039  0.000616    0.0  -0.1   0.5  -0.1   0.0   0.0
0.450  175.00  0.11937    280  0.0037  0.000585    0.0  -0.2   0.4  -0.2   0.0   0.0
0.550   43.00  0.07505    280  0.0035  0.002280    0.0   1.2   2.7  -0.5   0.0   0.5
0.550   49.50  0.07682    280  0.0035  0.002085    0.0   1.0   2.4  -0.6   0.0   0.5
0.550   57.00  0.07395    280  0.0022  0.001694    0.0   0.8   2.1  -0.4   0.0   0.2
0.550   65.50  0.06999    280  0.0023  0.001364    0.0   0.6   1.8  -0.4   0.0   0.2
0.550   75.00  0.07270    280  0.0026  0.001229    0.0   0.5   1.6  -0.1   0.0   0.2
0.550   86.00  0.06756    280  0.0025  0.001057    0.0   0.4   1.5   0.0   0.0   0.2
0.550   99.00  0.06957    280  0.0026  0.000941    0.0   0.3   1.3   0.1   0.0   0.2
0.550  115.50  0.06786    280  0.0026  0.000831    0.0   0.2   1.2  -0.1   0.0   0.1
0.550  137.50  0.07058    280  0.0032  0.000805    0.0   0.1   1.0  -0.2   0.0   0.5
0.550  175.00  0.06013    280  0.0027  0.000595    0.0  -0.1   0.9  -0.4   0.0   0.0
0.550  230.00  0.06133    280  0.0037  0.000498    0.0  -0.1   0.7  -0.4   0.0   0.0
0.650   49.50  0.03372    280  0.0021  0.002231    0.0   2.7   5.1   3.2   0.0   0.5
0.650   57.00  0.03360    280  0.0014  0.001882    0.0   2.2   4.5   2.5   0.0   0.2
0.650   65.50  0.03078    280  0.0014  0.001412    0.0   1.8   3.9   1.6   0.0   0.2
0.650   75.00  0.03237    280  0.0016  0.001294    0.0   1.5   3.5   1.2   0.0   0.2
0.650   86.00  0.03092    280  0.0016  0.001065    0.0   1.2   3.1   0.9   0.0   0.1
0.650   99.00  0.03184    280  0.0017  0.000944    0.0   1.0   2.7   0.7   0.0   0.1
0.650  115.50  0.02902    280  0.0017  0.000754    0.0   0.7   2.4   0.7   0.0   0.1
0.650  137.50  0.03164    280  0.0022  0.000709    0.0   0.5   2.1   0.6   0.0   0.0
0.650  175.00  0.02729    280  0.0019  0.000516    0.0   0.2   1.7   0.8   0.0   0.0
0.650  230.00  0.02975    280  0.0025  0.000466    0.0   0.0   1.4   0.7   0.0   0.0
0.750   57.00  0.01165    280  0.0008  0.001946    0.0   5.4   9.8  12.4   0.0   0.0
0.750   65.50  0.01225    280  0.0009  0.001792    0.0   4.6   8.6  10.9   0.0   0.0
0.750   75.00  0.01111    280  0.0009  0.001391    0.0   3.8   7.6   9.2   0.0   0.0
0.750   86.00  0.00985    280  0.0009  0.001054    0.0   3.2   6.7   7.7   0.0   0.0
0.750   99.00  0.01010    280  0.0010  0.000853    0.0   2.7   5.9   5.4   0.0   0.0
0.750  115.50  0.00833    280  0.0009  0.000620    0.0   2.1   5.1   5.0   0.0   0.0
0.750  137.50  0.00926    280  0.0011  0.000576    0.0   1.6   4.4   4.1   0.0   0.0
0.750  175.00  0.00833    280  0.0010  0.000426    0.0   1.0   3.5   3.6   0.0   0.0
0.750  230.00  0.00799    280  0.0013  0.000278    0.0   0.5   2.8   2.0   0.0   0.0