bcdms,F2,d target
converted from 10017.xlsx
*
 0.0300  5
x      Q2       F2  Ebeam    stat    sys_tot  sys_u  cor1  cor2  cor3  cor4  cor5
0.070    8.75  0.38165    120  0.0067   1.854724    0.0  -0.3  -0.1   0.3   1.5   1.0
0.070   10.25  0.38360    120  0.0064   1.997498    0.0  -0.3  -0.1   0.8   1.5   1.0
0.100   10.25  0.36055    120  0.0045   1.303840    0.0  -0.4  -0.2   0.5   0.5   1.0
0.100   11.75  0.36655    120  0.0048   1.334166    0.0  -0.4  -0.1   0.6   0.5   1.0
0.100   13.25  0.36055    120  0.0051   1.228821    0.0  -0.3  -0.1   0.4   0.5   1.0
0.140   11.75  0.33304    120  0.0051   1.153256    0.0  -0.5  -0.2   0.2   0.0   1.0
0.140   13.25  0.34403    120  0.0055   1.166190    0.0  -0.4  -0.2   0.4   0.0   1.0
0.140   15.00  0.33974    120  0.0051   1.153256    0.0  -0.4  -0.1   0.4   0.0   1.0
0.140   17.00  0.33773    120  0.0056   1.100000    0.0  -0.4  -0.1   0.2   0.0   1.0
0.140   19.00  0.34631    120  0.0065   1.048809    0.0  -0.3  -0.1   0.0   0.0   1.0
0.180   11.75  0.31578    120  0.0060   1.174734    0.0  -0.5  -0.3  -0.2   0.0   1.0
0.180   13.25  0.31458    120  0.0061   1.135782    0.0  -0.5  -0.2   0.0   0.0   1.0
0.180   15.00  0.30259    120  0.0055   1.113553    0.0  -0.4  -0.2   0.2   0.0   1.0
0.180   17.00  0.30863    120  0.0062   1.122497    0.0  -0.4  -0.1   0.3   0.0   1.0
0.180   19.00  0.31282    120  0.0068   1.122497    0.0  -0.4  -0.1   0.3   0.0   1.0
0.180   21.50  0.29966    120  0.0060   1.067708    0.0  -0.3  -0.1   0.2   0.0   1.0
0.180   24.50  0.29859    120  0.0073   1.044031    0.0  -0.3   0.0   0.0   0.0   1.0
0.225   11.75  0.27821    120  0.0056   1.153256    0.0  -0.5  -0.2   0.2   0.0   1.0
0.225   13.25  0.28755    120  0.0060   1.153256    0.0  -0.5  -0.2   0.2   0.0   1.0
0.225   15.00  0.27928    120  0.0054   1.100000    0.0  -0.4  -0.2   0.1   0.0   1.0
0.225   17.00  0.27217    120  0.0056   1.081665    0.0  -0.4  -0.1   0.0   0.0   1.0
0.225   19.00  0.27346    120  0.0062   1.100000    0.0  -0.4  -0.1   0.2   0.0   1.0
0.225   21.50  0.27142    120  0.0056   1.122497    0.0  -0.4  -0.1   0.3   0.0   1.0
0.225   24.50  0.26840    120  0.0063   1.048809    0.0  -0.3   0.0   0.1   0.0   1.0
0.225   28.00  0.26202    120  0.0056   0.424264    0.0  -0.3   0.0   0.3   0.0   0.0
0.225   32.50  0.26189    120  0.0056   0.360555    0.0  -0.3   0.0   0.2   0.0   0.0
0.275   13.25  0.25894    120  0.0063   1.122497    0.0  -0.4  -0.1   0.3   0.0   1.0
0.275   15.00  0.24846    120  0.0054   1.284523    0.0  -0.4   0.0   0.7   0.0   1.0
0.275   17.00  0.23970    120  0.0057   1.095445    0.0  -0.4   0.0   0.2   0.0   1.0
0.275   19.00  0.23833    120  0.0063   1.187434    0.0  -0.4   0.0   0.5   0.0   1.0
0.275   21.50  0.23372    120  0.0055   1.044031    0.0  -0.3   0.0   0.0   0.0   1.0
0.275   24.50  0.23571    120  0.0044   0.583095    0.0  -0.3   0.0   0.3   0.0   0.4
0.275   28.00  0.23538    120  0.0041   0.547723    0.0  -0.3   0.1  -0.2   0.0   0.4
0.275   32.50  0.23041    120  0.0043   0.387298    0.0  -0.3   0.1   0.1   0.0   0.2
0.275   37.50  0.22231    120  0.0057   0.509902    0.0  -0.3   0.1   0.4   0.0   0.0
0.275   43.00  0.22061    120  0.0059   0.768115    0.0  -0.3   0.1   0.7   0.0   0.0
0.350   13.25  0.18309    120  0.0042   1.288410    0.0  -0.1   0.4   0.7   0.0   1.0
0.350   15.00  0.18897    120  0.0039   1.272792    0.0  -0.2   0.3   0.7   0.0   1.0
0.350   17.00  0.17921    120  0.0040   1.067708    0.0  -0.2   0.3   0.1   0.0   1.0
0.350   19.00  0.17414    120  0.0042   1.135782    0.0  -0.2   0.3   0.4   0.0   1.0
0.350   21.50  0.18573    120  0.0039   1.104536    0.0  -0.2   0.3  -0.3   0.0   1.0
0.350   24.50  0.17887    120  0.0029   0.734847    0.0  -0.2   0.3   0.5   0.0   0.4
0.350   28.00  0.17794    120  0.0027   0.616441    0.0  -0.2   0.3   0.3   0.0   0.4
0.350   32.50  0.17747    120  0.0028   1.104536    0.0  -0.2   0.3   0.0   1.0   0.3
0.350   37.50  0.17344    120  0.0037   0.282843    0.0  -0.2   0.2   0.0   0.0   0.0
0.350   43.00  0.17070    120  0.0037   0.574456    0.0  -0.2   0.2   0.5   0.0   0.0
0.350   49.50  0.16729    120  0.0038   0.300000    0.0  -0.2   0.2   0.1   0.0   0.0
0.350   57.00  0.16445    120  0.0044   0.574456    0.0  -0.2   0.2   0.5   0.0   0.0
0.450   13.25  0.12077    120  0.0040   1.957039    0.0   0.7   1.5   0.3   0.0   1.0
0.450   15.00  0.11864    120  0.0036   1.846619    0.0   0.6   1.4  -0.3   0.0   1.0
0.450   17.00  0.12121    120  0.0039   1.688194    0.0   0.4   1.2  -0.5   0.0   1.0
0.450   19.00  0.11297    120  0.0040   1.714643    0.0   0.3   1.1   0.8   0.0   1.0
0.450   21.50  0.11777    120  0.0037   1.459452    0.0   0.3   1.0   0.2   0.0   1.0
0.450   24.50  0.10969    120  0.0025   1.004988    0.0   0.2   0.9   0.0   0.0   0.4
0.450   28.00  0.10940    120  0.0023   0.948683    0.0   0.1   0.8   0.3   0.0   0.4
0.450   32.50  0.10935    120  0.0023   0.768115    0.0   0.0   0.7  -0.1   0.0   0.3
0.450   37.50  0.10882    120  0.0027   0.734847    0.0   0.0   0.7  -0.1   0.0   0.2
0.450   43.00  0.10567    120  0.0030   0.787401    0.0  -0.1   0.6   0.5   0.0   0.0
0.450   49.50  0.09836    120  0.0030   0.648074    0.0  -0.1   0.5   0.4   0.0   0.0
0.450   57.00  0.10376    120  0.0034   0.964365    0.0  -0.2   0.5   0.8   0.0   0.0
0.450   65.50  0.09801    120  0.0035   0.574456    0.0  -0.2   0.5   0.2   0.0   0.0
0.450   75.00  0.09714    120  0.0042   0.447214    0.0  -0.2   0.4   0.0   0.0   0.0
0.550   15.00  0.05873    120  0.0024   4.579301    0.0   2.0   3.4   2.1   0.0   1.0
0.550   17.00  0.05719    120  0.0026   4.016217    0.0   1.7   3.0   1.8   0.0   1.0
0.550   19.00  0.06293    120  0.0030   3.277194    0.0   1.4   2.7   0.7   0.0   1.0
0.550   21.50  0.05927    120  0.0026   2.973214    0.0   1.2   2.4   0.8   0.0   1.0
0.550   24.50  0.05603    120  0.0028   2.626785    0.0   1.0   2.1   0.7   0.0   1.0
0.550   28.00  0.05914    120  0.0017   2.213594    0.0   0.8   1.9   0.7   0.0   0.4
0.550   32.50  0.05680    120  0.0017   1.780449    0.0   0.6   1.6   0.4   0.0   0.3
0.550   37.50  0.05526    120  0.0019   1.552417    0.0   0.4   1.4   0.5   0.0   0.2
0.550   43.00  0.05607    120  0.0023   1.424781    0.0   0.3   1.3   0.5   0.0   0.0
0.550   49.50  0.05516    120  0.0024   1.187434    0.0   0.2   1.1   0.4   0.0   0.0
0.550   57.00  0.04991    120  0.0024   1.009950    0.0   0.1   1.0   0.1   0.0   0.0
0.550   65.50  0.05210    120  0.0027   0.900000    0.0   0.0   0.9   0.0   0.0   0.0
0.550   75.00  0.05026    120  0.0029   0.812404    0.0  -0.1   0.8  -0.1   0.0   0.0
0.550   86.00  0.04732    120  0.0030   0.830662    0.0  -0.1   0.8   0.2   0.0   0.0
0.650   17.00  0.02809    120  0.0015  11.430223    0.0   4.0   6.3   8.6   0.0   1.0
0.650   19.00  0.02872    120  0.0018   9.894443    0.0   3.5   5.6   7.3   0.0   1.0
0.650   21.50  0.02676    120  0.0015   9.013323    0.0   3.0   5.0   6.8   0.0   1.0
0.650   24.50  0.02864    120  0.0018   7.687652    0.0   2.5   4.4   5.7   0.0   1.0
0.650   28.00  0.02373    120  0.0016   6.535289    0.0   2.1   3.9   4.7   0.0   1.0
0.650   32.50  0.02464    120  0.0010   5.108816    0.0   1.7   3.4   3.4   0.0   0.3
0.650   37.50  0.02526    120  0.0012   4.207137    0.0   1.4   2.9   2.7   0.0   0.2
0.650   43.00  0.02666    120  0.0015   3.579106    0.0   1.1   2.6   2.2   0.0   0.0
0.650   49.50  0.02457    120  0.0016   3.028201    0.0   0.8   2.3   1.8   0.0   0.0
0.650   57.00  0.02305    120  0.0016   2.459675    0.0   0.6   2.0   1.3   0.0   0.0
0.650   65.50  0.02072    120  0.0017   2.200000    0.0   0.4   1.8   1.2   0.0   0.0
0.650   75.00  0.02507    120  0.0021   1.910497    0.0   0.3   1.6   1.0   0.0   0.0
0.650   86.00  0.01941    120  0.0020   1.783255    0.0   0.1   1.4   1.1   0.0   0.0
0.650   99.00  0.02352    120  0.0024   1.476482    0.0   0.0   1.3   0.7   0.0   0.0
0.750   32.50  0.00868    120  0.0005  12.327611    0.0   4.0   6.9   9.4   0.0   0.0
0.750   37.50  0.00986    120  0.0007  10.837435    0.0   3.3   6.0   8.4   0.0   0.0
0.750   43.00  0.00802    120  0.0007   9.517353    0.0   2.7   5.2   7.5   0.0   0.0
0.750   49.50  0.00863    120  0.0008   8.340264    0.0   2.2   4.6   6.6   0.0   0.0
0.750   57.00  0.00879    120  0.0009   7.009993    0.0   1.7   4.0   5.5   0.0   0.0
0.750   65.50  0.00788    120  0.0010   6.160357    0.0   1.3   3.5   4.9   0.0   0.0
0.750   75.00  0.00779    120  0.0011   4.781213    0.0   1.0   3.1   3.5   0.0   0.0
0.750   86.00  0.00711    120  0.0012   4.096340    0.0   0.7   2.7   3.0   0.0   0.0
0.750   99.00  0.00656    120  0.0012   3.348134    0.0   0.4   2.4   2.3   0.0   0.0
0.070   17.00  0.39517    200  0.0072   1.661325    0.0  -0.3  -0.1  -0.4   1.5   0.5
0.070   19.00  0.38663    200  0.0064   1.685230    0.0  -0.3   0.0   0.5   1.5   0.5
0.100   19.00  0.36425    200  0.0048   0.911043    0.0  -0.4  -0.1   0.4   0.5   0.5
0.100   21.50  0.37191    200  0.0040   0.979796    0.0  -0.3  -0.1   0.6   0.5   0.5
0.100   24.50  0.36414    200  0.0043   0.830662    0.0  -0.3  -0.1   0.3   0.5   0.5
0.140   21.50  0.33812    200  0.0044   0.836660    0.0  -0.4  -0.2   0.5   0.0   0.5
0.140   24.50  0.34444    200  0.0046   0.953939    0.0  -0.4  -0.1   0.7   0.0   0.5
0.140   28.00  0.33278    200  0.0043   0.714143    0.0  -0.4  -0.1   0.3   0.0   0.5
0.140   32.50  0.32780    200  0.0043   0.707107    0.0  -0.3   0.0   0.4   0.0   0.5
0.180   21.50  0.30303    200  0.0049   0.888819    0.0  -0.5  -0.2   0.5   0.0   0.5
0.180   24.50  0.30320    200  0.0050   0.700000    0.0  -0.4  -0.2   0.2   0.0   0.5
0.180   28.00  0.30764    200  0.0047   0.714143    0.0  -0.4  -0.1   0.3   0.0   0.5
0.180   32.50  0.30751    200  0.0037   0.648074    0.0  -0.4  -0.1   0.4   0.0   0.3
0.180   37.50  0.29877    200  0.0038   0.412311    0.0  -0.3   0.0  -0.2   0.0   0.2
0.180   43.00  0.29948    200  0.0038   0.374166    0.0  -0.3   0.0   0.1   0.0   0.2
0.225   28.00  0.27651    200  0.0044   0.714143    0.0  -0.4  -0.1  -0.3   0.0   0.5
0.225   32.50  0.26586    200  0.0042   0.678233    0.0  -0.4  -0.1   0.2   0.0   0.5
0.225   37.50  0.26808    200  0.0034   0.458258    0.0  -0.4   0.0  -0.1   0.0   0.2
0.225   43.00  0.26686    200  0.0033   0.469042    0.0  -0.3   0.0   0.3   0.0   0.2
0.225   49.50  0.25931    200  0.0034   0.616441    0.0  -0.3   0.0   0.5   0.0   0.2
0.225   57.00  0.24941    200  0.0044   0.435890    0.0  -0.3   0.1   0.3   0.0   0.0
0.275   28.00  0.24560    200  0.0046   0.707107    0.0  -0.4   0.0   0.3   0.0   0.5
0.275   32.50  0.23751    200  0.0043   0.707107    0.0  -0.3   0.0  -0.4   0.0   0.5
0.275   37.50  0.22324    200  0.0033   0.435890    0.0  -0.3   0.1   0.0   0.0   0.3
0.275   43.00  0.22426    200  0.0032   0.424264    0.0  -0.3   0.1  -0.2   0.0   0.2
0.275   49.50  0.22357    200  0.0033   0.547723    0.0  -0.3   0.1   0.4   0.0   0.2
0.275   57.00  0.21954    200  0.0035   0.387298    0.0  -0.3   0.1   0.1   0.0   0.2
0.275   65.50  0.22581    200  0.0046   0.509902    0.0  -0.3   0.1   0.4   0.0   0.0
0.275   75.00  0.21139    200  0.0047   0.860233    0.0  -0.3   0.1   0.8   0.0   0.0
0.350   32.50  0.18002    200  0.0030   0.648074    0.0  -0.2   0.3  -0.2   0.0   0.5
0.350   37.50  0.17061    200  0.0022   0.509902    0.0  -0.2   0.3   0.2   0.0   0.3
0.350   43.00  0.17128    200  0.0022   0.648074    0.0  -0.2   0.3   0.5   0.0   0.2
0.350   49.50  0.16784    200  0.0022   0.509902    0.0  -0.2   0.3   0.3   0.0   0.2
0.350   57.00  0.16677    200  0.0023   0.728011    0.0  -0.2   0.3   0.6   0.0   0.2
0.350   65.50  0.16136    200  0.0024   0.424264    0.0  -0.2   0.3  -0.2   0.0   0.1
0.350   75.00  0.16098    200  0.0030   0.374166    0.0  -0.2   0.3   0.1   0.0   0.0
0.350   86.00  0.16179    200  0.0032   0.787401    0.0  -0.2   0.3   0.7   0.0   0.0
0.350   99.00  0.15136    200  0.0034   0.469042    0.0  -0.2   0.3   0.3   0.0   0.0
0.450   32.50  0.10628    200  0.0027   1.428286    0.0   0.3   1.1   0.7   0.0   0.5
0.450   37.50  0.10404    200  0.0029   1.174734    0.0   0.2   1.0   0.3   0.0   0.5
0.450   43.00  0.10582    200  0.0019   1.067708    0.0   0.2   0.9   0.5   0.0   0.2
0.450   49.50  0.10359    200  0.0019   0.836660    0.0   0.1   0.8   0.1   0.0   0.2
0.450   57.00  0.10345    200  0.0020   0.830662    0.0   0.0   0.7  -0.4   0.0   0.2
0.450   65.50  0.10068    200  0.0021   0.748331    0.0   0.0   0.6   0.4   0.0   0.2
0.450   75.00  0.09958    200  0.0026   0.640312    0.0  -0.1   0.6   0.2   0.0   0.0
0.450   86.00  0.09540    200  0.0026   0.787401    0.0  -0.1   0.5   0.6   0.0   0.0
0.450   99.00  0.09126    200  0.0027   0.538516    0.0  -0.2   0.5   0.0   0.0   0.0
0.450  115.50  0.09271    200  0.0027   0.670820    0.0  -0.2   0.5   0.4   0.0   0.0
0.550   32.50  0.05387    200  0.0019   3.968627    0.0   1.4   2.7   2.5   0.0   0.5
0.550   37.50  0.05323    200  0.0021   3.278719    0.0   1.1   2.3   2.0   0.0   0.5
0.550   43.00  0.05352    200  0.0013   2.687006    0.0   0.9   2.1   1.4   0.0   0.2
0.550   49.50  0.05289    200  0.0014   2.336664    0.0   0.7   1.8   1.3   0.0   0.2
0.550   57.00  0.05382    200  0.0015   1.827567    0.0   0.5   1.6   0.7   0.0   0.2
0.550   65.50  0.05231    200  0.0015   1.473092    0.0   0.4   1.4   0.2   0.0   0.1
0.550   75.00  0.05231    200  0.0017   1.352775    0.0   0.3   1.3   0.2   0.0   0.1
0.550   86.00  0.04929    200  0.0020   1.224745    0.0   0.2   1.1   0.5   0.0   0.0
0.550   99.00  0.05107    200  0.0021   1.009950    0.0   0.1   1.0   0.1   0.0   0.0
0.550  115.50  0.05010    200  0.0022   0.900000    0.0   0.0   0.9   0.0   0.0   0.0
0.550  137.50  0.04591    200  0.0021   0.900000    0.0  -0.1   0.8   0.4   0.0   0.0
0.650   32.50  0.02539    200  0.0012   9.172241    0.0   3.4   5.6   6.4   0.0   0.5
0.650   37.50  0.02533    200  0.0013   8.228001    0.0   2.9   4.8   6.0   0.0   0.5
0.650   43.00  0.02318    200  0.0007   6.957730    0.0   2.4   4.2   5.0   0.0   0.1
0.650   49.50  0.02471    200  0.0008   6.087693    0.0   2.0   3.7   4.4   0.0   0.1
0.650   57.00  0.02321    200  0.0009   4.868265    0.0   1.6   3.2   3.3   0.0   0.1
0.650   65.50  0.02272    200  0.0009   3.850974    0.0   1.3   2.8   2.3   0.0   0.1
0.650   75.00  0.02199    200  0.0010   3.036445    0.0   1.0   2.5   1.4   0.0   0.1
0.650   86.00  0.02057    200  0.0012   2.586503    0.0   0.8   2.2   1.1   0.0   0.0
0.650   99.00  0.02150    200  0.0014   2.302173    0.0   0.5   1.9   1.2   0.0   0.0
0.650  115.50  0.02005    200  0.0014   1.902630    0.0   0.3   1.7   0.8   0.0   0.0
0.650  137.50  0.01954    200  0.0015   1.593738    0.0   0.2   1.5   0.5   0.0   0.0
0.750   43.00  0.00935    200  0.0005  16.944025    0.0   5.4   8.7  13.5   0.0   0.0
0.750   49.50  0.00936    200  0.0005  14.900000    0.0   4.5   7.6  12.0   0.0   0.0
0.750   57.00  0.00831    200  0.0005  13.461426    0.0   3.8   6.6  11.1   0.0   0.0
0.750   65.50  0.00765    200  0.0006  11.968709    0.0   3.1   5.8  10.0   0.0   0.0
0.750   75.00  0.00804    200  0.0006  10.765222    0.0   2.5   5.0   9.2   0.0   0.0
0.750   86.00  0.00721    200  0.0006   9.091205    0.0   2.0   4.4   7.7   0.0   0.0
0.750   99.00  0.00859    200  0.0008   8.000625    0.0   1.6   3.9   6.8   0.0   0.0
0.750  115.50  0.00675    200  0.0007   6.525335    0.0   1.2   3.3   5.5   0.0   0.0
0.750  137.50  0.00664    200  0.0008   5.166237    0.0   0.8   2.9   4.2   0.0   0.0
0.100   32.50  0.37969    280  0.0076   1.410674    0.0  -0.3  -0.1   0.8   0.5   1.0
0.100   37.50  0.37547    280  0.0084   1.224745    0.0  -0.3   0.0   0.4   0.5   1.0
0.140   37.50  0.33370    280  0.0084   1.191638    0.0  -0.4  -0.1   0.5   0.0   1.0
0.140   43.00  0.33244    280  0.0083   1.122497    0.0  -0.3  -0.1   0.4   0.0   1.0
0.140   49.50  0.33497    280  0.0088   1.118034    0.0  -0.3   0.0   0.4   0.0   1.0
0.140   57.00  0.32518    280  0.0103   1.118034    0.0  -0.3   0.0   0.4   0.0   1.0
0.180   37.50  0.30046    280  0.0087   1.100000    0.0  -0.4  -0.1  -0.2   0.0   1.0
0.180   43.00  0.31355    280  0.0088   1.086278    0.0  -0.4  -0.1  -0.1   0.0   1.0
0.180   49.50  0.31585    280  0.0093   1.063015    0.0  -0.3   0.0   0.2   0.0   1.0
0.180   57.00  0.29215    280  0.0064   0.538516    0.0  -0.3   0.0   0.2   0.0   0.4
0.180   65.50  0.29697    280  0.0069   0.583095    0.0  -0.3   0.0   0.3   0.0   0.4
0.225   37.50  0.25963    280  0.0079   1.153256    0.0  -0.4  -0.1  -0.4   0.0   1.0
0.225   43.00  0.26822    280  0.0079   1.153256    0.0  -0.4  -0.1   0.4   0.0   1.0
0.225   49.50  0.27849    280  0.0083  40.014622    0.0  -0.4   0.0   0.1  40.0   1.0
0.225   57.00  0.25793    280  0.0059   0.509902    0.0  -0.3   0.0   0.1   0.0   0.4
0.225   65.50  0.25211    280  0.0060   0.538516    0.0  -0.3   0.0  -0.2   0.0   0.4
0.225   75.00  0.25361    280  0.0065   0.435890    0.0  -0.3   0.1   0.0   0.0   0.3
0.225   86.00  0.25124    280  0.0071   0.479583    0.0  -0.3   0.1   0.3   0.0   0.2
0.275   37.50  0.21193    280  0.0080   1.118034    0.0  -0.4   0.0  -0.3   0.0   1.0
0.275   43.00  0.23198    280  0.0082   1.044031    0.0  -0.3   0.0   0.0   0.0   1.0
0.275   49.50  0.22207    280  0.0082   1.090871    0.0  -0.3   0.1  -0.3   0.0   1.0
0.275   57.00  0.21255    280  0.0057   0.787401    0.0  -0.3   0.1  -0.6   0.0   0.4
0.275   65.50  0.22518    280  0.0063   0.648074    0.0  -0.3   0.1   0.4   0.0   0.4
0.275   75.00  0.20527    280  0.0062   0.648074    0.0  -0.3   0.1   0.4   0.0   0.4
0.275   86.00  0.21299    280  0.0066   0.435890    0.0  -0.3   0.1   0.0   0.0   0.3
0.275   99.00  0.21647    280  0.0087   0.374166    0.0  -0.3   0.1  -0.2   0.0   0.0
0.275  115.50  0.20187    280  0.0093   0.412311    0.0  -0.3   0.2  -0.2   0.0   0.0
0.350   43.00  0.17518    280  0.0059   1.249000    0.0  -0.2   0.4  -0.6   0.0   1.0
0.350   49.50  0.17219    280  0.0058   1.104536    0.0  -0.2   0.3  -0.3   0.0   1.0
0.350   57.00  0.16241    280  0.0040   0.806226    0.0  -0.2   0.3  -0.6   0.0   0.4
0.350   65.50  0.16573    280  0.0042   0.734847    0.0  -0.2   0.3  -0.5   0.0   0.4
0.350   75.00  0.15904    280  0.0043   0.616441    0.0  -0.2   0.3  -0.3   0.0   0.4
0.350   86.00  0.15943    280  0.0044   0.806226    0.0  -0.2   0.3  -0.6   0.0   0.4
0.350   99.00  0.15372    280  0.0046   0.685565    0.0  -0.2   0.3  -0.5   0.0   0.3
0.350  115.50  0.15870    280  0.0058   0.412311    0.0  -0.2   0.3  -0.2   0.0   0.0
0.350  137.50  0.14921    280  0.0059   0.412311    0.0  -0.2   0.3  -0.2   0.0   0.0
0.450   43.00  0.09555    280  0.0052   2.071232    0.0   0.4   1.2  -1.3   0.0   1.0
0.450   49.50  0.10071    280  0.0052   1.997498    0.0   0.3   1.1  -1.3   0.0   1.0
0.450   57.00  0.10251    280  0.0037   1.300000    0.0   0.2   1.0  -0.7   0.0   0.4
0.450   65.50  0.09825    280  0.0037   1.029563    0.0   0.1   0.8  -0.5   0.0   0.4
0.450   75.00  0.09663    280  0.0038   0.916515    0.0   0.0   0.8  -0.2   0.0   0.4
0.450   86.00  0.09667    280  0.0039   0.948683    0.0   0.0   0.7  -0.5   0.0   0.4
0.450   99.00  0.09943    280  0.0041   0.707107    0.0  -0.1   0.6  -0.2   0.0   0.3
0.450  115.50  0.09581    280  0.0041   0.812404    0.0  -0.1   0.6  -0.5   0.0   0.2
0.450  137.50  0.08823    280  0.0049   0.547723    0.0  -0.2   0.5  -0.1   0.0   0.0
0.450  175.00  0.09061    280  0.0046   0.574456    0.0  -0.2   0.5  -0.2   0.0   0.0
0.550   43.00  0.05251    280  0.0039   3.383785    0.0   1.5   2.8  -0.6   0.0   1.0
0.550   49.50  0.05634    280  0.0043   3.070831    0.0   1.3   2.5  -0.7   0.0   1.0
0.550   57.00  0.05492    280  0.0027   2.500000    0.0   1.0   2.2  -0.5   0.0   0.4
0.550   65.50  0.05051    280  0.0027   2.158703    0.0   0.8   1.9  -0.5   0.0   0.4
0.550   75.00  0.05669    280  0.0031   1.849324    0.0   0.6   1.7  -0.1   0.0   0.4
0.550   86.00  0.04728    280  0.0028   1.630951    0.0   0.5   1.5   0.0   0.0   0.4
0.550   99.00  0.04950    280  0.0031   1.371131    0.0   0.3   1.3   0.1   0.0   0.3
0.550  115.50  0.04637    280  0.0031   1.236932    0.0   0.2   1.2  -0.1   0.0   0.2
0.550  137.50  0.04308    280  0.0037   1.431782    0.0   0.1   1.0  -0.2   0.0   1.0
0.550  175.00  0.03951    280  0.0031   1.034408    0.0  -0.1   0.9  -0.5   0.0   0.0
0.550  230.00  0.04192    280  0.0046   0.883176    0.0  -0.2   0.7  -0.5   0.0   0.0
0.650   49.50  0.02537    280  0.0025   7.270488    0.0   3.1   5.2   3.9   0.0   1.0
0.650   57.00  0.02488    280  0.0017   6.014150    0.0   2.6   4.5   3.0   0.0   0.4
0.650   65.50  0.02244    280  0.0017   4.960847    0.0   2.2   4.0   1.9   0.0   0.4
0.650   75.00  0.02380    280  0.0018   4.188078    0.0   1.8   3.5   1.4   0.0   0.3
0.650   86.00  0.02282    280  0.0019   3.580503    0.0   1.4   3.1   1.1   0.0   0.2
0.650   99.00  0.02300    280  0.0021   3.029851    0.0   1.1   2.7   0.8   0.0   0.2
0.650  115.50  0.01989    280  0.0019   2.565151    0.0   0.8   2.3   0.8   0.0   0.1
0.650  137.50  0.02032    280  0.0025   2.202272    0.0   0.6   2.0   0.7   0.0   0.0
0.650  175.00  0.01820    280  0.0024   1.860108    0.0   0.3   1.6   0.9   0.0   0.0
0.650  230.00  0.01614    280  0.0026   1.526434    0.0   0.0   1.3   0.8   0.0   0.0
0.750   57.00  0.00911    280  0.0011  18.528627    0.0   5.9   9.3  14.9   0.0   0.0
0.750   65.50  0.00910    280  0.0011  16.081667    0.0   4.9   8.1  13.0   0.0   0.0
0.750   75.00  0.00787    280  0.0011  13.559499    0.0   4.1   7.1  10.8   0.0   0.0
0.750   86.00  0.00903    280  0.0013  11.445523    0.0   3.4   6.2   9.0   0.0   0.0
0.750   99.00  0.00808    280  0.0012   8.685620    0.0   2.8   5.4   6.2   0.0   0.0
0.750  115.50  0.00615    280  0.0012   7.708437    0.0   2.2   4.7   5.7   0.0   0.0
0.750  137.50  0.00565    280  0.0012   6.239391    0.0   1.6   3.9   4.6   0.0   0.0
0.750  175.00  0.00542    280  0.0012   5.158488    0.0   1.0   3.1   4.0   0.0   0.0
0.750  230.00  0.00642    280  0.0017   3.367492    0.0   0.5   2.5   2.2   0.0   0.0