e00116,f2,d target
converted from 10002.xlsx
*
 0.0175  0
x      Q2       F2  Ebeam     stat  sys_tot  dummy  dummy
0.4831  3.5853  0.14450    5.5  0.00190  0.00370    0.0    0.0
0.4904  3.6240  0.14270    5.5  0.00185  0.00365    0.0    0.0
0.4978  3.6628  0.13630    5.5  0.00180  0.00345    0.0    0.0
0.5052  3.7015  0.13220    5.5  0.00175  0.00335    0.0    0.0
0.5127  3.7403  0.12710    5.5  0.00170  0.00325    0.0    0.0
0.5202  3.7791  0.12085    5.5  0.00165  0.00305    0.0    0.0
0.5278  3.8178  0.11695    5.5  0.00160  0.00300    0.0    0.0
0.5355  3.8566  0.11470    5.5  0.00160  0.00290    0.0    0.0
0.5433  3.8953  0.10655    5.5  0.00150  0.00270    0.0    0.0
0.5511  3.9341  0.10095    5.5  0.00145  0.00255    0.0    0.0
0.5590  3.9729  0.09880    5.5  0.00145  0.00250    0.0    0.0
0.5669  4.0116  0.09720    5.5  0.00145  0.00245    0.0    0.0
0.5750  4.0504  0.09050    5.5  0.00135  0.00230    0.0    0.0
0.5830  4.0891  0.08890    5.5  0.00135  0.00225    0.0    0.0
0.5912  4.1279  0.08360    5.5  0.00130  0.00215    0.0    0.0
0.5995  4.1667  0.07945    5.5  0.00125  0.00200    0.0    0.0
0.6000  4.1691  0.08145    5.5  0.00080  0.00205    0.0    0.0
0.6097  4.2142  0.07870    5.5  0.00080  0.00200    0.0    0.0
0.6195  4.2593  0.07240    5.5  0.00070  0.00185    0.0    0.0
0.6294  4.3043  0.06895    5.5  0.00070  0.00175    0.0    0.0
0.6393  4.3494  0.06460    5.5  0.00065  0.00165    0.0    0.0
0.6495  4.3945  0.06085    5.5  0.00065  0.00155    0.0    0.0
0.6597  4.4395  0.05805    5.5  0.00060  0.00150    0.0    0.0
0.6700  4.4846  0.05450    5.5  0.00060  0.00140    0.0    0.0
0.6804  4.5297  0.05060    5.5  0.00055  0.00130    0.0    0.0
0.6910  4.5748  0.04605    5.5  0.00055  0.00115    0.0    0.0
0.7017  4.6198  0.04405    5.5  0.00050  0.00110    0.0    0.0
0.7125  4.6649  0.04025    5.5  0.00050  0.00100    0.0    0.0
0.7234  4.7100  0.03675    5.5  0.00045  0.00095    0.0    0.0
0.7344  4.7550  0.03425    5.5  0.00045  0.00085    0.0    0.0
0.7456  4.8001  0.03145    5.5  0.00040  0.00080    0.0    0.0
0.7568  4.8452  0.02920    5.5  0.00040  0.00075    0.0    0.0
0.7575  4.8476  0.03005    5.5  0.00030  0.00075    0.0    0.0
0.7707  4.9000  0.02700    5.5  0.00030  0.00070    0.0    0.0
0.7842  4.9524  0.02480    5.5  0.00025  0.00065    0.0    0.0
0.7979  5.0048  0.02140    5.5  0.00025  0.00055    0.0    0.0
0.8117  5.0572  0.01865    5.5  0.00020  0.00050    0.0    0.0
0.8257  5.1096  0.01665    5.5  0.00020  0.00045    0.0    0.0
0.8400  5.1620  0.01405    5.5  0.00020  0.00035    0.0    0.0
0.8544  5.2144  0.01170    5.5  0.00015  0.00030    0.0    0.0
0.8690  5.2668  0.00985    5.5  0.00015  0.00025    0.0    0.0
0.8838  5.3192  0.00800    5.5  0.00015  0.00020    0.0    0.0
0.8989  5.3717  0.00675    5.5  0.00010  0.00020    0.0    0.0
0.9141  5.4241  0.00575    5.5  0.00010  0.00015    0.0    0.0
0.9296  5.4765  0.00485    5.5  0.00010  0.00015    0.0    0.0
0.9453  5.5289  0.00360    5.5  0.00010  0.00015    0.0    0.0
0.5300  3.9954  0.11485    5.5  0.00190  0.00290    0.0    0.0
0.5379  4.0386  0.11170    5.5  0.00190  0.00285    0.0    0.0
0.5458  4.0817  0.10680    5.5  0.00180  0.00270    0.0    0.0
0.5538  4.1249  0.10195    5.5  0.00175  0.00260    0.0    0.0
0.5619  4.1681  0.09745    5.5  0.00170  0.00250    0.0    0.0
0.5700  4.2113  0.09535    5.5  0.00165  0.00245    0.0    0.0
0.5782  4.2545  0.08640    5.5  0.00160  0.00220    0.0    0.0
0.5865  4.2977  0.08425    5.5  0.00155  0.00215    0.0    0.0
0.5948  4.3409  0.08065    5.5  0.00150  0.00205    0.0    0.0
0.6032  4.3841  0.07855    5.5  0.00150  0.00200    0.0    0.0
0.6117  4.4273  0.07235    5.5  0.00145  0.00185    0.0    0.0
0.6203  4.4705  0.06860    5.5  0.00140  0.00175    0.0    0.0
0.6289  4.5137  0.06675    5.5  0.00135  0.00170    0.0    0.0
0.6376  4.5569  0.06265    5.5  0.00135  0.00160    0.0    0.0
0.6463  4.6001  0.06035    5.5  0.00130  0.00155    0.0    0.0
0.6552  4.6433  0.05490    5.5  0.00120  0.00140    0.0    0.0
0.6556  4.6455  0.05640    5.5  0.00070  0.00145    0.0    0.0
0.6660  4.6957  0.05390    5.5  0.00065  0.00135    0.0    0.0
0.6765  4.7460  0.05090    5.5  0.00060  0.00130    0.0    0.0
0.6871  4.7962  0.04850    5.5  0.00060  0.00125    0.0    0.0
0.6978  4.8464  0.04475    5.5  0.00060  0.00115    0.0    0.0
0.7086  4.8966  0.04205    5.5  0.00055  0.00105    0.0    0.0
0.7195  4.9468  0.03730    5.5  0.00050  0.00095    0.0    0.0
0.7305  4.9971  0.03490    5.5  0.00050  0.00090    0.0    0.0
0.7416  5.0473  0.03065    5.5  0.00045  0.00080    0.0    0.0
0.7529  5.0975  0.02800    5.5  0.00045  0.00070    0.0    0.0
0.7643  5.1477  0.02640    5.5  0.00040  0.00065    0.0    0.0
0.7757  5.1980  0.02405    5.5  0.00040  0.00060    0.0    0.0
0.7873  5.2482  0.02150    5.5  0.00040  0.00055    0.0    0.0
0.7991  5.2984  0.02010    5.5  0.00035  0.00050    0.0    0.0
0.8109  5.3486  0.01820    5.5  0.00035  0.00045    0.0    0.0
0.8229  5.3988  0.01610    5.5  0.00030  0.00040    0.0    0.0
0.8236  5.4018  0.01640    5.5  0.00020  0.00040    0.0    0.0
0.8377  5.4602  0.01315    5.5  0.00020  0.00035    0.0    0.0
0.8520  5.5186  0.01190    5.5  0.00020  0.00030    0.0    0.0
0.8664  5.5770  0.00965    5.5  0.00015  0.00025    0.0    0.0
0.8811  5.6354  0.00815    5.5  0.00015  0.00020    0.0    0.0
0.8959  5.6938  0.00615    5.5  0.00015  0.00015    0.0    0.0
0.9109  5.7522  0.00535    5.5  0.00015  0.00015    0.0    0.0
0.9262  5.8106  0.00475    5.5  0.00010  0.00015    0.0    0.0
0.9416  5.8690  0.00380    5.5  0.00010  0.00015    0.0    0.0
0.9572  5.9274  0.00295    5.5  0.00010  0.00015    0.0    0.0
0.5472  4.2816  0.10575    5.5  0.00180  0.00270    0.0    0.0
0.5551  4.3279  0.10085    5.5  0.00175  0.00255    0.0    0.0
0.5630  4.3742  0.09735    5.5  0.00170  0.00250    0.0    0.0
0.5709  4.4205  0.09160    5.5  0.00165  0.00235    0.0    0.0
0.5789  4.4668  0.08805    5.5  0.00160  0.00225    0.0    0.0
0.5869  4.5131  0.08355    5.5  0.00155  0.00215    0.0    0.0
0.5951  4.5593  0.08100    5.5  0.00150  0.00205    0.0    0.0
0.6032  4.6056  0.07740    5.5  0.00150  0.00195    0.0    0.0
0.6114  4.6519  0.07405    5.5  0.00145  0.00190    0.0    0.0
0.6197  4.6982  0.06530    5.5  0.00135  0.00165    0.0    0.0
0.6281  4.7445  0.06425    5.5  0.00135  0.00165    0.0    0.0
0.6365  4.7908  0.06315    5.5  0.00135  0.00160    0.0    0.0
0.6449  4.8371  0.05885    5.5  0.00130  0.00150    0.0    0.0
0.6535  4.8834  0.05680    5.5  0.00125  0.00145    0.0    0.0
0.6620  4.9296  0.05165    5.5  0.00115  0.00130    0.0    0.0
0.6707  4.9759  0.05095    5.5  0.00115  0.00130    0.0    0.0
0.6712  4.9786  0.05155    5.5  0.00070  0.00130    0.0    0.0
0.6813  5.0324  0.04800    5.5  0.00070  0.00120    0.0    0.0
0.6916  5.0862  0.04510    5.5  0.00065  0.00115    0.0    0.0
0.7019  5.1401  0.04270    5.5  0.00060  0.00110    0.0    0.0
0.7123  5.1939  0.04040    5.5  0.00060  0.00105    0.0    0.0
0.7228  5.2477  0.03635    5.5  0.00055  0.00090    0.0    0.0
0.7334  5.3015  0.03390    5.5  0.00055  0.00085    0.0    0.0
0.7440  5.3554  0.03095    5.5  0.00050  0.00080    0.0    0.0
0.7548  5.4092  0.02765    5.5  0.00050  0.00070    0.0    0.0
0.7657  5.4630  0.02455    5.5  0.00045  0.00060    0.0    0.0
0.7766  5.5168  0.02200    5.5  0.00040  0.00055    0.0    0.0
0.7877  5.5706  0.02150    5.5  0.00045  0.00055    0.0    0.0
0.7988  5.6245  0.02015    5.5  0.00040  0.00050    0.0    0.0
0.8101  5.6783  0.01770    5.5  0.00040  0.00045    0.0    0.0
0.8214  5.7321  0.01610    5.5  0.00035  0.00040    0.0    0.0
0.8329  5.7859  0.01350    5.5  0.00030  0.00035    0.0    0.0
0.8336  5.7893  0.01410    5.5  0.00040  0.00035    0.0    0.0
0.8471  5.8519  0.01260    5.5  0.00035  0.00030    0.0    0.0
0.8607  5.9144  0.01025    5.5  0.00030  0.00025    0.0    0.0
0.8744  5.9770  0.00815    5.5  0.00030  0.00020    0.0    0.0
0.8883  6.0396  0.00720    5.5  0.00025  0.00020    0.0    0.0
0.9024  6.1022  0.00580    5.5  0.00025  0.00015    0.0    0.0
0.9166  6.1648  0.00555    5.5  0.00025  0.00015    0.0    0.0
0.9310  6.2274  0.00480    5.5  0.00025  0.00015    0.0    0.0
0.9455  6.2900  0.00350    5.5  0.00020  0.00015    0.0    0.0
0.9602  6.3525  0.00175    5.5  0.00020  0.00010    0.0    0.0
0.6032  5.0149  0.07335    5.5  0.00110  0.00185    0.0    0.0
0.6113  5.0691  0.06810    5.5  0.00105  0.00175    0.0    0.0
0.6195  5.1233  0.06525    5.5  0.00105  0.00165    0.0    0.0
0.6277  5.1775  0.06245    5.5  0.00100  0.00160    0.0    0.0
0.6359  5.2318  0.05945    5.5  0.00095  0.00150    0.0    0.0
0.6442  5.2860  0.05330    5.5  0.00090  0.00135    0.0    0.0
0.6526  5.3402  0.05120    5.5  0.00090  0.00130    0.0    0.0
0.6609  5.3944  0.04995    5.5  0.00085  0.00125    0.0    0.0
0.6694  5.4486  0.04675    5.5  0.00085  0.00120    0.0    0.0
0.6778  5.5028  0.04415    5.5  0.00085  0.00110    0.0    0.0
0.6864  5.5571  0.04105    5.5  0.00080  0.00105    0.0    0.0
0.6949  5.6113  0.03905    5.5  0.00080  0.00100    0.0    0.0
0.7035  5.6655  0.03680    5.5  0.00075  0.00095    0.0    0.0
0.7122  5.7197  0.03470    5.5  0.00075  0.00090    0.0    0.0
0.7209  5.7739  0.03390    5.5  0.00070  0.00085    0.0    0.0
0.7296  5.8281  0.03145    5.5  0.00065  0.00080    0.0    0.0
0.7302  5.8317  0.03290    5.5  0.00040  0.00085    0.0    0.0
0.7404  5.8948  0.02970    5.5  0.00035  0.00075    0.0    0.0
0.7507  5.9578  0.02705    5.5  0.00035  0.00070    0.0    0.0
0.7611  6.0209  0.02530    5.5  0.00030  0.00065    0.0    0.0
0.7715  6.0839  0.02250    5.5  0.00030  0.00055    0.0    0.0
0.7820  6.1469  0.02015    5.5  0.00030  0.00050    0.0    0.0
0.7926  6.2100  0.01825    5.5  0.00025  0.00045    0.0    0.0
0.8032  6.2730  0.01580    5.5  0.00025  0.00040    0.0    0.0
0.8139  6.3361  0.01475    5.5  0.00025  0.00040    0.0    0.0
0.8223  6.3849  0.01490    5.5  0.00025  0.00040    0.0    0.0
0.8247  6.3991  0.01380    5.5  0.00025  0.00035    0.0    0.0
0.8341  6.4540  0.01315    5.5  0.00025  0.00035    0.0    0.0
0.8355  6.4622  0.01220    5.5  0.00025  0.00030    0.0    0.0
0.8461  6.5230  0.01095    5.5  0.00025  0.00030    0.0    0.0
0.8465  6.5252  0.01075    5.5  0.00020  0.00030    0.0    0.0
0.8574  6.5883  0.00980    5.5  0.00020  0.00025    0.0    0.0
0.8581  6.5920  0.00980    5.5  0.00020  0.00025    0.0    0.0
0.8685  6.6513  0.00815    5.5  0.00020  0.00020    0.0    0.0
0.8702  6.6610  0.00845    5.5  0.00020  0.00020    0.0    0.0
0.8796  6.7144  0.00710    5.5  0.00020  0.00020    0.0    0.0
0.8824  6.7301  0.00705    5.5  0.00020  0.00020    0.0    0.0
0.8908  6.7774  0.00610    5.5  0.00015  0.00015    0.0    0.0
0.8947  6.7991  0.00615    5.5  0.00015  0.00015    0.0    0.0
0.9071  6.8681  0.00525    5.5  0.00015  0.00015    0.0    0.0
0.9196  6.9371  0.00450    5.5  0.00015  0.00015    0.0    0.0
0.9321  7.0062  0.00445    5.5  0.00015  0.00015    0.0    0.0
0.9448  7.0752  0.00360    5.5  0.00015  0.00015    0.0    0.0
0.9575  7.1442  0.00195    5.5  0.00015  0.00010    0.0    0.0
0.5156  4.5251  0.12975    5.5  0.00320  0.00330    0.0    0.0
0.5222  4.5740  0.11560    5.5  0.00305  0.00295    0.0    0.0
0.5288  4.6229  0.11875    5.5  0.00300  0.00300    0.0    0.0
0.5354  4.6718  0.11125    5.5  0.00290  0.00285    0.0    0.0
0.5420  4.7208  0.10275    5.5  0.00275  0.00260    0.0    0.0
0.5487  4.7697  0.10455    5.5  0.00275  0.00265    0.0    0.0
0.5554  4.8186  0.10055    5.5  0.00275  0.00255    0.0    0.0
0.5621  4.8675  0.09575    5.5  0.00260  0.00245    0.0    0.0
0.5689  4.9164  0.09460    5.5  0.00255  0.00240    0.0    0.0
0.5756  4.9654  0.08665    5.5  0.00250  0.00220    0.0    0.0
0.5824  5.0143  0.07865    5.5  0.00235  0.00200    0.0    0.0
0.5893  5.0632  0.08055    5.5  0.00240  0.00205    0.0    0.0
0.5961  5.1121  0.07735    5.5  0.00235  0.00195    0.0    0.0
0.6030  5.1610  0.07620    5.5  0.00235  0.00195    0.0    0.0
0.6099  5.2100  0.07315    5.5  0.00225  0.00185    0.0    0.0
0.6168  5.2589  0.07095    5.5  0.00220  0.00180    0.0    0.0
0.6173  5.2622  0.07010    5.5  0.00130  0.00180    0.0    0.0
0.6254  5.3190  0.06530    5.5  0.00125  0.00165    0.0    0.0
0.6335  5.3759  0.06250    5.5  0.00120  0.00160    0.0    0.0
0.6417  5.4328  0.05795    5.5  0.00115  0.00150    0.0    0.0
0.6499  5.4897  0.05445    5.5  0.00110  0.00140    0.0    0.0
0.6582  5.5466  0.05085    5.5  0.00105  0.00130    0.0    0.0
0.6665  5.6035  0.04895    5.5  0.00105  0.00125    0.0    0.0
0.6748  5.6604  0.04365    5.5  0.00100  0.00110    0.0    0.0
0.6831  5.7173  0.04050    5.5  0.00095  0.00105    0.0    0.0
0.6915  5.7741  0.04060    5.5  0.00095  0.00105    0.0    0.0
0.7000  5.8310  0.03765    5.5  0.00090  0.00095    0.0    0.0
0.7085  5.8879  0.03510    5.5  0.00090  0.00090    0.0    0.0
0.7170  5.9448  0.03450    5.5  0.00085  0.00090    0.0    0.0
0.7256  6.0017  0.03335    5.5  0.00090  0.00085    0.0    0.0
0.7342  6.0586  0.02965    5.5  0.00080  0.00075    0.0    0.0
0.7356  6.0684  0.03035    5.5  0.00040  0.00075    0.0    0.0
0.7428  6.1155  0.02835    5.5  0.00080  0.00070    0.0    0.0
0.7456  6.1340  0.02885    5.5  0.00040  0.00075    0.0    0.0
0.7556  6.1996  0.02580    5.5  0.00035  0.00065    0.0    0.0
0.7657  6.2652  0.02360    5.5  0.00035  0.00060    0.0    0.0
0.7759  6.3308  0.02170    5.5  0.00030  0.00055    0.0    0.0
0.7861  6.3964  0.01955    5.5  0.00030  0.00050    0.0    0.0
0.7963  6.4620  0.01755    5.5  0.00030  0.00045    0.0    0.0
0.8066  6.5276  0.01605    5.5  0.00030  0.00040    0.0    0.0
0.8170  6.5932  0.01450    5.5  0.00025  0.00035    0.0    0.0
0.8274  6.6588  0.01365    5.5  0.00025  0.00035    0.0    0.0
0.8282  6.6636  0.01335    5.5  0.00025  0.00035    0.0    0.0
0.8379  6.7244  0.01195    5.5  0.00025  0.00030    0.0    0.0
0.8398  6.7356  0.01205    5.5  0.00025  0.00030    0.0    0.0
0.8485  6.7900  0.01010    5.5  0.00025  0.00025    0.0    0.0
0.8513  6.8077  0.00995    5.5  0.00020  0.00025    0.0    0.0
0.8591  6.8556  0.00900    5.5  0.00025  0.00025    0.0    0.0
0.8630  6.8797  0.00900    5.5  0.00020  0.00025    0.0    0.0
0.8697  6.9212  0.00805    5.5  0.00020  0.00020    0.0    0.0
0.8748  6.9518  0.00745    5.5  0.00015  0.00020    0.0    0.0
0.8804  6.9868  0.00710    5.5  0.00020  0.00020    0.0    0.0
0.8866  7.0238  0.00620    5.5  0.00015  0.00015    0.0    0.0
0.8912  7.0524  0.00625    5.5  0.00015  0.00015    0.0    0.0
0.8984  7.0958  0.00550    5.5  0.00015  0.00015    0.0    0.0
0.9104  7.1679  0.00465    5.5  0.00015  0.00015    0.0    0.0
0.9224  7.2399  0.00350    5.5  0.00015  0.00010    0.0    0.0
0.9345  7.3120  0.00435    5.5  0.00015  0.00015    0.0    0.0
0.9467  7.3840  0.00415    5.5  0.00015  0.00015    0.0    0.0
0.6032  5.3830  0.07385    5.5  0.00205  0.00190    0.0    0.0
0.6108  5.4412  0.06830    5.5  0.00190  0.00175    0.0    0.0
0.6183  5.4994  0.06865    5.5  0.00190  0.00175    0.0    0.0
0.6259  5.5576  0.06275    5.5  0.00175  0.00160    0.0    0.0
0.6336  5.6158  0.06255    5.5  0.00175  0.00160    0.0    0.0
0.6412  5.6740  0.05795    5.5  0.00170  0.00150    0.0    0.0
0.6489  5.7322  0.05310    5.5  0.00165  0.00135    0.0    0.0
0.6566  5.7904  0.04970    5.5  0.00155  0.00125    0.0    0.0
0.6644  5.8486  0.04630    5.5  0.00150  0.00120    0.0    0.0
0.6721  5.9068  0.04805    5.5  0.00155  0.00125    0.0    0.0
0.6799  5.9650  0.04265    5.5  0.00140  0.00110    0.0    0.0
0.6877  6.0232  0.04255    5.5  0.00140  0.00110    0.0    0.0
0.6956  6.0814  0.03895    5.5  0.00140  0.00100    0.0    0.0
0.7004  6.1174  0.03680    5.5  0.00095  0.00095    0.0    0.0
0.7034  6.1396  0.03800    5.5  0.00130  0.00095    0.0    0.0
0.7094  6.1835  0.03540    5.5  0.00090  0.00090    0.0    0.0
0.7113  6.1978  0.03870    5.5  0.00130  0.00100    0.0    0.0
0.7184  6.2496  0.03385    5.5  0.00090  0.00085    0.0    0.0
0.7193  6.2560  0.03470    5.5  0.00125  0.00090    0.0    0.0
0.7274  6.3158  0.03185    5.5  0.00085  0.00080    0.0    0.0
0.7365  6.3819  0.02780    5.5  0.00075  0.00070    0.0    0.0
0.7456  6.4480  0.02685    5.5  0.00075  0.00070    0.0    0.0
0.7548  6.5142  0.02390    5.5  0.00075  0.00060    0.0    0.0
0.7640  6.5803  0.02185    5.5  0.00070  0.00055    0.0    0.0
0.7732  6.6464  0.02030    5.5  0.00070  0.00050    0.0    0.0
0.7824  6.7126  0.01875    5.5  0.00065  0.00050    0.0    0.0
0.7917  6.7787  0.01750    5.5  0.00060  0.00045    0.0    0.0
0.8011  6.8448  0.01635    5.5  0.00060  0.00040    0.0    0.0
0.8104  6.9110  0.01560    5.5  0.00060  0.00040    0.0    0.0
0.8198  6.9771  0.01405    5.5  0.00055  0.00035    0.0    0.0
0.8293  7.0432  0.01405    5.5  0.00060  0.00035    0.0    0.0
0.8388  7.1094  0.01310    5.5  0.00060  0.00035    0.0    0.0