e03103,sig_r,p target
converted from 10047.xlsx
*
 0.0250  0
x      Q2        F2  Ebeam      stat       sys_tot  dummy  dummy
0.350  3.2663  0.232371  5.766  0.001898  3.020822e-03    0.0    0.0
0.375  3.4655  0.219885  5.766  0.001629  2.858500e-03    0.0    0.0
0.400  3.6610  0.210448  5.766  0.001451  2.735825e-03    0.0    0.0
0.425  3.8527  0.193972  5.766  0.001111  2.521632e-03    0.0    0.0
0.450  4.0407  0.178304  5.766  0.001093  2.317950e-03    0.0    0.0
0.475  4.2253  0.164195  5.766  0.001067  2.134536e-03    0.0    0.0
0.500  4.4064  0.148784  5.766  0.000831  1.934193e-03    0.0    0.0
0.525  4.5842  0.136309  5.766  0.000749  1.772013e-03    0.0    0.0
0.550  4.7588  0.120753  5.766  0.000675  1.569789e-03    0.0    0.0
0.575  4.9302  0.106835  5.766  0.000561  1.388853e-03    0.0    0.0
0.600  5.0985  0.093158  5.766  0.000557  1.211056e-03    0.0    0.0
0.625  5.2639  0.079650  5.766  0.000393  1.035449e-03    0.0    0.0
0.650  5.4263  0.068445  5.766  0.000431  8.897907e-04    0.0    0.0
0.675  5.5860  0.056928  5.766  0.000321  7.400645e-04    0.0    0.0
0.700  5.7428  0.046637  5.766  0.000356  6.062849e-04    0.0    0.0
0.725  5.8970  0.042318  5.766  0.000290  5.501370e-04    0.0    0.0
0.750  6.0486  0.040393  5.766  0.000229  5.251150e-04    0.0    0.0
0.775  6.1976  0.025827  5.766  0.000173  3.357520e-04    0.0    0.0
0.800  6.3441  0.020091  5.766  0.000148  2.611871e-04    0.0    0.0
0.825  6.4882  0.021531  5.766  0.000164  2.799000e-04    0.0    0.0
0.850  6.6299  0.011927  5.766  0.000119  1.550470e-04    0.0    0.0
0.875  6.7694  0.008197  5.766  0.000103  1.065661e-04    0.0    0.0
0.900  6.9065  0.005336  5.766  0.000090  6.937177e-05    0.0    0.0
0.925  7.0415  0.003505  5.766  0.000104  4.556458e-05    0.0    0.0
0.325  2.8682  0.249123  5.766  0.001193  3.238604e-03    0.0    0.0
0.350  3.0456  0.239009  5.766  0.001057  3.107118e-03    0.0    0.0
0.375  3.2182  0.228770  5.766  0.001172  2.974011e-03    0.0    0.0
0.400  3.3860  0.213617  5.766  0.003152  2.777015e-03    0.0    0.0
0.375  3.2182  0.222686  5.766  0.002238  2.894915e-03    0.0    0.0
0.400  3.3860  0.213930  5.766  0.000902  2.781092e-03    0.0    0.0
0.425  3.5494  0.199179  5.766  0.000810  2.589333e-03    0.0    0.0
0.450  3.7084  0.184718  5.766  0.000818  2.401336e-03    0.0    0.0
0.475  3.8632  0.169470  5.766  0.001104  2.203114e-03    0.0    0.0
0.475  3.8632  0.169808  5.766  0.000958  2.207499e-03    0.0    0.0
0.500  4.0141  0.155788  5.766  0.000623  2.025240e-03    0.0    0.0
0.525  4.1611  0.139812  5.766  0.000560  1.817562e-03    0.0    0.0
0.550  4.3044  0.125611  5.766  0.000532  1.632945e-03    0.0    0.0
0.575  4.4442  0.110818  5.766  0.000540  1.440636e-03    0.0    0.0
0.600  4.5805  0.096727  5.766  0.000731  1.257448e-03    0.0    0.0
0.575  4.4442  0.109542  5.766  0.000870  1.424045e-03    0.0    0.0
0.600  4.5805  0.096181  5.766  0.000480  1.250356e-03    0.0    0.0
0.625  4.7136  0.084539  5.766  0.000397  1.099013e-03    0.0    0.0
0.650  4.8434  0.072107  5.766  0.000292  9.373972e-04    0.0    0.0
0.675  4.9702  0.061300  5.766  0.000327  7.968988e-04    0.0    0.0
0.700  5.0940  0.057960  5.766  0.000323  7.534808e-04    0.0    0.0
0.725  5.2149  0.053120  5.766  0.000292  6.905633e-04    0.0    0.0
0.750  5.3331  0.034384  5.766  0.000458  4.469922e-04    0.0    0.0
0.725  5.2149  0.053442  5.766  0.000423  6.947470e-04    0.0    0.0
0.750  5.3331  0.035297  5.766  0.000268  4.588658e-04    0.0    0.0
0.775  5.4486  0.028628  5.766  0.000147  3.721685e-04    0.0    0.0
0.800  5.5615  0.032528  5.766  0.000164  4.228693e-04    0.0    0.0
0.825  5.6720  0.018731  5.766  0.000161  2.435093e-04    0.0    0.0
0.850  5.7800  0.013473  5.766  0.000095  1.751530e-04    0.0    0.0
0.875  5.8857  0.009528  5.766  0.000081  1.238592e-04    0.0    0.0
0.900  5.9891  0.007389  5.766  0.000104  9.605962e-05    0.0    0.0
0.925  6.0903  0.003705  5.766  0.000054  4.816675e-05    0.0    0.0
0.950  6.1894  0.000346  5.766  0.000011  4.493922e-06    0.0    0.0
0.675  4.2392  0.081726  5.766  0.000914  1.062433e-03    0.0    0.0
0.700  4.3290  0.061495  5.766  0.000687  7.994362e-04    0.0    0.0
0.725  4.4160  0.043769  5.766  0.000497  5.689917e-04    0.0    0.0
0.750  4.5005  0.044343  5.766  0.000340  5.764641e-04    0.0    0.0
0.775  4.5824  0.044962  5.766  0.000501  5.845116e-04    0.0    0.0
0.800  4.6621  0.025987  5.766  0.000256  3.378334e-04    0.0    0.0
0.825  4.7394  0.019792  5.766  0.000325  2.572994e-04    0.0    0.0
0.850  4.8146  0.015031  5.766  0.000200  1.954035e-04    0.0    0.0
0.875  4.8877  0.013041  5.766  0.000278  1.695279e-04    0.0    0.0
0.900  4.9588  0.009412  5.766  0.000194  1.223577e-04    0.0    0.0
0.925  5.0280  0.002204  5.766  0.000128  2.865243e-05    0.0    0.0
0.950  5.0954  0.000017  5.766  0.000001  2.207878e-07    0.0    0.0
0.900  3.9795  0.006679  5.766  0.000082  8.682738e-05    0.0    0.0
0.925  4.0239  0.000980  5.766  0.000017  1.273652e-05    0.0    0.0
0.800  3.1050  0.035606  5.766  0.000226  4.628811e-04    0.0    0.0
0.825  3.1391  0.034588  5.766  0.000204  4.496448e-04    0.0    0.0
0.875  3.2035  0.012400  5.766  0.000094  1.611953e-04    0.0    0.0
0.700  2.2763  0.064810  5.766  0.000378  8.425267e-04    0.0    0.0
0.725  2.3002  0.059728  5.766  0.000319  7.764659e-04    0.0    0.0
0.775  2.3445  0.062361  5.766  0.000321  8.106920e-04    0.0    0.0
0.825  2.3849  0.037124  5.766  0.000244  4.826132e-04    0.0    0.0
0.875  2.4219  0.004096  5.766  0.000042  5.324290e-05    0.0    0.0