e03103,f2,d target
converted from 10046.xlsx
*
 0.0250  0
x      Q2            F2  Ebeam          stat       sys_tot  dummy  dummy
0.500  2.2573  1.530000e-01  5.011  6.735000e-04  1.989000e-03    0.0    0.0
0.525  2.3101  1.424500e-01  5.011  8.035000e-04  1.851850e-03    0.0    0.0
0.550  2.3603  1.263000e-01  5.011  4.897000e-04  1.641900e-03    0.0    0.0
0.575  2.4081  1.114500e-01  5.011  6.320000e-04  1.448850e-03    0.0    0.0
0.600  2.4536  9.790000e-02  5.011  4.113500e-04  1.272700e-03    0.0    0.0
0.625  2.4970  8.855000e-02  5.011  3.969000e-04  1.151150e-03    0.0    0.0
0.650  2.5385  8.035000e-02  5.011  5.405000e-04  1.044550e-03    0.0    0.0
0.675  2.5782  6.745000e-02  5.011  3.614000e-04  8.768500e-04    0.0    0.0
0.700  2.6161  5.720000e-02  5.011  2.909000e-04  7.436000e-04    0.0    0.0
0.725  2.6525  4.921000e-02  5.011  2.234500e-04  6.397300e-04    0.0    0.0
0.775  2.7208  3.990500e-02  5.011  2.207000e-04  5.187650e-04    0.0    0.0
0.800  2.7529  3.600000e-02  5.011  2.034000e-04  4.680000e-04    0.0    0.0
0.825  2.7838  3.082000e-02  5.011  1.864500e-04  4.006600e-04    0.0    0.0
0.850  2.8135  2.480000e-02  5.011  1.642000e-04  3.224000e-04    0.0    0.0
0.875  2.8421  1.947500e-02  5.011  1.410000e-04  2.531750e-04    0.0    0.0
0.925  2.8961  1.721000e-02  5.011  1.295500e-04  2.237300e-04    0.0    0.0
0.950  2.9217  2.048500e-02  5.011  1.498000e-04  2.663050e-04    0.0    0.0
0.975  2.9464  2.511000e-02  5.011  1.768000e-04  3.264300e-04    0.0    0.0
1.000  2.9703  2.724500e-02  5.011  1.935000e-04  3.541850e-04    0.0    0.0
1.025  2.9934  2.285500e-02  5.011  1.847500e-04  2.971150e-04    0.0    0.0
1.075  3.0372  1.103500e-02  5.011  1.116500e-04  1.434550e-04    0.0    0.0
1.100  3.0581  6.860000e-03  5.011  9.590000e-05  8.918000e-05    0.0    0.0
1.125  3.0783  4.627500e-03  5.011  9.080000e-05  6.015750e-05    0.0    0.0
1.150  3.0979  3.127500e-03  5.011  8.900000e-05  4.065750e-05    0.0    0.0
0.550  2.8395  1.161000e-01  5.011  8.050000e-04  1.509300e-03    0.0    0.0
0.575  2.9090  1.079500e-01  5.011  4.689500e-04  1.403350e-03    0.0    0.0
0.600  2.9757  9.590000e-02  5.011  5.585000e-04  1.246700e-03    0.0    0.0
0.625  3.0398  8.225000e-02  5.011  3.473000e-04  1.069250e-03    0.0    0.0
0.650  3.1015  7.160000e-02  5.011  3.232500e-04  9.308000e-04    0.0    0.0
0.675  3.1609  6.325000e-02  5.011  3.050500e-04  8.222500e-04    0.0    0.0
0.700  3.2182  5.495000e-02  5.011  4.022500e-04  7.143500e-04    0.0    0.0
0.725  3.2733  4.619000e-02  5.011  2.670500e-04  6.004700e-04    0.0    0.0
0.750  3.3266  3.821000e-02  5.011  2.092000e-04  4.967300e-04    0.0    0.0
0.775  3.3780  3.188500e-02  5.011  2.149500e-04  4.145050e-04    0.0    0.0
0.800  3.4276  2.820000e-02  5.011  2.188000e-04  3.666000e-04    0.0    0.0
0.825  3.4756  2.348500e-02  5.011  1.901500e-04  3.053050e-04    0.0    0.0
0.850  3.5220  1.993000e-02  5.011  1.742500e-04  2.590900e-04    0.0    0.0
0.875  3.5669  1.571500e-02  5.011  1.524000e-04  2.042950e-04    0.0    0.0
0.900  3.6104  1.226500e-02  5.011  1.304500e-04  1.594450e-04    0.0    0.0
0.925  3.6525  1.148500e-02  5.011  1.253500e-04  1.493050e-04    0.0    0.0
0.950  3.6933  1.181500e-02  5.011  1.282500e-04  1.535950e-04    0.0    0.0
0.975  3.7329  1.390000e-02  5.011  1.454000e-04  1.807000e-04    0.0    0.0
1.000  3.7713  1.459500e-02  5.011  1.568500e-04  1.897350e-04    0.0    0.0
1.025  3.8086  1.197000e-02  5.011  1.468500e-04  1.556100e-04    0.0    0.0
1.050  3.8447  7.915000e-03  5.011  1.250500e-04  1.028950e-04    0.0    0.0
1.075  3.8799  5.295000e-03  5.011  1.115500e-04  6.883500e-05    0.0    0.0
1.100  3.9140  3.156500e-03  5.011  9.660000e-05  4.103450e-05    0.0    0.0
1.125  3.9472  1.978500e-03  5.011  8.750000e-05  2.572050e-05    0.0    0.0
0.500  3.1551  1.391500e-01  5.011  8.805000e-04  1.808950e-03    0.0    0.0
0.525  3.2592  1.253500e-01  5.011  7.055000e-04  1.629550e-03    0.0    0.0
0.550  3.3600  1.097500e-01  5.011  5.085000e-04  1.426750e-03    0.0    0.0
0.575  3.4577  9.685000e-02  5.011  5.860000e-04  1.259050e-03    0.0    0.0
0.600  3.5524  8.610000e-02  5.011  4.603000e-04  1.119300e-03    0.0    0.0
0.625  3.6441  7.615000e-02  5.011  5.885000e-04  9.899500e-04    0.0    0.0
0.650  3.7332  6.840000e-02  5.011  4.538000e-04  8.892000e-04    0.0    0.0
0.675  3.8196  5.985000e-02  5.011  3.515500e-04  7.780500e-04    0.0    0.0
0.700  3.9035  4.985000e-02  5.011  2.916500e-04  6.480500e-04    0.0    0.0
0.725  3.9849  4.227000e-02  5.011  3.739500e-04  5.495100e-04    0.0    0.0
0.750  4.0641  3.569500e-02  5.011  2.398000e-04  4.640350e-04    0.0    0.0
0.775  4.1411  2.924500e-02  5.011  2.203000e-04  3.801850e-04    0.0    0.0
0.800  4.2160  2.383500e-02  5.011  2.047000e-04  3.098550e-04    0.0    0.0
0.825  4.2888  1.859500e-02  5.011  2.659000e-04  2.417350e-04    0.0    0.0
0.850  4.3597  1.550500e-02  5.011  1.346500e-04  2.015650e-04    0.0    0.0
0.875  4.4287  1.265500e-02  5.011  1.324000e-04  1.645150e-04    0.0    0.0
0.900  4.4959  1.019500e-02  5.011  1.219500e-04  1.325350e-04    0.0    0.0
0.925  4.5614  8.000000e-03  5.011  7.530000e-05  1.040000e-04    0.0    0.0
0.950  4.6253  7.570000e-03  5.011  1.048500e-04  9.841000e-05    0.0    0.0
0.975  4.6875  7.795000e-03  5.011  1.084000e-04  1.013350e-04    0.0    0.0
1.000  4.7482  7.910000e-03  5.011  1.139500e-04  1.028300e-04    0.0    0.0
1.025  4.8074  6.220000e-03  5.011  1.007000e-04  8.086000e-05    0.0    0.0
1.050  4.8652  4.147000e-03  5.011  8.090000e-05  5.391100e-05    0.0    0.0
1.075  4.9216  2.355000e-03  5.011  6.025000e-05  3.061500e-05    0.0    0.0
1.100  4.9766  1.517000e-03  5.011  4.876000e-05  1.972100e-05    0.0    0.0
1.125  5.0304  9.320000e-04  5.011  3.193500e-05  1.211600e-05    0.0    0.0
1.150  5.0830  5.690000e-04  5.011  4.833000e-05  7.397000e-06    0.0    0.0
1.175  5.1343  3.735000e-04  5.011  4.359000e-05  4.855500e-06    0.0    0.0
0.525  3.7345  1.186500e-01  5.011  6.845000e-04  1.542450e-03    0.0    0.0
0.550  3.8675  1.053500e-01  5.011  5.555000e-04  1.369550e-03    0.0    0.0
0.575  3.9974  9.145000e-02  5.011  6.235000e-04  1.188850e-03    0.0    0.0
0.600  4.1245  8.055000e-02  5.011  4.781000e-04  1.047150e-03    0.0    0.0
0.625  4.2487  6.890000e-02  5.011  4.735000e-04  8.957000e-04    0.0    0.0
0.650  4.3702  6.265000e-02  5.011  2.854000e-04  8.144500e-04    0.0    0.0
0.675  4.4891  5.370000e-02  5.011  3.104000e-04  6.981000e-04    0.0    0.0
0.700  4.6054  4.488500e-02  5.011  2.782500e-04  5.835050e-04    0.0    0.0
0.725  4.7193  3.815500e-02  5.011  2.567500e-04  4.960150e-04    0.0    0.0
0.750  4.8308  3.119500e-02  5.011  2.291500e-04  4.055350e-04    0.0    0.0
0.775  4.9399  2.617000e-02  5.011  2.154000e-04  3.402100e-04    0.0    0.0
0.800  5.0468  2.105000e-02  5.011  1.513000e-04  2.736500e-04    0.0    0.0
0.825  5.1516  1.673000e-02  5.011  1.034000e-04  2.174900e-04    0.0    0.0
0.850  5.2542  1.266000e-02  5.011  1.215500e-04  1.645800e-04    0.0    0.0
0.875  5.3547  9.780000e-03  5.011  7.415000e-05  1.271400e-04    0.0    0.0
0.900  5.4533  7.395000e-03  5.011  6.600000e-05  9.613500e-05    0.0    0.0
0.925  5.5500  5.795000e-03  5.011  8.275000e-05  7.533500e-05    0.0    0.0
0.950  5.6448  4.856000e-03  5.011  5.285000e-05  6.312800e-05    0.0    0.0
0.975  5.7377  4.705500e-03  5.011  7.510000e-05  6.117150e-05    0.0    0.0
1.000  5.8289  4.460500e-03  5.011  5.620000e-05  5.798650e-05    0.0    0.0
1.025  5.9184  3.184000e-03  5.011  7.625000e-05  4.139200e-05    0.0    0.0
1.050  6.0062  1.931000e-03  5.011  6.200000e-05  2.510300e-05    0.0    0.0
0.450  1.9506  1.743000e-01  5.766  6.595000e-04  2.265900e-03    0.0    0.0
0.475  1.9927  1.665500e-01  5.766  8.075000e-04  2.165150e-03    0.0    0.0
0.500  2.0320  1.544000e-01  5.766  7.180000e-04  2.007200e-03    0.0    0.0
0.525  2.0691  1.365000e-01  5.766  4.529500e-04  1.774500e-03    0.0    0.0
0.550  2.1039  1.206000e-01  5.766  5.920000e-04  1.567800e-03    0.0    0.0
0.575  2.1367  1.099000e-01  5.766  4.011000e-04  1.428700e-03    0.0    0.0
0.600  2.1678  1.007500e-01  5.766  5.450000e-04  1.309750e-03    0.0    0.0
0.625  2.1971  9.035000e-02  5.766  5.145000e-04  1.174550e-03    0.0    0.0
0.650  2.2249  7.575000e-02  5.766  3.417500e-04  9.847500e-04    0.0    0.0
0.675  2.2513  6.495000e-02  5.766  4.714000e-04  8.443500e-04    0.0    0.0
0.700  2.2763  5.670000e-02  5.766  2.311500e-04  7.371000e-04    0.0    0.0
0.725  2.3002  5.175000e-02  5.766  2.001000e-04  6.727500e-04    0.0    0.0
0.775  2.3445  4.559000e-02  5.766  1.895000e-04  5.926700e-04    0.0    0.0
0.825  2.3849  3.265000e-02  5.766  1.452500e-04  4.244500e-04    0.0    0.0
0.875  2.4219  2.145000e-02  5.766  1.037000e-04  2.788500e-04    0.0    0.0
0.925  2.4559  2.400000e-02  5.766  1.186500e-04  3.120000e-04    0.0    0.0
0.975  2.4872  3.660000e-02  5.766  1.801500e-04  4.758000e-04    0.0    0.0
1.025  2.5161  3.252000e-02  5.766  1.697000e-04  4.227600e-04    0.0    0.0
1.075  2.5429  1.577000e-02  5.766  9.510000e-05  2.050100e-04    0.0    0.0
1.125  2.5679  7.100000e-03  5.766  5.335000e-05  9.230000e-05    0.0    0.0
1.150  2.5797  4.925000e-03  5.766  4.886000e-05  6.402500e-05    0.0    0.0
1.200  2.6022  2.536500e-03  5.766  3.423000e-05  3.297450e-05    0.0    0.0
1.250  2.6232  1.465500e-03  5.766  2.735000e-05  1.905150e-05    0.0    0.0
1.300  2.6429  8.140000e-04  5.766  2.261500e-05  1.058200e-05    0.0    0.0
1.350  2.6615  5.390000e-04  5.766  2.038500e-05  7.007000e-06    0.0    0.0
1.400  2.6789  3.266000e-04  5.766  1.870500e-05  4.245800e-06    0.0    0.0
1.450  2.6953  2.407500e-04  5.766  1.011000e-06  3.129750e-06    0.0    0.0
0.400  2.2853  1.997000e-01  5.766  9.080000e-04  2.596100e-03    0.0    0.0
0.425  2.3585  1.865500e-01  5.766  7.560000e-04  2.425150e-03    0.0    0.0
0.450  2.4277  1.704000e-01  5.766  5.385000e-04  2.215200e-03    0.0    0.0
0.475  2.4931  1.543000e-01  5.766  6.215000e-04  2.005900e-03    0.0    0.0
0.500  2.5551  1.412000e-01  5.766  6.080000e-04  1.835600e-03    0.0    0.0
0.525  2.6139  1.297500e-01  5.766  5.260000e-04  1.686750e-03    0.0    0.0
0.550  2.6697  1.175000e-01  5.766  3.816000e-04  1.527500e-03    0.0    0.0
0.575  2.7228  1.072000e-01  5.766  5.255000e-04  1.393600e-03    0.0    0.0
0.600  2.7734  9.415000e-02  5.766  4.450000e-04  1.223950e-03    0.0    0.0
0.625  2.8216  8.185000e-02  5.766  2.783000e-04  1.064050e-03    0.0    0.0
0.650  2.8676  7.220000e-02  5.766  3.623500e-04  9.386000e-04    0.0    0.0
0.675  2.9116  6.465000e-02  5.766  3.355500e-04  8.404500e-04    0.0    0.0
0.700  2.9537  5.465000e-02  5.766  2.125000e-04  7.104500e-04    0.0    0.0
0.725  2.9939  4.572000e-02  5.766  2.714000e-04  5.943600e-04    0.0    0.0
0.750  3.0325  3.899500e-02  5.766  2.501000e-04  5.069350e-04    0.0    0.0
0.775  3.0695  3.350500e-02  5.766  1.730500e-04  4.355650e-04    0.0    0.0
0.800  3.1050  2.922000e-02  5.766  1.262500e-04  3.798600e-04    0.0    0.0
0.825  3.1391  2.558000e-02  5.766  1.050000e-04  3.325400e-04    0.0    0.0
0.875  3.2035  1.696000e-02  5.766  7.440000e-05  2.204800e-04    0.0    0.0
0.925  3.2632  1.380000e-02  5.766  6.205000e-05  1.794000e-04    0.0    0.0
0.950  3.2914  1.561500e-02  5.766  7.115000e-05  2.029950e-04    0.0    0.0
1.000  3.3450  1.909000e-02  5.766  8.790000e-05  2.481700e-04    0.0    0.0
1.025  3.3704  1.560000e-02  5.766  7.800000e-05  2.028000e-04    0.0    0.0
1.075  3.4187  6.920000e-03  5.766  4.024000e-05  8.996000e-05    0.0    0.0
1.125  3.4640  2.910500e-03  5.766  2.107500e-05  3.783650e-05    0.0    0.0
1.150  3.4855  1.999000e-03  5.766  1.860000e-05  2.598700e-05    0.0    0.0
1.200  3.5267  9.920000e-04  5.766  1.209500e-05  1.289600e-05    0.0    0.0
1.225  3.5464  7.040000e-04  5.766  1.153500e-05  9.152000e-06    0.0    0.0
1.275  3.5840  3.748000e-04  5.766  8.555000e-06  4.872400e-06    0.0    0.0
1.300  3.6020  2.919500e-04  5.766  1.961000e-06  3.795350e-06    0.0    0.0
1.350  3.6364  1.678000e-04  5.766  7.435000e-06  2.181400e-06    0.0    0.0
1.400  3.6691  1.122000e-04  5.766  6.585000e-06  1.458600e-06    0.0    0.0
1.425  3.6847  8.970000e-05  5.766  9.335000e-07  1.166100e-06    0.0    0.0
1.550  3.7571  3.160500e-05  5.766  5.675000e-07  4.108650e-07    0.0    0.0
1.675  3.8210  1.234500e-05  5.766  3.740000e-07  1.604850e-07    0.0    0.0
0.475  2.9140  1.508500e-01  5.766  6.485000e-04  1.961050e-03    0.0    0.0
0.500  2.9991  1.381000e-01  5.766  5.250000e-04  1.795300e-03    0.0    0.0
0.525  3.0804  1.244000e-01  5.766  4.542000e-04  1.617200e-03    0.0    0.0
0.550  3.1582  1.103500e-01  5.766  4.151500e-04  1.434550e-03    0.0    0.0
0.575  3.2328  9.925000e-02  5.766  3.244500e-04  1.290250e-03    0.0    0.0
0.600  3.3043  8.935000e-02  5.766  4.050000e-04  1.161550e-03    0.0    0.0
0.625  3.3730  7.925000e-02  5.766  3.086500e-04  1.030250e-03    0.0    0.0
0.650  3.4390  6.875000e-02  5.766  3.082500e-04  8.937500e-04    0.0    0.0
0.675  3.5024  5.950000e-02  5.766  2.936500e-04  7.735000e-04    0.0    0.0
0.700  3.5634  5.175000e-02  5.766  1.755000e-04  6.727500e-04    0.0    0.0
0.725  3.6222  4.448500e-02  5.766  2.218000e-04  5.783050e-04    0.0    0.0
0.750  3.6788  3.636000e-02  5.766  1.884000e-04  4.726800e-04    0.0    0.0
0.775  3.7334  2.973000e-02  5.766  1.165500e-04  3.864900e-04    0.0    0.0
0.800  3.7861  2.480000e-02  5.766  1.478000e-04  3.224000e-04    0.0    0.0
0.825  3.8370  2.077000e-02  5.766  1.301000e-04  2.700100e-04    0.0    0.0
0.850  3.8861  1.716500e-02  5.766  8.660000e-05  2.231450e-04    0.0    0.0
0.875  3.9336  1.401000e-02  5.766  1.186500e-04  1.821300e-04    0.0    0.0
0.900  3.9795  1.108000e-02  5.766  5.725000e-05  1.440400e-04    0.0    0.0
0.925  4.0239  9.480000e-03  5.766  4.772000e-05  1.232400e-04    0.0    0.0
0.950  4.0670  9.775000e-03  5.766  5.080000e-05  1.270750e-04    0.0    0.0
1.000  4.1491  1.112000e-02  5.766  5.710000e-05  1.445600e-04    0.0    0.0
1.025  4.1882  8.795000e-03  5.766  5.015000e-05  1.143350e-04    0.0    0.0
1.075  4.2631  3.671000e-03  5.766  2.603500e-05  4.772300e-05    0.0    0.0
1.100  4.2989  2.314500e-03  5.766  2.196000e-05  3.008850e-05    0.0    0.0
1.150  4.3675  9.675000e-04  5.766  1.257500e-05  1.257750e-05    0.0    0.0
1.175  4.4004  6.490000e-04  5.766  1.165500e-05  8.437000e-06    0.0    0.0
1.200  4.4323  4.527000e-04  5.766  1.112500e-05  5.885100e-06    0.0    0.0
1.250  4.4937  2.383500e-04  5.766  7.310000e-06  3.098550e-06    0.0    0.0
1.275  4.5231  1.841500e-04  5.766  7.130000e-06  2.393950e-06    0.0    0.0
1.325  4.5798  1.051500e-04  5.766  5.330000e-06  1.366950e-06    0.0    0.0
1.350  4.6071  7.470000e-05  5.766  5.295000e-06  9.711000e-07    0.0    0.0
1.400  4.6596  4.541500e-05  5.766  4.610000e-06  5.903950e-07    0.0    0.0
1.425  4.6848  3.557500e-05  5.766  4.921000e-06  4.624750e-07    0.0    0.0
0.525  3.6362  1.184500e-01  5.766  8.385000e-04  1.539850e-03    0.0    0.0
0.550  3.7452  1.071000e-01  5.766  4.792500e-04  1.392300e-03    0.0    0.0
0.575  3.8506  9.390000e-02  5.766  3.908500e-04  1.220700e-03    0.0    0.0
0.600  3.9525  8.250000e-02  5.766  3.508500e-04  1.072500e-03    0.0    0.0
0.625  4.0511  7.115000e-02  5.766  2.640500e-04  9.249500e-04    0.0    0.0
0.650  4.1467  6.315000e-02  5.766  3.151500e-04  8.209500e-04    0.0    0.0
0.675  4.2392  5.470000e-02  5.766  2.380000e-04  7.111000e-04    0.0    0.0
0.700  4.3290  4.669000e-02  5.766  2.162500e-04  6.069700e-04    0.0    0.0
0.725  4.4160  3.920500e-02  5.766  2.268500e-04  5.096650e-04    0.0    0.0
0.750  4.5005  3.283500e-02  5.766  1.333500e-04  4.268550e-04    0.0    0.0
0.775  4.5824  2.684000e-02  5.766  1.632000e-04  3.489200e-04    0.0    0.0
0.800  4.6621  2.154500e-02  5.766  1.004000e-04  2.800850e-04    0.0    0.0
0.825  4.7394  1.702500e-02  5.766  1.227500e-04  2.213250e-04    0.0    0.0
0.850  4.8146  1.354000e-02  5.766  7.635000e-05  1.760200e-04    0.0    0.0
0.875  4.8877  1.080000e-02  5.766  9.730000e-05  1.404000e-04    0.0    0.0
0.900  4.9588  8.345000e-03  5.766  6.445000e-05  1.084850e-04    0.0    0.0
0.925  5.0280  6.550000e-03  5.766  4.781000e-05  8.515000e-05    0.0    0.0
0.950  5.0954  5.925000e-03  5.766  4.204000e-05  7.702500e-05    0.0    0.0
0.975  5.1610  6.000000e-03  5.766  4.467500e-05  7.800000e-05    0.0    0.0
1.000  5.2249  5.805000e-03  5.766  4.396000e-05  7.546500e-05    0.0    0.0
1.025  5.2871  4.431000e-03  5.766  3.912500e-05  5.760300e-05    0.0    0.0
1.050  5.3478  2.873500e-03  5.766  3.212000e-05  3.735550e-05    0.0    0.0
1.100  5.4648  1.056000e-03  5.766  1.557000e-05  1.372800e-05    0.0    0.0
1.125  5.5211  6.660000e-04  5.766  1.317000e-05  8.658000e-06    0.0    0.0
1.150  5.5761  4.291000e-04  5.766  1.115500e-05  5.578300e-06    0.0    0.0
1.175  5.6297  3.048000e-04  5.766  9.745000e-06  3.962400e-06    0.0    0.0
1.200  5.6822  2.041000e-04  5.766  8.520000e-06  2.653300e-06    0.0    0.0
1.225  5.7334  1.384500e-04  5.766  7.550000e-06  1.799850e-06    0.0    0.0
1.250  5.7834  9.535000e-05  5.766  6.770000e-06  1.239550e-06    0.0    0.0
1.275  5.8323  7.395000e-05  5.766  6.400000e-06  9.613500e-07    0.0    0.0
1.300  5.8801  5.550000e-05  5.766  2.484000e-06  7.215000e-07    0.0    0.0
1.325  5.9269  3.779000e-05  5.766  6.480000e-06  4.912700e-07    0.0    0.0
1.350  5.9726  2.933500e-05  5.766  1.769500e-06  3.813550e-07    0.0    0.0
1.400  6.0611  1.846500e-05  5.766  1.336500e-06  2.400450e-07    0.0    0.0
1.450  6.1459  8.615000e-06  5.766  1.020500e-06  1.119950e-07    0.0    0.0
1.500  6.2272  5.130000e-06  5.766  8.175000e-07  6.669000e-08    0.0    0.0
1.550  6.3052  3.343000e-06  5.766  6.145000e-07  4.345900e-08    0.0    0.0
1.600  6.3802  2.198500e-06  5.766  5.055000e-07  2.858050e-08    0.0    0.0
1.650  6.4522  9.460000e-07  5.766  3.628000e-07  1.229800e-08    0.0    0.0
1.700  6.5216  9.480000e-07  5.766  3.472000e-07  1.232400e-08    0.0    0.0
1.750  6.5883  3.061000e-07  5.766  2.356500e-07  3.979300e-09    0.0    0.0
0.325  2.8682  2.366000e-01  5.766  1.033000e-03  3.075800e-03    0.0    0.0
0.350  3.0456  2.204000e-01  5.766  8.935000e-04  2.865200e-03    0.0    0.0
0.375  3.2182  2.073500e-01  5.766  8.660000e-04  2.695550e-03    0.0    0.0
0.400  3.3860  1.918000e-01  5.766  7.105000e-04  2.493400e-03    0.0    0.0
0.425  3.5494  1.759500e-01  5.766  6.540000e-04  2.287350e-03    0.0    0.0
0.450  3.7084  1.593000e-01  5.766  6.480000e-04  2.070900e-03    0.0    0.0
0.475  3.8632  1.443000e-01  5.766  5.885000e-04  1.875900e-03    0.0    0.0
0.500  4.0141  1.298000e-01  5.766  5.150000e-04  1.687400e-03    0.0    0.0
0.525  4.1611  1.150000e-01  5.766  4.592000e-04  1.495000e-03    0.0    0.0
0.550  4.3044  1.019500e-01  5.766  4.325000e-04  1.325350e-03    0.0    0.0
0.575  4.4442  8.900000e-02  5.766  3.489500e-04  1.157000e-03    0.0    0.0
0.600  4.5805  7.780000e-02  5.766  2.790500e-04  1.011400e-03    0.0    0.0
0.625  4.7136  6.765000e-02  5.766  2.553500e-04  8.794500e-04    0.0    0.0
0.650  4.8434  5.730000e-02  5.766  1.833500e-04  7.449000e-04    0.0    0.0
0.675  4.9702  4.876000e-02  5.766  2.027000e-04  6.338800e-04    0.0    0.0
0.700  5.0940  4.203500e-02  5.766  1.859000e-04  5.464550e-04    0.0    0.0
0.725  5.2149  3.546500e-02  5.766  1.330500e-04  4.610450e-04    0.0    0.0
0.750  5.3331  2.930000e-02  5.766  1.641000e-04  3.809000e-04    0.0    0.0
0.775  5.4486  2.425500e-02  5.766  1.128500e-04  3.153150e-04    0.0    0.0
0.800  5.5615  1.954000e-02  5.766  9.675000e-05  2.540200e-04    0.0    0.0
0.825  5.6720  1.490500e-02  5.766  1.143500e-04  1.937650e-04    0.0    0.0
0.850  5.7800  1.155500e-02  5.766  6.925000e-05  1.502150e-04    0.0    0.0
0.875  5.8857  8.575000e-03  5.766  6.010000e-05  1.114750e-04    0.0    0.0
0.900  5.9891  6.555000e-03  5.766  7.410000e-05  8.521500e-05    0.0    0.0
0.925  6.0903  5.045000e-03  5.766  3.890000e-05  6.558500e-05    0.0    0.0
0.950  6.1894  4.053000e-03  5.766  3.590000e-05  5.268900e-05    0.0    0.0
0.975  6.2865  3.865500e-03  5.766  4.474000e-05  5.025150e-05    0.0    0.0
1.000  6.3815  3.454500e-03  5.766  4.147000e-05  4.490850e-05    0.0    0.0
1.025  6.4747  2.510000e-03  5.766  3.363500e-05  3.263000e-05    0.0    0.0
1.050  6.5660  1.630000e-03  5.766  2.611000e-05  2.119000e-05    0.0    0.0
1.075  6.6554  9.410000e-04  5.766  1.519000e-05  1.223300e-05    0.0    0.0
1.100  6.7431  5.685000e-04  5.766  1.926500e-05  7.390500e-06    0.0    0.0
1.125  6.8291  3.388500e-04  5.766  1.489000e-05  4.405050e-06    0.0    0.0
1.150  6.9134  1.961500e-04  5.766  1.193500e-05  2.549950e-06    0.0    0.0
1.175  6.9961  1.395500e-04  5.766  9.465000e-06  1.814150e-06    0.0    0.0
1.200  7.0772  9.460000e-05  5.766  8.240000e-06  1.229800e-06    0.0    0.0
1.225  7.1568  7.545000e-05  5.766  4.728000e-06  9.808500e-07    0.0    0.0
1.250  7.2350  5.700000e-05  5.766  5.425000e-06  7.410000e-07    0.0    0.0
1.300  7.3869  2.704000e-05  5.766  3.941000e-06  3.515200e-07    0.0    0.0
1.325  7.4609  1.869000e-05  5.766  3.526000e-06  2.429700e-07    0.0    0.0
1.350  7.5335  1.245500e-05  5.766  3.179500e-06  1.619150e-07    0.0    0.0
1.400  7.6748  7.995000e-06  5.766  2.143000e-06  1.039350e-07    0.0    0.0
1.425  7.7437  4.485500e-06  5.766  2.115000e-06  5.831150e-08    0.0    0.0
1.450  7.8113  6.760000e-06  5.766  2.157500e-06  8.788000e-08    0.0    0.0
1.500  7.9431  1.784500e-06  5.766  1.994500e-06  2.319850e-08    0.0    0.0
1.525  8.0074  1.837000e-06  5.766  1.210500e-06  2.388100e-08    0.0    0.0
1.550  8.0705  1.543500e-06  5.766  1.174000e-06  2.006550e-08    0.0    0.0
1.625  8.2538  6.005000e-07  5.766  8.480000e-07  7.806500e-09    0.0    0.0
1.650  8.3130  1.206000e-06  5.766  1.027500e-06  1.567800e-08    0.0    0.0
1.700  8.4284  5.475000e-07  5.766  5.475000e-07  7.117500e-09    0.0    0.0
1.725  8.4847  1.893500e-07  5.766  1.046500e-06  2.461550e-09    0.0    0.0
0.350  3.2663  2.166500e-01  5.766  1.811000e-03  2.816450e-03    0.0    0.0
0.375  3.4655  2.047000e-01  5.766  1.540000e-03  2.661100e-03    0.0    0.0
0.400  3.6610  1.912500e-01  5.766  1.357500e-03  2.486250e-03    0.0    0.0
0.425  3.8527  1.731000e-01  5.766  9.555000e-04  2.250300e-03    0.0    0.0
0.450  4.0407  1.565500e-01  5.766  9.070000e-04  2.035150e-03    0.0    0.0
0.475  4.2253  1.396500e-01  5.766  8.690000e-04  1.815450e-03    0.0    0.0
0.500  4.4064  1.264500e-01  5.766  6.560000e-04  1.643850e-03    0.0    0.0
0.525  4.5842  1.125000e-01  5.766  5.650000e-04  1.462500e-03    0.0    0.0
0.550  4.7588  9.830000e-02  5.766  5.040000e-04  1.277900e-03    0.0    0.0
0.575  4.9302  8.600000e-02  5.766  4.146000e-04  1.118000e-03    0.0    0.0
0.600  5.0985  7.435000e-02  5.766  4.004000e-04  9.665500e-04    0.0    0.0
0.625  5.2639  6.375000e-02  5.766  2.729500e-04  8.287500e-04    0.0    0.0
0.650  5.4263  5.450000e-02  5.766  2.949000e-04  7.085000e-04    0.0    0.0
0.675  5.5860  4.545500e-02  5.766  2.175500e-04  5.909150e-04    0.0    0.0
0.700  5.7428  3.800000e-02  5.766  2.434500e-04  4.940000e-04    0.0    0.0
0.725  5.8970  3.222500e-02  5.766  1.909500e-04  4.189250e-04    0.0    0.0
0.750  6.0486  2.650000e-02  5.766  1.385000e-04  3.445000e-04    0.0    0.0
0.775  6.1976  2.148000e-02  5.766  1.237500e-04  2.792400e-04    0.0    0.0
0.800  6.3441  1.689000e-02  5.766  1.054500e-04  2.195700e-04    0.0    0.0
0.825  6.4882  1.317000e-02  5.766  9.245000e-05  1.712100e-04    0.0    0.0
0.850  6.6299  1.003500e-02  5.766  8.065000e-05  1.304550e-04    0.0    0.0
0.875  6.7694  7.405000e-03  5.766  6.980000e-05  9.626500e-05    0.0    0.0
0.900  6.9065  5.380000e-03  5.766  6.355000e-05  6.994000e-05    0.0    0.0
0.925  7.0415  3.960500e-03  5.766  4.495500e-05  5.148650e-05    0.0    0.0
0.950  7.1743  3.135000e-03  5.766  6.390000e-05  4.075500e-05    0.0    0.0
0.975  7.3051  2.615500e-03  5.766  5.665000e-05  3.400150e-05    0.0    0.0
1.000  7.4338  2.211500e-03  5.766  3.751000e-05  2.874950e-05    0.0    0.0
1.025  7.5605  1.473000e-03  5.766  4.429500e-05  1.914900e-05    0.0    0.0
1.050  7.6852  9.420000e-04  5.766  2.562000e-05  1.224600e-05    0.0    0.0
1.075  7.8080  5.185000e-04  5.766  2.916000e-05  6.740500e-06    0.0    0.0
1.100  7.9290  3.126500e-04  5.766  1.666500e-05  4.064450e-06    0.0    0.0
1.125  8.0481  2.125000e-04  5.766  2.104500e-05  2.762500e-06    0.0    0.0
1.150  8.1655  1.283500e-04  5.766  1.218000e-05  1.668550e-06    0.0    0.0
1.175  8.2811  8.455000e-05  5.766  8.335000e-06  1.099150e-06    0.0    0.0
1.200  8.3950  3.673500e-05  5.766  9.410000e-06  4.775550e-07    0.0    0.0
1.225  8.5073  5.255000e-05  5.766  8.320000e-06  6.831500e-07    0.0    0.0
1.250  8.6179  4.515500e-05  5.766  8.335000e-06  5.870150e-07    0.0    0.0
1.275  8.7270  2.004500e-05  5.766  7.035000e-06  2.605850e-07    0.0    0.0
1.300  8.8344  1.296500e-05  5.766  4.822500e-06  1.685450e-07    0.0    0.0
1.325  8.9404  1.101500e-05  5.766  4.204500e-06  1.431950e-07    0.0    0.0
1.350  9.0448  1.001000e-05  5.766  3.768000e-06  1.301300e-07    0.0    0.0
1.375  9.1478  6.500000e-06  5.766  3.339500e-06  8.450000e-08    0.0    0.0
1.400  9.2494  8.235000e-06  5.766  3.379500e-06  1.070550e-07    0.0    0.0
1.425  9.3495  3.026500e-06  5.766  2.894000e-06  3.934450e-08    0.0    0.0
1.450  9.4483  5.565000e-06  5.766  2.272500e-06  7.234500e-08    0.0    0.0
1.475  9.5457  5.350000e-06  5.766  2.746000e-06  6.955000e-08    0.0    0.0
1.500  9.6418  1.150500e-07  5.766  1.711500e-06  1.495650e-09    0.0    0.0