e03103,f2,p target
converted from 10045.xlsx
*
 0.0250  0
x      Q2        F2  Ebeam      stat       sys_tot  dummy  dummy
0.350  3.2663  0.263100  5.766  0.002149  3.420300e-03    0.0    0.0
0.375  3.4655  0.246900  5.766  0.001829  3.209700e-03    0.0    0.0
0.400  3.6610  0.234600  5.766  0.001618  3.049800e-03    0.0    0.0
0.425  3.8527  0.214900  5.766  0.001231  2.793700e-03    0.0    0.0
0.450  4.0407  0.196400  5.766  0.001203  2.553200e-03    0.0    0.0
0.475  4.2253  0.179900  5.766  0.001169  2.338700e-03    0.0    0.0
0.500  4.4064  0.162300  5.766  0.000907  2.109900e-03    0.0    0.0
0.525  4.5842  0.148100  5.766  0.000814  1.925300e-03    0.0    0.0
0.550  4.7588  0.130700  5.766  0.000731  1.699100e-03    0.0    0.0
0.575  4.9302  0.115200  5.766  0.000605  1.497600e-03    0.0    0.0
0.600  5.0985  0.100200  5.766  0.000599  1.302600e-03    0.0    0.0
0.625  5.2639  0.085430  5.766  0.000421  1.110590e-03    0.0    0.0
0.650  5.4263  0.073220  5.766  0.000461  9.518600e-04    0.0    0.0
0.675  5.5860  0.060750  5.766  0.000342  7.897500e-04    0.0    0.0
0.700  5.7428  0.049630  5.766  0.000379  6.451900e-04    0.0    0.0
0.725  5.8970  0.044960  5.766  0.000308  5.844800e-04    0.0    0.0
0.750  6.0486  0.042790  5.766  0.000243  5.562700e-04    0.0    0.0
0.775  6.1976  0.027330  5.766  0.000183  3.552900e-04    0.0    0.0
0.800  6.3441  0.021230  5.766  0.000156  2.759900e-04    0.0    0.0
0.825  6.4882  0.022710  5.766  0.000173  2.952300e-04    0.0    0.0
0.850  6.6299  0.012560  5.766  0.000126  1.632800e-04    0.0    0.0
0.875  6.7694  0.008619  5.766  0.000109  1.120470e-04    0.0    0.0
0.900  6.9065  0.005604  5.766  0.000094  7.285200e-05    0.0    0.0
0.925  7.0415  0.003677  5.766  0.000109  4.780100e-05    0.0    0.0
0.325  2.8682  0.280800  5.766  0.001345  3.650400e-03    0.0    0.0
0.350  3.0456  0.267100  5.766  0.001181  3.472300e-03    0.0    0.0
0.375  3.2182  0.253700  5.766  0.001299  3.298100e-03    0.0    0.0
0.400  3.3860  0.235200  5.766  0.003471  3.057600e-03    0.0    0.0
0.375  3.2182  0.246900  5.766  0.002481  3.209700e-03    0.0    0.0
0.400  3.3860  0.235500  5.766  0.000993  3.061500e-03    0.0    0.0
0.425  3.5494  0.217900  5.766  0.000887  2.832700e-03    0.0    0.0
0.450  3.7084  0.201100  5.766  0.000891  2.614300e-03    0.0    0.0
0.475  3.8632  0.183700  5.766  0.001196  2.388100e-03    0.0    0.0
0.475  3.8632  0.184000  5.766  0.001038  2.392000e-03    0.0    0.0
0.500  4.0141  0.168100  5.766  0.000672  2.185300e-03    0.0    0.0
0.525  4.1611  0.150300  5.766  0.000602  1.953900e-03    0.0    0.0
0.550  4.3044  0.134500  5.766  0.000570  1.748500e-03    0.0    0.0
0.575  4.4442  0.118300  5.766  0.000576  1.537900e-03    0.0    0.0
0.600  4.5805  0.103000  5.766  0.000779  1.339000e-03    0.0    0.0
0.575  4.4442  0.117000  5.766  0.000928  1.521000e-03    0.0    0.0
0.600  4.5805  0.102400  5.766  0.000511  1.331200e-03    0.0    0.0
0.625  4.7136  0.089760  5.766  0.000421  1.166880e-03    0.0    0.0
0.650  4.8434  0.076370  5.766  0.000309  9.928100e-04    0.0    0.0
0.675  4.9702  0.064790  5.766  0.000346  8.422700e-04    0.0    0.0
0.700  5.0940  0.061120  5.766  0.000341  7.945600e-04    0.0    0.0
0.725  5.2149  0.055910  5.766  0.000308  7.268300e-04    0.0    0.0
0.750  5.3331  0.036120  5.766  0.000481  4.695600e-04    0.0    0.0
0.725  5.2149  0.056250  5.766  0.000446  7.312500e-04    0.0    0.0
0.750  5.3331  0.037090  5.766  0.000281  4.821700e-04    0.0    0.0
0.775  5.4486  0.030030  5.766  0.000154  3.903900e-04    0.0    0.0
0.800  5.5615  0.034070  5.766  0.000172  4.429100e-04    0.0    0.0
0.825  5.6720  0.019590  5.766  0.000168  2.546700e-04    0.0    0.0
0.850  5.7800  0.014070  5.766  0.000099  1.829100e-04    0.0    0.0
0.875  5.8857  0.009939  5.766  0.000084  1.292070e-04    0.0    0.0
0.900  5.9891  0.007699  5.766  0.000109  1.000870e-04    0.0    0.0
0.925  6.0903  0.003856  5.766  0.000056  5.012800e-05    0.0    0.0
0.950  6.1894  0.000359  5.766  0.000012  4.672200e-06    0.0    0.0
0.675  4.2392  0.085420  5.766  0.000955  1.110460e-03    0.0    0.0
0.700  4.3290  0.064160  5.766  0.000717  8.340800e-04    0.0    0.0
0.725  4.4160  0.045600  5.766  0.000518  5.928000e-04    0.0    0.0
0.750  4.5005  0.046130  5.766  0.000354  5.996900e-04    0.0    0.0
0.775  4.5824  0.046700  5.766  0.000520  6.071000e-04    0.0    0.0
0.800  4.6621  0.026960  5.766  0.000266  3.504800e-04    0.0    0.0
0.825  4.7394  0.020510  5.766  0.000336  2.666300e-04    0.0    0.0
0.850  4.8146  0.015550  5.766  0.000207  2.021500e-04    0.0    0.0
0.875  4.8877  0.013480  5.766  0.000288  1.752400e-04    0.0    0.0
0.900  4.9588  0.009719  5.766  0.000200  1.263470e-04    0.0    0.0
0.925  5.0280  0.002274  5.766  0.000132  2.956200e-05    0.0    0.0
0.950  5.0954  0.000018  5.766  0.000001  2.276300e-07    0.0    0.0
0.900  3.9795  0.006847  5.766  0.000084  8.901100e-05    0.0    0.0
0.925  4.0239  0.001004  5.766  0.000017  1.305200e-05    0.0    0.0
0.800  3.1050  0.036400  5.766  0.000231  4.732000e-04    0.0    0.0
0.825  3.1391  0.035330  5.766  0.000209  4.592900e-04    0.0    0.0
0.875  3.2035  0.012650  5.766  0.000095  1.644500e-04    0.0    0.0
0.700  2.2763  0.065990  5.766  0.000385  8.578700e-04    0.0    0.0
0.725  2.3002  0.060770  5.766  0.000324  7.900100e-04    0.0    0.0
0.775  2.3445  0.063390  5.766  0.000326  8.240700e-04    0.0    0.0
0.825  2.3849  0.037690  5.766  0.000248  4.899700e-04    0.0    0.0
0.875  2.4219  0.004155  5.766  0.000042  5.401500e-05    0.0    0.0