e06009,F2,d target
converted from 10041.xlsx
*
 0.0000  3
x  Q2        F2  Ebeam      stat   sys_tot  sys_u   f2angle     f2rad  f2charge
1.09310   2  0.018946    0.0  0.001281  0.000000    0.0  0.000000  0.000000  0.000000
1.06970   2  0.027941    0.0  0.001316  0.000000    0.0  0.000000  0.000000  0.000000
1.04730   2  0.042756    0.0  0.001006  0.000910    0.0  2.123937  0.130007  0.001157
1.02580   2  0.054635    0.0  0.001092  0.001154    0.0  2.105427  0.162844  0.001268
1.00520   2  0.065025    0.0  0.000884  0.001074    0.0  1.639139  0.209073  0.002430
0.98539   2  0.064605    0.0  0.000721  0.000283    0.0  0.394327  0.190202  0.002555
0.96635   2  0.057405    0.0  0.000884  0.000353    0.0  0.602247  0.128360  0.003047
0.94803   2  0.045993    0.0  0.000867  0.000507    0.0  1.097993  0.090162  0.002576
0.93039   2  0.036927    0.0  0.000740  0.000471    0.0  1.273286  0.056969  0.003482
0.91339   2  0.031242    0.0  0.000590  0.000371    0.0  1.186205  0.015259  0.004899
0.89700   2  0.027317    0.0  0.000437  0.000185    0.0  0.676221  0.000475  0.009468
0.88120   2  0.025725    0.0  0.000266  0.000058    0.0  0.224416  0.005797  0.009377
0.86593   2  0.026227    0.0  0.000265  0.000310    0.0  1.181816  0.002585  0.010606
0.85119   2  0.028335    0.0  0.000375  0.000583    0.0  2.057702  0.004487  0.013598
0.83694   2  0.031756    0.0  0.000499  0.000825    0.0  2.598564  0.033071  0.015335
0.82317   2  0.036718    0.0  0.000607  0.001040    0.0  2.830900  0.071809  0.016078
0.80983   2  0.041386    0.0  0.000679  0.001186    0.0  2.864133  0.106610  0.017185
0.79693   2  0.047389    0.0  0.000712  0.001275    0.0  2.686805  0.131402  0.017432
0.78442   2  0.051995    0.0  0.000697  0.001182    0.0  2.269737  0.137677  0.016791
0.77231   2  0.056515    0.0  0.000662  0.001106    0.0  1.951517  0.140626  0.016912
0.76056   2  0.060100    0.0  0.000777  0.001238    0.0  2.052579  0.169484  0.015810
0.74916   2  0.062045    0.0  0.000643  0.000870    0.0  1.396164  0.127843  0.020611
0.73810   2  0.062280    0.0  0.000670  0.000787    0.0  1.258671  0.115262  0.031618
0.72737   2  0.063320    0.0  0.000669  0.000754    0.0  1.186592  0.099400  0.034638
0.71694   2  0.063580    0.0  0.000763  0.000941    0.0  1.476093  0.110994  0.032296
0.70680   2  0.065475    0.0  0.000777  0.000991    0.0  1.509584  0.096732  0.035411
0.69695   2  0.065635    0.0  0.000786  0.001047    0.0  1.593129  0.085838  0.039560
0.68737   2  0.067185    0.0  0.000809  0.001235    0.0  1.835826  0.084498  0.048095
0.67805   2  0.069520    0.0  0.000842  0.001341    0.0  1.926784  0.078913  0.053120
0.66898   2  0.072070    0.0  0.000883  0.001459    0.0  2.022339  0.075302  0.059086
0.66014   2  0.074365    0.0  0.000774  0.001281    0.0  1.720231  0.074370  0.043571
0.65154   2  0.078200    0.0  0.000806  0.001422    0.0  1.815921  0.081982  0.034976
0.64316   2  0.081335    0.0  0.000865  0.001633    0.0  2.005410  0.084927  0.054911
0.63499   2  0.085235    0.0  0.000910  0.001649    0.0  1.931953  0.084490  0.054898
0.62703   2  0.090000    0.0  0.000958  0.001767    0.0  1.959944  0.088183  0.059744
0.61926   2  0.094830    0.0  0.001005  0.001842    0.0  1.939418  0.091121  0.065533
0.61169   2  0.099075    0.0  0.001029  0.001885    0.0  1.898915  0.094353  0.070553
0.60429   2  0.103375    0.0  0.001052  0.001895    0.0  1.828875  0.095081  0.076092
0.59708   2  0.108025    0.0  0.001057  0.001861    0.0  1.718121  0.093626  0.080643
0.59003   2  0.113070    0.0  0.001071  0.001820    0.0  1.605200  0.087932  0.087521
0.58315   2  0.113875    0.0  0.000907  0.001518    0.0  1.328123  0.056799  0.103144
0.57643   2  0.116845    0.0  0.000902  0.001324    0.0  1.124567  0.036718  0.132034
0.56986   2  0.119830    0.0  0.000912  0.001329    0.0  1.099725  0.028029  0.142761
0.56344   2  0.120100    0.0  0.000967  0.001467    0.0  1.213281  0.030069  0.140437
0.55716   2  0.122740    0.0  0.000932  0.001475    0.0  1.192928  0.022440  0.145706
0.55102   2  0.125595    0.0  0.001243  0.001346    0.0  1.068275  0.084665  0.010259
0.54501   2  0.128905    0.0  0.000986  0.001589    0.0  1.219852  0.031422  0.173201
0.53914   2  0.131275    0.0  0.001284  0.001537    0.0  1.167587  0.081348  0.010049
0.53338   2  0.136490    0.0  0.002024  0.002104    0.0  1.538318  0.093413  0.006096
0.52775   2  0.139335    0.0  0.001360  0.001682    0.0  1.204399  0.079897  0.011353
0.52224   2  0.143460    0.0  0.001641  0.001838    0.0  1.277952  0.085958  0.016213
0.51684   2  0.149055    0.0  0.003242  0.003526    0.0  2.361980  0.130274  0.007772
0.51156   2  0.151090    0.0  0.001698  0.001870    0.0  1.235059  0.081997  0.018321
0.50637   2  0.156525    0.0  0.003326  0.003461    0.0  2.208114  0.121434  0.008780
0.50130   2  0.157215    0.0  0.002129  0.002779    0.0  1.764431  0.091438  0.051767
0.49632   2  0.162610    0.0  0.002159  0.002756    0.0  1.691870  0.083713  0.054957
0.49144   2  0.164090    0.0  0.002053  0.002439    0.0  1.483241  0.069444  0.066890
0.48666   2  0.164695    0.0  0.002854  0.002187    0.0  1.323021  0.056699  0.102086
0.48197   2  0.166850    0.0  0.002635  0.001888    0.0  1.124243  0.044013  0.119928
0.47737   2  0.166010    0.0  0.002713  0.002211    0.0  1.327541  0.051181  0.092359
0.47285   2  0.168045    0.0  0.002753  0.002260    0.0  1.340355  0.045732  0.099479
0.46842   2  0.170785    0.0  0.002081  0.002336    0.0  1.366191  0.033814  0.051492
0.46408   2  0.170885    0.0  0.002114  0.002359    0.0  1.378383  0.022567  0.068101
0.45981   2  0.174815    0.0  0.002154  0.002398    0.0  1.369448  0.013310  0.076032
0.45562   2  0.178145    0.0  0.002189  0.002465    0.0  1.381431  0.007214  0.081720
0.45150   2  0.177065    0.0  0.002185  0.002477    0.0  1.396295  0.005273  0.089267
0.44746   2  0.181320    0.0  0.003262  0.002833    0.0  1.562155  0.010598  0.038049
0.44349   2  0.184930    0.0  0.002194  0.002540    0.0  1.359433  0.014505  0.195917
0.43959   2  0.184920    0.0  0.002284  0.002627    0.0  1.416288  0.016523  0.111148
0.43576   2  0.190495    0.0  0.002172  0.002613    0.0  1.353474  0.034867  0.219830
0.43200   2  0.189525    0.0  0.001947  0.002545    0.0  1.305659  0.042187  0.309827
0.42830   2  0.194685    0.0  0.001998  0.002196    0.0  1.094589  0.051773  0.266893
0.42466   2  0.194770    0.0  0.002044  0.002156    0.0  1.063845  0.049078  0.301972
0.42108   2  0.198220    0.0  0.002015  0.002280    0.0  1.115352  0.053953  0.275325
0.41757   2  0.199835    0.0  0.002042  0.002234    0.0  1.082868  0.039255  0.275252
0.41411   2  0.198090    0.0  0.002272  0.001973    0.0  0.902014  0.068676  0.416982
0.41071   2  0.205380    0.0  0.002732  0.001854    0.0  0.850180  0.066143  0.296134
0.40736   2  0.208520    0.0  0.002758  0.001884    0.0  0.843516  0.071861  0.316253
0.40407   2  0.203340    0.0  0.004098  0.002669    0.0  1.261459  0.080176  0.354677
0.40083   2  0.206680    0.0  0.004137  0.002700    0.0  1.247049  0.088223  0.378314
0.39764   2  0.205980    0.0  0.004678  0.000824    0.0  0.388557  0.059222  0.074104
0.39450   2  0.203835    0.0  0.004723  0.000801    0.0  0.377806  0.070999  0.080923
0.39142   2  0.217230    0.0  0.004754  0.000870    0.0  0.384132  0.075740  0.084500
0.38538   2  0.209625    0.0  0.005651  0.001319    0.0  0.614645  0.087680  0.101825
0.38244   2  0.205150    0.0  0.005607  0.001288    0.0  0.610626  0.090743  0.113224
0.37667   2  0.220160    0.0  0.004877  0.001315    0.0  0.570426  0.069093  0.163567
0.37386   2  0.220860    0.0  0.004495  0.001655    0.0  0.740537  0.034139  0.110719
0.37108   2  0.219930    0.0  0.004505  0.001677    0.0  0.752262  0.033201  0.120304
1.15850   3  0.002914    0.0  0.000141  0.000190    0.0  6.507901  0.347906  0.017966
1.14080   3  0.003814    0.0  0.000178  0.000247    0.0  6.462753  0.344075  0.016025
1.12370   3  0.004794    0.0  0.000230  0.000337    0.0  7.018796  0.367941  0.015169
1.10720   3  0.006306    0.0  0.000264  0.000401    0.0  6.354634  0.341917  0.014649
1.09110   3  0.008070    0.0  0.000313  0.000475    0.0  5.872251  0.317136  0.012031
1.07540   3  0.010814    0.0  0.000373  0.000555    0.0  5.125064  0.282394  0.008933
1.06020   3  0.013381    0.0  0.000423  0.000611    0.0  4.560401  0.258319  0.007204
1.04540   3  0.016928    0.0  0.000600  0.001113    0.0  6.563091  0.399988  0.009370
1.03110   3  0.020965    0.0  0.000529  0.000847    0.0  4.028381  0.279275  0.005593
1.01710   3  0.023571    0.0  0.000497  0.000831    0.0  3.513353  0.303481  0.005659
1.00350   3  0.025802    0.0  0.000615  0.000627    0.0  2.413573  0.277072  0.001626
0.99022   3  0.025701    0.0  0.000495  0.000261    0.0  0.986440  0.248979  0.001689
0.97731   3  0.024312    0.0  0.000654  0.000108    0.0  0.341272  0.286278  0.002496
0.96474   3  0.022428    0.0  0.000566  0.000198    0.0  0.870853  0.137739  0.001683
0.95249   3  0.020366    0.0  0.000537  0.000226    0.0  1.106597  0.107790  0.001972
0.94054   3  0.018354    0.0  0.000469  0.000194    0.0  1.053611  0.095987  0.002612
0.92889   3  0.016483    0.0  0.000382  0.000096    0.0  0.572425  0.093448  0.003621
0.91753   3  0.015525    0.0  0.000340  0.000078    0.0  0.490386  0.096361  0.005384
0.90644   3  0.015595    0.0  0.000310  0.000244    0.0  1.564430  0.084129  0.005051
0.89562   3  0.016172    0.0  0.000369  0.000420    0.0  2.593878  0.102492  0.003882
0.88505   3  0.017365    0.0  0.000319  0.000321    0.0  1.848023  0.077140  0.004338
0.87473   3  0.018451    0.0  0.000362  0.000385    0.0  2.084331  0.088255  0.004488
0.86464   3  0.020580    0.0  0.000432  0.000518    0.0  2.514820  0.113712  0.005177
0.85479   3  0.022827    0.0  0.000430  0.000492    0.0  2.154422  0.108076  0.004513
0.84516   3  0.024796    0.0  0.000487  0.000527    0.0  2.120748  0.119354  0.006675
0.83574   3  0.026415    0.0  0.000481  0.000515    0.0  1.947226  0.122669  0.006904
0.82653   3  0.027792    0.0  0.000482  0.000495    0.0  1.776784  0.124329  0.007163
0.81752   3  0.028861    0.0  0.000474  0.000469    0.0  1.620914  0.123907  0.007521
0.80870   3  0.030308    0.0  0.000476  0.000460    0.0  1.511466  0.123185  0.007819
0.80008   3  0.030974    0.0  0.000340  0.000379    0.0  1.220411  0.101687  0.015404
0.79163   3  0.032333    0.0  0.000384  0.000433    0.0  1.333921  0.110499  0.017762
0.78336   3  0.034284    0.0  0.000642  0.000644    0.0  1.871719  0.155058  0.009091
0.77527   3  0.035067    0.0  0.000406  0.000473    0.0  1.344588  0.106181  0.019144
0.76733   3  0.036136    0.0  0.000420  0.000502    0.0  1.385341  0.106880  0.020382
0.75956   3  0.038108    0.0  0.000437  0.000555    0.0  1.452301  0.108813  0.022898
0.75195   3  0.039542    0.0  0.000487  0.000636    0.0  1.604390  0.125057  0.022521
0.74448   3  0.041396    0.0  0.000668  0.000530    0.0  1.276226  0.102521  0.031819
0.73717   3  0.044367    0.0  0.000850  0.000734    0.0  1.649762  0.127065  0.032422
0.72999   3  0.046605    0.0  0.000782  0.000769    0.0  1.646819  0.111308  0.027920
0.72295   3  0.049460    0.0  0.000756  0.000903    0.0  1.819450  0.137353  0.037092
0.71605   3  0.051210    0.0  0.000961  0.000875    0.0  1.703378  0.134515  0.036813
0.70928   3  0.054385    0.0  0.000731  0.000840    0.0  1.538384  0.121385  0.046183
0.70263   3  0.056095    0.0  0.000746  0.000851    0.0  1.510830  0.122346  0.049144
0.69611   3  0.058430    0.0  0.000936  0.000866    0.0  1.476810  0.112451  0.054845
0.68971   3  0.061255    0.0  0.000769  0.000853    0.0  1.386907  0.119207  0.055157
0.68343   3  0.063665    0.0  0.000959  0.000870    0.0  1.361266  0.107940  0.060777
0.67726   3  0.064500    0.0  0.000801  0.000856    0.0  1.319535  0.116411  0.067490
0.67119   3  0.067060    0.0  0.000986  0.000909    0.0  1.349911  0.106442  0.072155
0.66524   3  0.069090    0.0  0.000991  0.000782    0.0  1.125488  0.086120  0.077992
0.65939   3  0.069380    0.0  0.000888  0.000926    0.0  1.327976  0.096678  0.096908
0.65365   3  0.072440    0.0  0.000916  0.001002    0.0  1.375897  0.092566  0.102223
0.64800   3  0.075740    0.0  0.000939  0.001051    0.0  1.380248  0.089735  0.107354
0.64245   3  0.077935    0.0  0.002015  0.001171    0.0  1.488869  0.087727  0.182331
0.63699   3  0.079250    0.0  0.001032  0.001130    0.0  1.420694  0.091009  0.090637
0.63163   3  0.081135    0.0  0.000710  0.001002    0.0  1.230542  0.075165  0.078172
0.62635   3  0.084970    0.0  0.001069  0.001193    0.0  1.398847  0.086119  0.090208
0.62116   3  0.084965    0.0  0.001102  0.001181    0.0  1.379980  0.077149  0.143565
0.61606   3  0.087530    0.0  0.000729  0.000988    0.0  1.120930  0.058254  0.121810
0.61104   3  0.089795    0.0  0.001030  0.001008    0.0  1.108414  0.053984  0.169163
0.60610   3  0.091320    0.0  0.001113  0.001321    0.0  1.441305  0.088464  0.090145
0.59646   3  0.096775    0.0  0.001135  0.001062    0.0  1.079669  0.045741  0.190307
0.58713   3  0.101045    0.0  0.001086  0.001067    0.0  1.035380  0.038189  0.203523
0.58256   3  0.101230    0.0  0.004736  0.001623    0.0  1.595377  0.147155  0.058851
0.57807   3  0.102735    0.0  0.001810  0.001687    0.0  1.627342  0.077048  0.205013
0.57365   3  0.106830    0.0  0.001713  0.001679    0.0  1.557474  0.060807  0.205073
0.56930   3  0.107785    0.0  0.001857  0.001736    0.0  1.593496  0.060950  0.224869
0.56501   3  0.110470    0.0  0.001759  0.001532    0.0  1.372137  0.051340  0.195596
0.56078   3  0.111645    0.0  0.001783  0.001586    0.0  1.404138  0.044026  0.211657
0.55662   3  0.112775    0.0  0.001808  0.001605    0.0  1.392552  0.024696  0.292401
0.55252   3  0.114460    0.0  0.001693  0.001705    0.0  1.421108  0.047182  0.444173
0.54848   3  0.117245    0.0  0.002013  0.001788    0.0  1.484626  0.018381  0.348028
0.54450   3  0.118305    0.0  0.001773  0.001708    0.0  1.398293  0.032909  0.359275
0.54058   3  0.121220    0.0  0.001746  0.001835    0.0  1.420434  0.051279  0.521902
0.53671   3  0.126615    0.0  0.004144  0.001749    0.0  1.365596  0.017120  0.208964
0.53289   3  0.126585    0.0  0.003835  0.001673    0.0  1.303314  0.007254  0.218051
0.52913   3  0.126655    0.0  0.005644  0.001892    0.0  1.485058  0.015733  0.160013
0.52543   3  0.128310    0.0  0.002055  0.002042    0.0  1.472255  0.056021  0.602213
0.52177   3  0.129880    0.0  0.004325  0.001319    0.0  1.005659  0.008794  0.142408
0.51817   3  0.130725    0.0  0.001931  0.001902    0.0  1.320099  0.063771  0.607650
0.51461   3  0.130795    0.0  0.002707  0.001467    0.0  1.103483  0.019286  0.198066
0.51110   3  0.136765    0.0  0.002739  0.001662    0.0  1.194092  0.025512  0.223624
0.50764   3  0.134355    0.0  0.003661  0.001316    0.0  0.923412  0.052823  0.322080
0.50423   3  0.143045    0.0  0.002901  0.001553    0.0  1.048237  0.056038  0.277892
0.50086   3  0.141015    0.0  0.002657  0.000862    0.0  0.593802  0.059792  0.133482
0.49754   3  0.138755    0.0  0.003482  0.001933    0.0  1.366257  0.067345  0.261890
0.49426   3  0.138580    0.0  0.003485  0.002030    0.0  1.432458  0.081152  0.296006
0.49103   3  0.143000    0.0  0.004437  0.002046    0.0  1.392378  0.107962  0.310538
0.48783   3  0.143230    0.0  0.002693  0.001378    0.0  0.913740  0.099986  0.284068
0.48468   3  0.149070    0.0  0.004536  0.002112    0.0  1.358623  0.130566  0.379654
0.48157   3  0.149645    0.0  0.003743  0.002183    0.0  1.384510  0.127365  0.442280
0.47850   3  0.153630    0.0  0.003653  0.001434    0.0  0.781813  0.125415  0.494337
0.47546   3  0.151790    0.0  0.003460  0.001533    0.0  0.847025  0.107939  0.539792
0.46659   3  0.160920    0.0  0.005705  0.002559    0.0  1.370992  0.128850  0.795613
0.46370   3  0.161775    0.0  0.005738  0.002620    0.0  1.371782  0.129553  0.851089
0.46085   3  0.165815    0.0  0.005816  0.002714    0.0  1.364322  0.128655  0.895365
0.45804   3  0.163330    0.0  0.005796  0.002742    0.0  1.357466  0.131504  0.979183
1.12690   4  0.001833    0.0  0.000855  0.000000    0.0  0.000000  0.000000  0.000000
1.11430   4  0.001610    0.0  0.000635  0.000000    0.0  0.000000  0.000000  0.000000
1.10200   4  0.002519    0.0  0.000594  0.000000    0.0  0.000000  0.000000  0.000000
1.07830   4  0.004299    0.0  0.000665  0.000000    0.0  0.000000  0.000000  0.000000
1.06680   4  0.005057    0.0  0.000634  0.000000    0.0  0.000000  0.000000  0.000000
1.05550   4  0.006201    0.0  0.000606  0.000000    0.0  0.000000  0.000000  0.000000
1.04450   4  0.007784    0.0  0.000601  0.000000    0.0  0.000000  0.000000  0.000000
1.02310   4  0.009913    0.0  0.000725  0.000000    0.0  0.000000  0.000000  0.000000
1.01270   4  0.011038    0.0  0.000703  0.000000    0.0  0.000000  0.000000  0.000000
1.00260   4  0.011754    0.0  0.000846  0.000000    0.0  0.000000  0.000000  0.000000
0.99264   4  0.012748    0.0  0.000744  0.000000    0.0  0.000000  0.000000  0.000000
0.97332   4  0.011548    0.0  0.000671  0.000000    0.0  0.000000  0.000000  0.000000
0.96394   4  0.011064    0.0  0.000628  0.000000    0.0  0.000000  0.000000  0.000000
0.95473   4  0.010284    0.0  0.000615  0.000000    0.0  0.000000  0.000000  0.000000
0.94571   4  0.009626    0.0  0.000597  0.000000    0.0  0.000000  0.000000  0.000000
0.92815   4  0.009624    0.0  0.000613  0.000000    0.0  0.000000  0.000000  0.000000
0.91962   4  0.009803    0.0  0.000242  0.000229    0.0  2.330698  0.112771  0.023398
0.91124   4  0.010267    0.0  0.000265  0.000293    0.0  2.853657  0.122640  0.024396
0.90301   4  0.010943    0.0  0.000322  0.000423    0.0  3.860230  0.168176  0.030458
0.89493   4  0.011940    0.0  0.000354  0.000486    0.0  4.068088  0.191730  0.031314
0.88699   4  0.012683    0.0  0.000369  0.000527    0.0  4.150438  0.216845  0.033640
0.87919   4  0.013135    0.0  0.000347  0.000455    0.0  3.459176  0.201701  0.029991
0.87153   4  0.014235    0.0  0.000359  0.000473    0.0  3.315385  0.213635  0.031232
0.86400   4  0.015570    0.0  0.000396  0.000558    0.0  3.571933  0.250427  0.036760
0.85660   4  0.015843    0.0  0.000396  0.000540    0.0  3.397923  0.255373  0.039306
0.84932   4  0.017012    0.0  0.000266  0.000307    0.0  1.801146  0.145146  0.037181
0.83514   4  0.019767    0.0  0.000578  0.000490    0.0  2.471670  0.196277  0.064931
0.82822   4  0.019524    0.0  0.000269  0.000332    0.0  1.696322  0.135275  0.048415
0.82142   4  0.022235    0.0  0.000726  0.000409    0.0  1.830650  0.145242  0.090128
0.81472   4  0.022997    0.0  0.000751  0.000436    0.0  1.889072  0.147874  0.095125
0.80814   4  0.022583    0.0  0.000657  0.000613    0.0  2.705132  0.200401  0.081533
0.80166   4  0.023706    0.0  0.000645  0.000708    0.0  2.977938  0.213891  0.077525
0.79528   4  0.025197    0.0  0.000672  0.000759    0.0  3.002798  0.213105  0.081204
0.78901   4  0.025913    0.0  0.000681  0.000810    0.0  3.118765  0.220550  0.068251
0.78283   4  0.027835    0.0  0.000761  0.000787    0.0  2.817445  0.205529  0.096743
0.77675   4  0.031689    0.0  0.001434  0.000466    0.0  1.464941  0.119209  0.031699
0.77077   4  0.031385    0.0  0.000740  0.000996    0.0  3.165315  0.226872  0.082382
0.76487   4  0.032795    0.0  0.001309  0.000451    0.0  1.368135  0.119957  0.068485
0.75906   4  0.035089    0.0  0.001339  0.000475    0.0  1.345821  0.120692  0.069515
0.75335   4  0.035931    0.0  0.000686  0.000698    0.0  1.932844  0.152582  0.095441
0.74216   4  0.039183    0.0  0.000716  0.000719    0.0  1.825409  0.146684  0.105116
0.73670   4  0.040516    0.0  0.001417  0.000487    0.0  1.193516  0.123108  0.082481
0.73131   4  0.040507    0.0  0.000699  0.000603    0.0  1.473572  0.125645  0.163182
0.72600   4  0.042519    0.0  0.000865  0.000538    0.0  1.257453  0.124981  0.058602
0.72077   4  0.043479    0.0  0.001368  0.000510    0.0  1.161365  0.124428  0.098259
0.71561   4  0.044926    0.0  0.001391  0.000489    0.0  1.075936  0.122846  0.100167
0.71052   4  0.047335    0.0  0.001406  0.000529    0.0  1.105008  0.122300  0.104990
0.70551   4  0.047037    0.0  0.001246  0.000394    0.0  0.825019  0.098508  0.114284
0.70057   4  0.050290    0.0  0.001291  0.000408    0.0  0.798837  0.092225  0.107805
0.69570   4  0.051200    0.0  0.001483  0.001239    0.0  2.409961  0.204541  0.075838
0.69089   4  0.053525    0.0  0.001350  0.000443    0.0  0.813816  0.095535  0.118225
0.68615   4  0.053905    0.0  0.001378  0.000443    0.0  0.806669  0.098460  0.126927
0.68147   4  0.056450    0.0  0.001392  0.000472    0.0  0.819433  0.101267  0.134996
0.67686   4  0.057585    0.0  0.001427  0.000464    0.0  0.788217  0.100634  0.138456
0.67231   4  0.061475    0.0  0.001455  0.000493    0.0  0.783107  0.097950  0.140244
0.66782   4  0.063365    0.0  0.002371  0.001179    0.0  1.844709  0.169494  0.169029
0.66339   4  0.063795    0.0  0.002530  0.001121    0.0  1.715652  0.100031  0.365616
0.65902   4  0.062680    0.0  0.002223  0.001303    0.0  2.066927  0.158775  0.163417
0.65470   4  0.064720    0.0  0.002570  0.001132    0.0  1.696307  0.083429  0.418047
0.65044   4  0.069105    0.0  0.002599  0.001163    0.0  1.627740  0.072831  0.423399
0.64624   4  0.064895    0.0  0.002619  0.001158    0.0  1.717313  0.065696  0.479182
0.63799   4  0.068295    0.0  0.001750  0.001290    0.0  1.854235  0.081104  0.347771
0.63395   4  0.069685    0.0  0.002280  0.001226    0.0  1.713927  0.060319  0.393184
0.62996   4  0.071655    0.0  0.002310  0.001260    0.0  1.709511  0.050741  0.411130
0.62601   4  0.070980    0.0  0.002312  0.001270    0.0  1.731685  0.040848  0.448732
0.62212   4  0.079680    0.0  0.002397  0.001378    0.0  1.672754  0.031830  0.436565
0.61827   4  0.079705    0.0  0.002822  0.001407    0.0  1.625682  0.012035  0.688100
0.61447   4  0.082195    0.0  0.002469  0.001415    0.0  1.634771  0.007082  0.540866
0.61072   4  0.079340    0.0  0.003317  0.001605    0.0  1.799912  0.046637  0.922044
0.60701   4  0.080275    0.0  0.002912  0.001513    0.0  1.680723  0.045956  0.852196
0.60335   4  0.083870    0.0  0.003436  0.001725    0.0  1.795576  0.072028  1.001431
0.59973   4  0.086165    0.0  0.003485  0.001783    0.0  1.783555  0.084930  1.046132
0.59616   4  0.086715    0.0  0.002919  0.001255    0.0  1.061639  0.094367  0.978781
0.59262   4  0.091600    0.0  0.003026  0.001359    0.0  1.148253  0.088090  0.935862