e06009,r,d target
converted from 10071.xlsx
*
 0.0000  0
x  Q2        F2  Ebeam      stat  sys_tot  dummy  dummy
1.09310   2  0.025800    0.0  0.056448      0.0    0.0    0.0
1.06970   2  0.054325    0.0  0.040773      0.0    0.0    0.0
1.04730   2  0.134982    0.0  0.028571      0.0    0.0    0.0
1.02580   2  0.140886    0.0  0.026861      0.0    0.0    0.0
1.00520   2  0.188012    0.0  0.026418      0.0    0.0    0.0
0.98539   2  0.180792    0.0  0.022295      0.0    0.0    0.0
0.96635   2  0.146976    0.0  0.023370      0.0    0.0    0.0
0.94803   2  0.137837    0.0  0.025381      0.0    0.0    0.0
0.93039   2  0.123176    0.0  0.026988      0.0    0.0    0.0
0.91339   2  0.131666    0.0  0.027817      0.0    0.0    0.0
0.89700   2  0.131596    0.0  0.028568      0.0    0.0    0.0
0.88120   2  0.120317    0.0  0.026467      0.0    0.0    0.0
0.86593   2  0.117654    0.0  0.026842      0.0    0.0    0.0
0.85119   2  0.188023    0.0  0.037366      0.0    0.0    0.0
0.83694   2  0.204987    0.0  0.041559      0.0    0.0    0.0
0.82317   2  0.280182    0.0  0.044777      0.0    0.0    0.0
0.80983   2  0.201188    0.0  0.041821      0.0    0.0    0.0
0.79693   2  0.251766    0.0  0.040611      0.0    0.0    0.0
0.78442   2  0.205802    0.0  0.035404      0.0    0.0    0.0
0.77231   2  0.213354    0.0  0.032507      0.0    0.0    0.0
0.76056   2  0.239360    0.0  0.030151      0.0    0.0    0.0
0.74916   2  0.209549    0.0  0.026343      0.0    0.0    0.0
0.73810   2  0.163813    0.0  0.032225      0.0    0.0    0.0
0.72737   2  0.169631    0.0  0.031679      0.0    0.0    0.0
0.71694   2  0.157750    0.0  0.031951      0.0    0.0    0.0
0.70680   2  0.217641    0.0  0.032749      0.0    0.0    0.0
0.69695   2  0.210808    0.0  0.032491      0.0    0.0    0.0
0.68737   2  0.235795    0.0  0.032984      0.0    0.0    0.0
0.67805   2  0.265221    0.0  0.033223      0.0    0.0    0.0
0.66898   2  0.297020    0.0  0.033704      0.0    0.0    0.0
0.66014   2  0.266238    0.0  0.029847      0.0    0.0    0.0
0.65154   2  0.313372    0.0  0.026896      0.0    0.0    0.0
0.64316   2  0.257056    0.0  0.030146      0.0    0.0    0.0
0.63499   2  0.259441    0.0  0.029835      0.0    0.0    0.0
0.62703   2  0.273563    0.0  0.029720      0.0    0.0    0.0
0.61926   2  0.282515    0.0  0.029898      0.0    0.0    0.0
0.61169   2  0.279870    0.0  0.029060      0.0    0.0    0.0
0.60429   2  0.234985    0.0  0.027320      0.0    0.0    0.0
0.59708   2  0.273016    0.0  0.026936      0.0    0.0    0.0
0.59003   2  0.298731    0.0  0.026646      0.0    0.0    0.0
0.58315   2  0.239064    0.0  0.020397      0.0    0.0    0.0
0.57643   2  0.252224    0.0  0.023523      0.0    0.0    0.0
0.56986   2  0.263360    0.0  0.023356      0.0    0.0    0.0
0.56344   2  0.210879    0.0  0.022653      0.0    0.0    0.0
0.55716   2  0.237447    0.0  0.021080      0.0    0.0    0.0
0.55102   2  0.258862    0.0  0.039914      0.0    0.0    0.0
0.54501   2  0.281505    0.0  0.023001      0.0    0.0    0.0
0.53914   2  0.265753    0.0  0.036777      0.0    0.0    0.0
0.53338   2  0.313756    0.0  0.065364      0.0    0.0    0.0
0.52775   2  0.284491    0.0  0.036302      0.0    0.0    0.0
0.52224   2  0.283324    0.0  0.042630      0.0    0.0    0.0
0.51684   2  0.312685    0.0  0.083648      0.0    0.0    0.0
0.51156   2  0.274957    0.0  0.040713      0.0    0.0    0.0
0.50637   2  0.310500    0.0  0.079710      0.0    0.0    0.0
0.50130   2  0.262479    0.0  0.039749      0.0    0.0    0.0
0.49632   2  0.313912    0.0  0.040224      0.0    0.0    0.0
0.49144   2  0.333050    0.0  0.032487      0.0    0.0    0.0
0.48666   2  0.257413    0.0  0.045069      0.0    0.0    0.0
0.48197   2  0.278808    0.0  0.034111      0.0    0.0    0.0
0.47737   2  0.258847    0.0  0.038116      0.0    0.0    0.0
0.47285   2  0.269883    0.0  0.038184      0.0    0.0    0.0
0.46842   2  0.303645    0.0  0.029775      0.0    0.0    0.0
0.46408   2  0.246285    0.0  0.029844      0.0    0.0    0.0
0.45981   2  0.290703    0.0  0.031229      0.0    0.0    0.0
0.45562   2  0.294156    0.0  0.030928      0.0    0.0    0.0
0.45150   2  0.285413    0.0  0.030602      0.0    0.0    0.0
0.44746   2  0.304489    0.0  0.047660      0.0    0.0    0.0
0.44349   2  0.330112    0.0  0.028582      0.0    0.0    0.0
0.43959   2  0.278769    0.0  0.029704      0.0    0.0    0.0
0.43576   2  0.338380    0.0  0.027353      0.0    0.0    0.0
0.43200   2  0.304863    0.0  0.024708      0.0    0.0    0.0
0.42830   2  0.335632    0.0  0.025410      0.0    0.0    0.0
0.42466   2  0.291495    0.0  0.024911      0.0    0.0    0.0
0.42108   2  0.321302    0.0  0.023891      0.0    0.0    0.0
0.41757   2  0.310947    0.0  0.022442      0.0    0.0    0.0
0.41411   2  0.271859    0.0  0.027320      0.0    0.0    0.0
0.41071   2  0.357096    0.0  0.032667      0.0    0.0    0.0
0.40736   2  0.373303    0.0  0.032659      0.0    0.0    0.0
0.40407   2  0.278572    0.0  0.040013      0.0    0.0    0.0
0.40083   2  0.291446    0.0  0.039859      0.0    0.0    0.0
0.39764   2  0.261336    0.0  0.070096      0.0    0.0    0.0
0.39450   2  0.178250    0.0  0.066141      0.0    0.0    0.0
0.39142   2  0.368519    0.0  0.071414      0.0    0.0    0.0
0.38538   2  0.180946    0.0  0.071102      0.0    0.0    0.0
0.38244   2  0.134785    0.0  0.068752      0.0    0.0    0.0
0.37667   2  0.296228    0.0  0.059822      0.0    0.0    0.0
0.37386   2  0.296829    0.0  0.049769      0.0    0.0    0.0
0.37108   2  0.274699    0.0  0.048837      0.0    0.0    0.0
1.15850   3  0.372500    0.0  0.140568      0.0    0.0    0.0
1.14080   3  0.335999    0.0  0.122418      0.0    0.0    0.0
1.12370   3  0.277407    0.0  0.125209      0.0    0.0    0.0
1.10720   3  0.178890    0.0  0.089039      0.0    0.0    0.0
1.09110   3  0.138238    0.0  0.067506      0.0    0.0    0.0
1.07540   3  0.132301    0.0  0.051992      0.0    0.0    0.0
1.06020   3  0.125238    0.0  0.043529      0.0    0.0    0.0
1.04540   3  0.260658    0.0  0.089055      0.0    0.0    0.0
1.03110   3  0.098490    0.0  0.035710      0.0    0.0    0.0
1.01710   3  0.084322    0.0  0.031177      0.0    0.0    0.0
1.00350   3  0.115429    0.0  0.042392      0.0    0.0    0.0
0.99022   3  0.114151    0.0  0.033302      0.0    0.0    0.0
0.97731   3  0.089651    0.0  0.087947      0.0    0.0    0.0
0.96474   3  0.082796    0.0  0.033450      0.0    0.0    0.0
0.95249   3  0.100488    0.0  0.034443      0.0    0.0    0.0
0.94054   3  0.102042    0.0  0.034889      0.0    0.0    0.0
0.92889   3  0.132147    0.0  0.037597      0.0    0.0    0.0
0.91753   3  0.103567    0.0  0.074955      0.0    0.0    0.0
0.90644   3  0.107022    0.0  0.039454      0.0    0.0    0.0
0.89562   3  0.068649    0.0  0.039468      0.0    0.0    0.0
0.88505   3  0.086247    0.0  0.037760      0.0    0.0    0.0
0.87473   3  0.063750    0.0  0.039155      0.0    0.0    0.0
0.86464   3  0.224303    0.0  0.080605      0.0    0.0    0.0
0.85479   3  0.170991    0.0  0.042483      0.0    0.0    0.0
0.84516   3  0.239567    0.0  0.083472      0.0    0.0    0.0
0.83574   3  0.271466    0.0  0.079444      0.0    0.0    0.0
0.82653   3  0.117192    0.0  0.066147      0.0    0.0    0.0
0.81752   3  0.141165    0.0  0.063436      0.0    0.0    0.0
0.80870   3  0.172217    0.0  0.061533      0.0    0.0    0.0
0.80008   3  0.158535    0.0  0.032589      0.0    0.0    0.0
0.79163   3  0.165191    0.0  0.033169      0.0    0.0    0.0
0.78336   3  0.226283    0.0  0.066534      0.0    0.0    0.0
0.77527   3  0.207774    0.0  0.033170      0.0    0.0    0.0
0.76733   3  0.181676    0.0  0.032306      0.0    0.0    0.0
0.75956   3  0.231488    0.0  0.033301      0.0    0.0    0.0
0.75195   3  0.189641    0.0  0.036703      0.0    0.0    0.0
0.74448   3  0.200982    0.0  0.046097      0.0    0.0    0.0
0.73717   3  0.308756    0.0  0.053607      0.0    0.0    0.0
0.72999   3  0.278059    0.0  0.035929      0.0    0.0    0.0
0.72295   3  0.307050    0.0  0.037140      0.0    0.0    0.0
0.71605   3  0.261602    0.0  0.048804      0.0    0.0    0.0
0.70928   3  0.292872    0.0  0.032187      0.0    0.0    0.0
0.70263   3  0.254324    0.0  0.030823      0.0    0.0    0.0
0.69611   3  0.226262    0.0  0.035592      0.0    0.0    0.0
0.68971   3  0.258093    0.0  0.029661      0.0    0.0    0.0
0.68343   3  0.289908    0.0  0.034658      0.0    0.0    0.0
0.67726   3  0.220144    0.0  0.028172      0.0    0.0    0.0
0.67119   3  0.246078    0.0  0.031567      0.0    0.0    0.0
0.66524   3  0.261958    0.0  0.031810      0.0    0.0    0.0
0.65939   3  0.210697    0.0  0.027455      0.0    0.0    0.0
0.65365   3  0.248307    0.0  0.027554      0.0    0.0    0.0
0.64800   3  0.312460    0.0  0.028095      0.0    0.0    0.0
0.64245   3  0.320279    0.0  0.065377      0.0    0.0    0.0
0.63699   3  0.261150    0.0  0.027863      0.0    0.0    0.0
0.63163   3  0.229624    0.0  0.019867      0.0    0.0    0.0
0.62635   3  0.302473    0.0  0.025293      0.0    0.0    0.0
0.62116   3  0.235522    0.0  0.027473      0.0    0.0    0.0
0.61606   3  0.232868    0.0  0.020350      0.0    0.0    0.0
0.61104   3  0.250484    0.0  0.025171      0.0    0.0    0.0
0.60610   3  0.215855    0.0  0.026461      0.0    0.0    0.0
0.59646   3  0.234791    0.0  0.025859      0.0    0.0    0.0
0.58713   3  0.259862    0.0  0.022545      0.0    0.0    0.0
0.58256   3  0.187315    0.0  0.113749      0.0    0.0    0.0
0.57807   3  0.215586    0.0  0.030823      0.0    0.0    0.0
0.57365   3  0.259627    0.0  0.029349      0.0    0.0    0.0
0.56930   3  0.250632    0.0  0.030856      0.0    0.0    0.0
0.56501   3  0.286218    0.0  0.029775      0.0    0.0    0.0
0.56078   3  0.262580    0.0  0.029094      0.0    0.0    0.0
0.55662   3  0.260846    0.0  0.030498      0.0    0.0    0.0
0.55252   3  0.251399    0.0  0.028470      0.0    0.0    0.0
0.54848   3  0.294558    0.0  0.035079      0.0    0.0    0.0
0.54450   3  0.260928    0.0  0.031470      0.0    0.0    0.0
0.54058   3  0.287526    0.0  0.028076      0.0    0.0    0.0
0.53671   3  0.320385    0.0  0.071906      0.0    0.0    0.0
0.53289   3  0.289095    0.0  0.070515      0.0    0.0    0.0
0.52913   3  0.262838    0.0  0.105943      0.0    0.0    0.0
0.52543   3  0.255574    0.0  0.035158      0.0    0.0    0.0
0.52177   3  0.277446    0.0  0.079445      0.0    0.0    0.0
0.51817   3  0.228156    0.0  0.031235      0.0    0.0    0.0
0.51461   3  0.189777    0.0  0.043421      0.0    0.0    0.0
0.51110   3  0.285158    0.0  0.042652      0.0    0.0    0.0
0.50764   3  0.204673    0.0  0.056610      0.0    0.0    0.0
0.50423   3  0.307482    0.0  0.045333      0.0    0.0    0.0
0.50086   3  0.277845    0.0  0.049492      0.0    0.0    0.0
0.49754   3  0.189503    0.0  0.050064      0.0    0.0    0.0
0.49426   3  0.165757    0.0  0.047298      0.0    0.0    0.0
0.49103   3  0.208419    0.0  0.063398      0.0    0.0    0.0
0.48783   3  0.196010    0.0  0.040436      0.0    0.0    0.0
0.48468   3  0.273578    0.0  0.064607      0.0    0.0    0.0
0.48157   3  0.225483    0.0  0.049912      0.0    0.0    0.0
0.47850   3  0.272335    0.0  0.053564      0.0    0.0    0.0
0.47546   3  0.219941    0.0  0.048683      0.0    0.0    0.0
0.46659   3  0.261607    0.0  0.068311      0.0    0.0    0.0
0.46370   3  0.263368    0.0  0.068045      0.0    0.0    0.0
0.46085   3  0.277544    0.0  0.067556      0.0    0.0    0.0
0.45804   3  0.255531    0.0  0.066716      0.0    0.0    0.0
1.12690   4 -0.133082    0.0 -0.352553      0.0    0.0    0.0
1.11430   4 -0.358706    0.0 -0.206794      0.0    0.0    0.0
1.10200   4 -0.120604    0.0 -0.164246      0.0    0.0    0.0
1.07830   4 -0.036479    0.0 -0.119546      0.0    0.0    0.0
1.06680   4 -0.045079    0.0 -0.095224      0.0    0.0    0.0
1.05550   4  0.118015    0.0  0.088389      0.0    0.0    0.0
1.04450   4  0.073100    0.0  0.066553      0.0    0.0    0.0
1.02310   4  0.016163    0.0  0.061311      0.0    0.0    0.0
1.01270   4  0.008108    0.0  0.052468      0.0    0.0    0.0
1.00260   4  0.041270    0.0  0.063513      0.0    0.0    0.0
0.99264   4  0.073212    0.0  0.051743      0.0    0.0    0.0
0.97332   4  0.091905    0.0  0.053310      0.0    0.0    0.0
0.96394   4  0.085594    0.0  0.050445      0.0    0.0    0.0
0.95473   4  0.104676    0.0  0.053591      0.0    0.0    0.0
0.94571   4  0.157904    0.0  0.057470      0.0    0.0    0.0
0.92815   4  0.173174    0.0  0.062660      0.0    0.0    0.0
0.91962   4  0.122475    0.0  0.044344      0.0    0.0    0.0
0.91124   4  0.203710    0.0  0.045796      0.0    0.0    0.0
0.90301   4  0.221166    0.0  0.065850      0.0    0.0    0.0
0.89493   4  0.247816    0.0  0.066625      0.0    0.0    0.0
0.88699   4  0.244707    0.0  0.064457      0.0    0.0    0.0
0.87919   4  0.118684    0.0  0.042861      0.0    0.0    0.0
0.87153   4  0.161379    0.0  0.042865      0.0    0.0    0.0
0.86400   4  0.246341    0.0  0.055723      0.0    0.0    0.0
0.85660   4  0.143035    0.0  0.049690      0.0    0.0    0.0
0.84932   4  0.204482    0.0  0.038689      0.0    0.0    0.0
0.83514   4  0.342182    0.0  0.071611      0.0    0.0    0.0
0.82822   4  0.157625    0.0  0.030566      0.0    0.0    0.0
0.82142   4  0.407823    0.0  0.080319      0.0    0.0    0.0
0.81472   4  0.304560    0.0  0.073431      0.0    0.0    0.0
0.80814   4  0.210520    0.0  0.061952      0.0    0.0    0.0
0.80166   4  0.186298    0.0  0.047564      0.0    0.0    0.0
0.79528   4  0.226258    0.0  0.047413      0.0    0.0    0.0
0.78901   4  0.204737    0.0  0.043308      0.0    0.0    0.0
0.78283   4  0.256112    0.0  0.056779      0.0    0.0    0.0
0.77675   4  0.505311    0.0  0.153646      0.0    0.0    0.0
0.77077   4  0.261369    0.0  0.039701      0.0    0.0    0.0
0.76487   4  0.231694    0.0  0.105768      0.0    0.0    0.0
0.75906   4  0.313664    0.0  0.106935      0.0    0.0    0.0
0.75335   4  0.259942    0.0  0.037859      0.0    0.0    0.0
0.74216   4  0.263699    0.0  0.035741      0.0    0.0    0.0
0.73670   4  0.270337    0.0  0.091300      0.0    0.0    0.0
0.73131   4  0.167055    0.0  0.037022      0.0    0.0    0.0
0.72600   4  0.227387    0.0  0.050896      0.0    0.0    0.0
0.72077   4  0.214485    0.0  0.071983      0.0    0.0    0.0
0.71561   4  0.215096    0.0  0.071180      0.0    0.0    0.0
0.71052   4  0.295118    0.0  0.071272      0.0    0.0    0.0
0.70551   4  0.210103    0.0  0.061967      0.0    0.0    0.0
0.70057   4  0.280488    0.0  0.065754      0.0    0.0    0.0
0.69570   4  0.253086    0.0  0.063479      0.0    0.0    0.0
0.69089   4  0.269665    0.0  0.062689      0.0    0.0    0.0
0.68615   4  0.191344    0.0  0.058824      0.0    0.0    0.0
0.68147   4  0.266484    0.0  0.058839      0.0    0.0    0.0
0.67686   4  0.217404    0.0  0.057171      0.0    0.0    0.0
0.67231   4  0.317417    0.0  0.058907      0.0    0.0    0.0
0.66782   4  0.344402    0.0  0.085110      0.0    0.0    0.0
0.66339   4  0.284765    0.0  0.076340      0.0    0.0    0.0
0.65902   4  0.197941    0.0  0.064688      0.0    0.0    0.0
0.65470   4  0.259599    0.0  0.073229      0.0    0.0    0.0
0.65044   4  0.352119    0.0  0.073778      0.0    0.0    0.0
0.64624   4  0.171471    0.0  0.067839      0.0    0.0    0.0
0.63799   4  0.203821    0.0  0.044051      0.0    0.0    0.0
0.63395   4  0.196050    0.0  0.057484      0.0    0.0    0.0
0.62996   4  0.232641    0.0  0.057906      0.0    0.0    0.0
0.62601   4  0.187292    0.0  0.055638      0.0    0.0    0.0
0.62212   4  0.371115    0.0  0.059591      0.0    0.0    0.0
0.61827   4  0.334085    0.0  0.064618      0.0    0.0    0.0
0.61447   4  0.328176    0.0  0.057850      0.0    0.0    0.0
0.61072   4  0.210887    0.0  0.071067      0.0    0.0    0.0
0.60701   4  0.225125    0.0  0.058963      0.0    0.0    0.0
0.60335   4  0.243425    0.0  0.070522      0.0    0.0    0.0
0.59973   4  0.282486    0.0  0.071327      0.0    0.0    0.0
0.59616   4  0.270456    0.0  0.055906      0.0    0.0    0.0
0.59262   4  0.329739    0.0  0.056182      0.0    0.0    0.0