e140x,f2,d target
converted from 10036.xlsx
*
 0.0173  0
x   Q2        F2  Ebeam      stat   sys_tot  dummy  dummy
0.10  0.5  0.268242   3.30  0.009352  0.002631    0.0    0.0
0.10  0.5  0.266631   4.00  0.005382  0.002648    0.0    0.0
0.10  0.5  0.264236   4.95  0.003214  0.002683    0.0    0.0
0.10  1.0  0.318733   6.45  0.007583  0.003289    0.0    0.0
0.10  1.0  0.319970   6.90  0.007711  0.003164    0.0    0.0
0.10  1.0  0.318850   7.99  0.004335  0.003198    0.0    0.0
0.35  3.0  0.222759   5.60  0.005106  0.002223    0.0    0.0
0.35  3.0  0.219190   6.45  0.003200  0.002202    0.0    0.0
0.35  3.0  0.224224   7.99  0.002067  0.002274    0.0    0.0
0.35  3.0  0.224267   9.75  0.001743  0.002310    0.0    0.0
0.50  3.6  0.129673   4.95  0.002677  0.001398    0.0    0.0
0.50  3.6  0.129921   5.60  0.001841  0.001349    0.0    0.0
0.50  3.6  0.130638   6.45  0.001287  0.001426    0.0    0.0
0.50  3.6  0.132630   6.90  0.001609  0.001392    0.0    0.0
0.50  3.6  0.131246   9.75  0.000945  0.001441    0.0    0.0
0.50  3.6  0.128143   4.95  0.002314  0.001384    0.0    0.0
0.50  3.6  0.129246   5.60  0.001765  0.001343    0.0    0.0
0.50  3.6  0.131815   6.45  0.001385  0.001437    0.0    0.0
0.50  3.6  0.132150   7.99  0.001191  0.001719    0.0    0.0