e140x,sig_r,p target
converted from 10037.xlsx
*
 0.0173  0
x   Q2        F2  Ebeam      stat   sys_tot  dummy  dummy
0.10  0.5  0.236740   3.30  0.002256  0.002879    0.0    0.0
0.10  0.5  0.256509   4.00  0.001911  0.003142    0.0    0.0
0.10  0.5  0.265176   4.95  0.001659  0.003300    0.0    0.0
0.10  1.0  0.275307   6.45  0.002770  0.003458    0.0    0.0
0.10  1.0  0.283043   6.90  0.004206  0.003457    0.0    0.0
0.10  1.0  0.303598   7.99  0.002328  0.003739    0.0    0.0
0.35  3.0  0.246273   5.60  0.002945  0.003014    0.0    0.0
0.35  3.0  0.249069   6.45  0.002160  0.003062    0.0    0.0
0.35  3.0  0.261080   7.99  0.001714  0.003232    0.0    0.0
0.35  3.0  0.266518   9.75  0.001865  0.003334    0.0    0.0
0.50  3.6  0.154460   4.95  0.001956  0.001988    0.0    0.0
0.50  3.6  0.157395   5.60  0.001233  0.001974    0.0    0.0
0.50  3.6  0.163790   6.45  0.000868  0.002123    0.0    0.0
0.50  3.6  0.159661   6.90  0.001649  0.002039    0.0    0.0
0.50  3.6  0.168575   9.75  0.001024  0.002186    0.0    0.0