e140x,sig_r,d target
converted from 10038.xlsx
*
 0.0173  0
x   Q2        F2  Ebeam      stat   sys_tot  dummy  dummy
0.10  0.5  0.226438   3.30  0.001838  0.001555    0.0    0.0
0.10  0.5  0.240032   4.00  0.001553  0.001691    0.0    0.0
0.10  0.5  0.248378   4.95  0.001469  0.001827    0.0    0.0
0.10  1.0  0.262870   6.45  0.002440  0.001993    0.0    0.0
0.10  1.0  0.271895   6.90  0.003963  0.001900    0.0    0.0
0.10  1.0  0.284924   7.99  0.002090  0.002046    0.0    0.0
0.35  3.0  0.198096   5.60  0.002729  0.001409    0.0    0.0
0.35  3.0  0.201540   6.45  0.001667  0.001452    0.0    0.0
0.35  3.0  0.213294   7.99  0.001326  0.001565    0.0    0.0
0.35  3.0  0.217442   9.75  0.001416  0.001643    0.0    0.0
0.50  3.6  0.118065   4.95  0.001360  0.000968    0.0    0.0
0.50  3.6  0.121090   5.60  0.000882  0.000929    0.0    0.0
0.50  3.6  0.124226   6.45  0.000645  0.001041    0.0    0.0
0.50  3.6  0.127068   6.90  0.001215  0.000994    0.0    0.0
0.50  3.6  0.128791   9.75  0.000831  0.001089    0.0    0.0
0.50  3.6  0.116672   4.95  0.000822  0.000959    0.0    0.0
0.50  3.6  0.120460   5.60  0.000767  0.000925    0.0    0.0
0.50  3.6  0.125345   6.45  0.000783  0.001047    0.0    0.0
0.50  3.6  0.128220   7.99  0.000951  0.001406    0.0    0.0