e140x,f2,d target
converted from 10036.xlsx
*
 0.0173  1
x   Q2        F2  Ebeam      stat   sys_tot     sys_u  dr
0.10  0.5  0.268242   3.30  0.009352  2.000001  0.001843   2
0.10  0.5  0.266631   4.00  0.005382  2.000001  0.001878   2
0.10  0.5  0.264236   4.95  0.003214  2.000001  0.001944   2
0.10  1.0  0.318733   6.45  0.007583  2.000001  0.002417   2
0.10  1.0  0.319970   6.90  0.007711  2.000001  0.002235   2
0.10  1.0  0.318850   7.99  0.004335  2.000001  0.002290   2
0.35  3.0  0.222759   5.60  0.005106  2.000001  0.001584   2
0.35  3.0  0.219190   6.45  0.003200  2.000001  0.001579   2
0.35  3.0  0.224224   7.99  0.002067  2.000001  0.001645   2
0.35  3.0  0.224267   9.75  0.001743  2.000001  0.001694   2
0.50  3.6  0.129673   4.95  0.002677  2.000000  0.001063   2
0.50  3.6  0.129921   5.60  0.001841  2.000000  0.000996   2
0.50  3.6  0.130638   6.45  0.001287  2.000000  0.001095   2
0.50  3.6  0.132630   6.90  0.001609  2.000000  0.001037   2
0.50  3.6  0.131246   9.75  0.000945  2.000000  0.001110   2
0.50  3.6  0.128143   4.95  0.002314  2.000000  0.001054   2
0.50  3.6  0.129246   5.60  0.001765  2.000000  0.000993   2
0.50  3.6  0.131815   6.45  0.001385  2.000000  0.001101   2
0.50  3.6  0.132150   7.99  0.001191  2.000001  0.001449   2