e140x,f2,H2 target
converted from 10035.xlsx
*
 0.0173  1
x   Q2        F2  Ebeam      stat   sys_tot     sys_u  dr
0.10  0.5  0.280446   3.30  0.009917  2.000003  0.002804   2
0.10  0.5  0.284935   4.00  0.005869  2.000003  0.002849   2
0.10  0.5  0.282107   4.95  0.003485  2.000003  0.002821   2
0.10  1.0  0.333812   6.45  0.008096  2.000004  0.003338   2
0.10  1.0  0.333089   6.90  0.008107  2.000004  0.003331   2
0.10  1.0  0.339748   7.99  0.004697  2.000004  0.003397   2
0.35  3.0  0.276933   5.60  0.005979  2.000003  0.002769   2
0.35  3.0  0.270881   6.45  0.004028  2.000003  0.002709   2
0.35  3.0  0.274458   7.99  0.002602  2.000003  0.002745   2
0.35  3.0  0.274883   9.75  0.002256  2.000003  0.002749   2
0.50  3.6  0.169646   4.95  0.003637  2.000001  0.001696   2
0.50  3.6  0.168875   5.60  0.002450  2.000001  0.001689   2
0.50  3.6  0.172244   6.45  0.001708  2.000001  0.001722   2
0.50  3.6  0.166650   6.90  0.002134  2.000001  0.001666   2
0.50  3.6  0.171787   9.75  0.001177  2.000001  0.001718   2