e140,r,d target
converted from 10066.xlsx
*
 0.0000  2
x    Q2     F2  Ebeam  stat    sys_tot  sys_u         sy       drrc
0.20   1.0  0.376    0.0   0.0  11.473297  0.042   8.244681   7.978723
0.20   1.5  0.269    0.0   0.0  15.771954  0.042  11.152416  11.152416
0.20   2.5  0.104    0.0   0.0  38.808559  0.047  25.961538  28.846154
0.20   5.0  0.233    0.0   0.0  21.459298  0.055  17.167382  12.875536
0.35   1.5  0.296    0.0   0.0  16.891969  0.051  13.513514  10.135135
0.35   2.5  0.153    0.0   0.0  25.523713  0.033  16.339869  19.607843
0.35   5.0  0.123    0.0   0.0  33.363085  0.037  22.764228  24.390244
0.50   2.5  0.202    0.0   0.0  17.319677  0.025   8.910891  14.851485
0.50   5.0  0.102    0.0   0.0  36.472706  0.026  21.568627  29.411765
0.50   7.5  0.145    0.0   0.0  28.776124  0.059  20.000000  20.689655
0.50  10.0  0.046    0.0   0.0  89.209941  0.038  60.869565  65.217391