e665,F2,d target
converted from 10063.xlsx
*
 0.0190  0
x      Q2     F2  Ebeam     stat  sys_tot  dummy  dummy
0.00089   0.229  0.112    0.0  0.01568  0.01355    0.0    0.0
0.00089   0.313  0.167    0.0  0.01002  0.00685    0.0    0.0
0.00089   0.428  0.248    0.0  0.01017  0.02058    0.0    0.0
0.00089   0.585  0.369    0.0  0.01919  0.02989    0.0    0.0
0.00124   0.229  0.109    0.0  0.01570  0.03771    0.0    0.0
0.00124   0.313  0.167    0.0  0.00768  0.01336    0.0    0.0
0.00124   0.428  0.239    0.0  0.00717  0.00908    0.0    0.0
0.00124   0.585  0.288    0.0  0.00864  0.01210    0.0    0.0
0.00124   0.800  0.341    0.0  0.01364  0.01944    0.0    0.0
0.00175   0.229  0.083    0.0  0.01635  0.04880    0.0    0.0
0.00175   0.313  0.176    0.0  0.01232  0.01162    0.0    0.0
0.00175   0.428  0.206    0.0  0.00865  0.00824    0.0    0.0
0.00175   0.585  0.272    0.0  0.00979  0.01414    0.0    0.0
0.00175   0.800  0.312    0.0  0.01248  0.01435    0.0    0.0
0.00246   0.313  0.144    0.0  0.00994  0.00605    0.0    0.0
0.00246   0.428  0.197    0.0  0.00729  0.00926    0.0    0.0
0.00246   0.585  0.250    0.0  0.00700  0.00825    0.0    0.0
0.00246   0.800  0.302    0.0  0.00906  0.00997    0.0    0.0
0.00246   1.094  0.372    0.0  0.01265  0.01116    0.0    0.0
0.00246   1.496  0.418    0.0  0.01881  0.01714    0.0    0.0
0.00370   0.428  0.191    0.0  0.00802  0.01089    0.0    0.0
0.00370   0.585  0.244    0.0  0.00708  0.00830    0.0    0.0
0.00370   0.800  0.281    0.0  0.00787  0.00899    0.0    0.0
0.00370   1.094  0.314    0.0  0.01068  0.00879    0.0    0.0
0.00370   1.496  0.376    0.0  0.01429  0.00940    0.0    0.0
0.00370   2.046  0.442    0.0  0.02077  0.01414    0.0    0.0
0.00520   0.428  0.175    0.0  0.00910  0.01277    0.0    0.0
0.00520   0.585  0.241    0.0  0.00819  0.01012    0.0    0.0
0.00520   0.800  0.273    0.0  0.00874  0.01010    0.0    0.0
0.00520   1.094  0.316    0.0  0.01138  0.01011    0.0    0.0
0.00520   1.496  0.351    0.0  0.01544  0.00913    0.0    0.0
0.00520   2.046  0.382    0.0  0.01872  0.01031    0.0    0.0
0.00520   2.799  0.427    0.0  0.02434  0.01537    0.0    0.0
0.00693   0.800  0.259    0.0  0.00829  0.00829    0.0    0.0
0.00693   1.094  0.300    0.0  0.01140  0.01110    0.0    0.0
0.00693   1.496  0.344    0.0  0.01445  0.00894    0.0    0.0
0.00693   2.046  0.374    0.0  0.01758  0.01234    0.0    0.0
0.00693   2.799  0.425    0.0  0.02040  0.01360    0.0    0.0
0.00693   3.828  0.410    0.0  0.02501  0.01886    0.0    0.0
0.00893   0.800  0.255    0.0  0.00944  0.01403    0.0    0.0
0.00893   1.094  0.313    0.0  0.01221  0.01033    0.0    0.0
0.00893   1.496  0.344    0.0  0.01617  0.01101    0.0    0.0
0.00893   2.046  0.417    0.0  0.02085  0.00917    0.0    0.0
0.00893   2.799  0.370    0.0  0.02146  0.01554    0.0    0.0
0.00893   3.828  0.409    0.0  0.02454  0.01431    0.0    0.0
0.01225   1.496  0.309    0.0  0.01081  0.01421    0.0    0.0
0.01225   2.046  0.376    0.0  0.01429  0.00902    0.0    0.0
0.01225   2.799  0.368    0.0  0.01619  0.00552    0.0    0.0
0.01225   3.828  0.430    0.0  0.01849  0.01118    0.0    0.0
0.01225   5.236  0.413    0.0  0.02106  0.01074    0.0    0.0
0.01225   7.161  0.492    0.0  0.03296  0.01722    0.0    0.0
0.01730   1.496  0.360    0.0  0.01404  0.00900    0.0    0.0
0.01730   2.046  0.360    0.0  0.01620  0.00792    0.0    0.0
0.01730   2.799  0.354    0.0  0.01876  0.01805    0.0    0.0
0.01730   3.828  0.440    0.0  0.02200  0.00968    0.0    0.0
0.01730   5.236  0.429    0.0  0.02317  0.01073    0.0    0.0
0.01730   7.161  0.454    0.0  0.02860  0.01861    0.0    0.0
0.01730   9.795  0.453    0.0  0.03579  0.01812    0.0    0.0
0.02449   2.799  0.363    0.0  0.01525  0.01053    0.0    0.0
0.02449   3.828  0.360    0.0  0.01692  0.00792    0.0    0.0
0.02449   5.236  0.392    0.0  0.01921  0.00784    0.0    0.0
0.02449   7.161  0.433    0.0  0.02035  0.00909    0.0    0.0
0.02449   9.795  0.448    0.0  0.02688  0.01075    0.0    0.0
0.02449  13.397  0.463    0.0  0.03750  0.02269    0.0    0.0
0.03459   3.828  0.383    0.0  0.02030  0.01494    0.0    0.0
0.03459   5.236  0.402    0.0  0.02131  0.01206    0.0    0.0
0.03459   7.161  0.382    0.0  0.02292  0.00726    0.0    0.0
0.03459   9.795  0.373    0.0  0.02648  0.01007    0.0    0.0
0.03459  13.397  0.386    0.0  0.03242  0.00965    0.0    0.0
0.04898   5.236  0.394    0.0  0.01812  0.01300    0.0    0.0
0.04898   7.161  0.397    0.0  0.01906  0.01231    0.0    0.0
0.04898   9.795  0.371    0.0  0.02078  0.01113    0.0    0.0
0.04898  13.397  0.408    0.0  0.02448  0.00653    0.0    0.0
0.04898  18.323  0.460    0.0  0.03588  0.01196    0.0    0.0
0.04898  25.061  0.491    0.0  0.06628  0.05696    0.0    0.0
0.06918   9.795  0.375    0.0  0.02737  0.00975    0.0    0.0
0.06918  13.397  0.403    0.0  0.02861  0.01370    0.0    0.0
0.06918  18.323  0.308    0.0  0.03080  0.01324    0.0    0.0
0.06918  25.061  0.366    0.0  0.04538  0.01318    0.0    0.0
0.06918  34.277  0.411    0.0  0.11056  0.03370    0.0    0.0
0.09795   9.795  0.360    0.0  0.02052  0.00972    0.0    0.0
0.09795  13.397  0.334    0.0  0.02104  0.00735    0.0    0.0
0.09795  18.323  0.398    0.0  0.03025  0.01473    0.0    0.0
0.09795  25.061  0.346    0.0  0.03218  0.01038    0.0    0.0
0.09795  34.277  0.253    0.0  0.05085  0.00759    0.0    0.0
0.17298  18.323  0.278    0.0  0.01724  0.00361    0.0    0.0
0.17298  25.061  0.281    0.0  0.02136  0.00899    0.0    0.0
0.17298  34.277  0.296    0.0  0.02930  0.00770    0.0    0.0
0.17298  46.881  0.340    0.0  0.05168  0.01054    0.0    0.0
0.38726  46.881  0.147    0.0  0.02999  0.00529    0.0    0.0
0.38726  64.269  0.151    0.0  0.04772  0.01676    0.0    0.0