e94110,r,p target
converted from 10074.xlsx
total uncertainty (stat and syst) is provided in column sys_tot. 
 0.0000  0
x    Q2        F2  Ebeam  stat   sys_tot  dummy  dummy
0.62783  0.75  0.190272    0.0   0.0  0.274921    0.0    0.0
0.60261  0.75  0.662517    0.0   0.0  0.381781    0.0    0.0
0.57933  0.75  0.249571    0.0   0.0  0.216733    0.0    0.0
0.55779  0.75 -0.108409    0.0   0.0  0.114811    0.0    0.0
0.53779  0.75  0.206218    0.0   0.0  0.187601    0.0    0.0
0.51918  0.75 -0.050807    0.0   0.0  0.124113    0.0    0.0
0.50181  0.75  0.290786    0.0   0.0  0.177542    0.0    0.0
0.48556  0.75  0.185033    0.0   0.0  0.153345    0.0    0.0
0.47034  0.75  0.170494    0.0   0.0  0.151283    0.0    0.0
0.45604  0.75  0.300476    0.0   0.0  0.179350    0.0    0.0
0.44258  0.75  0.191624    0.0   0.0  0.151683    0.0    0.0
0.42990  0.75  0.212448    0.0   0.0  0.154102    0.0    0.0
0.41792  0.75  0.176587    0.0   0.0  0.140010    0.0    0.0
0.40659  0.75  0.109977    0.0   0.0  0.122911    0.0    0.0
0.39586  0.75  0.277739    0.0   0.0  0.095956    0.0    0.0
0.38568  0.75  0.074507    0.0   0.0  0.072297    0.0    0.0
0.37602  0.75  0.186604    0.0   0.0  0.078703    0.0    0.0
0.36682  0.75  0.322368    0.0   0.0  0.091306    0.0    0.0
0.35806  0.75  0.502325    0.0   0.0  0.107149    0.0    0.0
0.34972  0.75  0.148796    0.0   0.0  0.070089    0.0    0.0
0.34175  0.75  0.175523    0.0   0.0  0.071734    0.0    0.0
0.33414  0.75  0.122494    0.0   0.0  0.066093    0.0    0.0
0.32686  0.75  0.178565    0.0   0.0  0.069842    0.0    0.0
0.31988  0.75  0.209161    0.0   0.0  0.071873    0.0    0.0
0.31321  0.75  0.162678    0.0   0.0  0.066641    0.0    0.0
0.30680  0.75  0.218409    0.0   0.0  0.070212    0.0    0.0
0.30065  0.75  0.226252    0.0   0.0  0.064280    0.0    0.0
0.29474  0.75  0.252899    0.0   0.0  0.063382    0.0    0.0
0.28906  0.75  0.271694    0.0   0.0  0.062601    0.0    0.0
0.28360  0.75  0.167440    0.0   0.0  0.054474    0.0    0.0
0.27834  0.75  0.261600    0.0   0.0  0.061256    0.0    0.0
0.27326  0.75  0.265371    0.0   0.0  0.060652    0.0    0.0
0.26838  0.75  0.222320    0.0   0.0  0.056792    0.0    0.0
0.26366  0.75  0.222168    0.0   0.0  0.055770    0.0    0.0
0.25689  0.75  0.316313    0.0   0.0  0.086032    0.0    0.0
0.24838  0.75  0.295026    0.0   0.0  0.093553    0.0    0.0
0.24042  0.75  0.248533    0.0   0.0  0.086831    0.0    0.0
0.23295  0.75  0.235580    0.0   0.0  0.083117    0.0    0.0
0.22593  0.75  0.278276    0.0   0.0  0.084047    0.0    0.0
0.21932  0.75  0.355922    0.0   0.0  0.086828    0.0    0.0
0.21309  0.75  0.340766    0.0   0.0  0.198918    0.0    0.0
0.20721  0.75  0.274304    0.0   0.0  0.174218    0.0    0.0
0.20163  0.75  0.243179    0.0   0.0  0.111393    0.0    0.0
0.79741  1.75 -0.110017    0.0   0.0  0.171329    0.0    0.0
0.77965  1.75  0.159682    0.0   0.0  0.148859    0.0    0.0
0.76266  1.75  0.402276    0.0   0.0  0.183142    0.0    0.0
0.74640  1.75  0.319784    0.0   0.0  0.155594    0.0    0.0
0.73081  1.75  0.111613    0.0   0.0  0.127543    0.0    0.0
0.71587  1.75  0.156113    0.0   0.0  0.131637    0.0    0.0
0.70152  1.75  0.076875    0.0   0.0  0.115385    0.0    0.0
0.68773  1.75  0.150506    0.0   0.0  0.132420    0.0    0.0
0.67448  1.75  0.258213    0.0   0.0  0.146333    0.0    0.0
0.66173  1.75  0.423520    0.0   0.0  0.184899    0.0    0.0
0.64945  1.75  0.477321    0.0   0.0  0.189999    0.0    0.0
0.63762  1.75  0.452314    0.0   0.0  0.184669    0.0    0.0
0.62621  1.75  0.358335    0.0   0.0  0.093726    0.0    0.0
0.61520  1.75  0.289515    0.0   0.0  0.088410    0.0    0.0
0.60458  1.75  0.192108    0.0   0.0  0.079023    0.0    0.0
0.59431  1.75  0.209239    0.0   0.0  0.075981    0.0    0.0
0.58439  1.75  0.240647    0.0   0.0  0.075467    0.0    0.0
0.57479  1.75  0.348997    0.0   0.0  0.080088    0.0    0.0
0.56550  1.75  0.389515    0.0   0.0  0.079441    0.0    0.0
0.55651  1.75  0.387717    0.0   0.0  0.077862    0.0    0.0
0.54780  1.75  0.279566    0.0   0.0  0.071512    0.0    0.0
0.53936  1.75  0.220664    0.0   0.0  0.069028    0.0    0.0
0.53117  1.75  0.150756    0.0   0.0  0.066817    0.0    0.0
0.52323  1.75  0.103775    0.0   0.0  0.066404    0.0    0.0
0.51553  1.75  0.094073    0.0   0.0  0.066609    0.0    0.0
0.50804  1.75  0.085965    0.0   0.0  0.065809    0.0    0.0
0.50077  1.75  0.103190    0.0   0.0  0.065045    0.0    0.0
0.49371  1.75  0.154208    0.0   0.0  0.068319    0.0    0.0
0.48684  1.75  0.204471    0.0   0.0  0.069176    0.0    0.0
0.48016  1.75  0.292619    0.0   0.0  0.057480    0.0    0.0
0.47367  1.75  0.319412    0.0   0.0  0.055452    0.0    0.0
0.46734  1.75  0.348435    0.0   0.0  0.055445    0.0    0.0
0.46118  1.75  0.292745    0.0   0.0  0.052118    0.0    0.0
0.45518  1.75  0.300825    0.0   0.0  0.054878    0.0    0.0
0.44647  1.75  0.140523    0.0   0.0  0.072696    0.0    0.0
0.43537  1.75  0.162669    0.0   0.0  0.077609    0.0    0.0
0.42480  1.75  0.222557    0.0   0.0  0.063576    0.0    0.0
0.41473  1.75  0.231086    0.0   0.0  0.062787    0.0    0.0
0.40513  1.75  0.235883    0.0   0.0  0.061876    0.0    0.0
0.39596  1.75  0.216751    0.0   0.0  0.061136    0.0    0.0
0.38720  1.75  0.230743    0.0   0.0  0.060551    0.0    0.0
0.37882  1.75  0.216850    0.0   0.0  0.058474    0.0    0.0
0.37079  1.75  0.200588    0.0   0.0  0.056145    0.0    0.0
0.84901  2.50  0.097380    0.0   0.0  0.193675    0.0    0.0
0.83484  2.50  0.264740    0.0   0.0  0.141559    0.0    0.0
0.82113  2.50  0.349575    0.0   0.0  0.134800    0.0    0.0
0.80786  2.50  0.434590    0.0   0.0  0.138559    0.0    0.0
0.79502  2.50  0.151390    0.0   0.0  0.109869    0.0    0.0
0.78257  2.50  0.228518    0.0   0.0  0.112714    0.0    0.0
0.77051  2.50  0.364579    0.0   0.0  0.120965    0.0    0.0
0.75882  2.50  0.328958    0.0   0.0  0.121996    0.0    0.0
0.74748  2.50  0.545686    0.0   0.0  0.140788    0.0    0.0
0.73647  2.50  0.313811    0.0   0.0  0.122451    0.0    0.0
0.72578  2.50  0.214025    0.0   0.0  0.108695    0.0    0.0
0.71539  2.50  0.156768    0.0   0.0  0.104252    0.0    0.0
0.70530  2.50  0.195749    0.0   0.0  0.065633    0.0    0.0
0.69549  2.50  0.231523    0.0   0.0  0.068088    0.0    0.0
0.68595  2.50  0.134412    0.0   0.0  0.062960    0.0    0.0
0.67666  2.50  0.340977    0.0   0.0  0.136435    0.0    0.0
0.66763  2.50  0.368722    0.0   0.0  0.107371    0.0    0.0
0.65883  2.50  0.514566    0.0   0.0  0.119874    0.0    0.0
0.65026  2.50  0.426598    0.0   0.0  0.085710    0.0    0.0
0.64192  2.50  0.301331    0.0   0.0  0.076418    0.0    0.0
0.63378  2.50  0.111519    0.0   0.0  0.061968    0.0    0.0
0.62585  2.50  0.049093    0.0   0.0  0.057457    0.0    0.0
0.61811  2.50 -0.035222    0.0   0.0  0.052474    0.0    0.0
0.61056  2.50 -0.035372    0.0   0.0  0.052392    0.0    0.0
0.60320  2.50  0.008036    0.0   0.0  0.056545    0.0    0.0
0.59601  2.50  0.146745    0.0   0.0  0.064435    0.0    0.0
0.58898  2.50  0.175940    0.0   0.0  0.064568    0.0    0.0
0.58213  2.50  0.260856    0.0   0.0  0.069582    0.0    0.0
0.57543  2.50  0.352909    0.0   0.0  0.074246    0.0    0.0
0.56888  2.50  0.402568    0.0   0.0  0.076543    0.0    0.0
0.56248  2.50  0.384672    0.0   0.0  0.073174    0.0    0.0
0.55622  2.50  0.308688    0.0   0.0  0.068061    0.0    0.0
0.55010  2.50  0.199743    0.0   0.0  0.060457    0.0    0.0
0.54412  2.50  0.167256    0.0   0.0  0.056132    0.0    0.0
0.53538  2.50  0.264121    0.0   0.0  0.074462    0.0    0.0
0.52415  2.50  0.134696    0.0   0.0  0.122724    0.0    0.0
0.51339  2.50  0.132111    0.0   0.0  0.129598    0.0    0.0
0.50306  2.50  0.163402    0.0   0.0  0.110225    0.0    0.0
0.49314  2.50  0.243652    0.0   0.0  0.124307    0.0    0.0
0.48360  2.50  0.321165    0.0   0.0  0.131887    0.0    0.0
0.47442  2.50  0.256877    0.0   0.0  0.121564    0.0    0.0
0.46558  2.50  0.276607    0.0   0.0  0.119958    0.0    0.0
0.45707  2.50  0.084654    0.0   0.0  0.110944    0.0    0.0
0.89401  3.75 -0.236706    0.0   0.0  0.131633    0.0    0.0
0.88348  3.75  0.278621    0.0   0.0  0.126746    0.0    0.0
0.87319  3.75  0.389589    0.0   0.0  0.114438    0.0    0.0
0.86314  3.75  0.535794    0.0   0.0  0.122839    0.0    0.0
0.85332  3.75  0.270223    0.0   0.0  0.131158    0.0    0.0
0.84372  3.75  0.208284    0.0   0.0  0.110993    0.0    0.0
0.83434  3.75  0.080007    0.0   0.0  0.091532    0.0    0.0
0.79037  3.75  0.051890    0.0   0.0  0.131757    0.0    0.0
0.78213  3.75  0.073059    0.0   0.0  0.135817    0.0    0.0
0.77406  3.75  0.054042    0.0   0.0  0.124057    0.0    0.0
0.76615  3.75 -0.017546    0.0   0.0  0.118397    0.0    0.0
0.75840  3.75  0.274537    0.0   0.0  0.165011    0.0    0.0
0.75081  3.75  0.279993    0.0   0.0  0.154821    0.0    0.0
0.74337  3.75  0.145493    0.0   0.0  0.129882    0.0    0.0
0.73607  3.75  0.277459    0.0   0.0  0.148673    0.0    0.0
0.72892  3.75  0.283431    0.0   0.0  0.188798    0.0    0.0
0.72190  3.75 -0.033973    0.0   0.0  0.127140    0.0    0.0
0.71502  3.75  0.081668    0.0   0.0  0.147258    0.0    0.0
0.70827  3.75  0.024433    0.0   0.0  0.138134    0.0    0.0
0.70164  3.75  0.012036    0.0   0.0  0.101821    0.0    0.0
0.68876  3.75 -0.014486    0.0   0.0  0.095057    0.0    0.0
0.68249  3.75  0.181300    0.0   0.0  0.128657    0.0    0.0
0.67633  3.75  0.155933    0.0   0.0  0.123101    0.0    0.0
0.67029  3.75  0.334670    0.0   0.0  0.140688    0.0    0.0
0.66435  3.75  0.309846    0.0   0.0  0.131309    0.0    0.0
0.65852  3.75  0.058321    0.0   0.0  0.103931    0.0    0.0
0.65279  3.75  0.155342    0.0   0.0  0.112236    0.0    0.0
0.64716  3.75  0.040073    0.0   0.0  0.101977    0.0    0.0
0.64162  3.75  0.090648    0.0   0.0  0.103914    0.0    0.0
0.63349  3.75  0.098697    0.0   0.0  0.104490    0.0    0.0
0.62297  3.75  0.123959    0.0   0.0  0.105696    0.0    0.0
0.61279  3.75  0.242269    0.0   0.0  0.147069    0.0    0.0
0.60293  3.75  0.272078    0.0   0.0  0.154095    0.0    0.0
0.59339  3.75  0.188210    0.0   0.0  0.141782    0.0    0.0
0.58415  3.75  0.263713    0.0   0.0  0.160655    0.0    0.0
0.57519  3.75  0.186827    0.0   0.0  0.150011    0.0    0.0
0.56650  3.75  0.023602    0.0   0.0  0.123784    0.0    0.0
0.55807  3.75  0.039764    0.0   0.0  0.126965    0.0    0.0