e94110,sig_r,p target
converted from 10044.xlsx
*
 0.0190  0
x     Q2        F2  Ebeam      stat   sys_tot  dummy  dummy
0.790  1.297  0.007573  5.498  0.001741  0.000121    0.0    0.0
0.766  1.291  0.025379  5.498  0.003060  0.000406    0.0    0.0
0.743  1.284  0.051545  5.498  0.005318  0.000825    0.0    0.0
0.721  1.278  0.113102  5.498  0.007600  0.001810    0.0    0.0
0.700  1.271  0.144007  5.498  0.007788  0.002304    0.0    0.0
0.680  1.265  0.176511  5.498  0.006703  0.002824    0.0    0.0
0.661  1.258  0.167958  5.498  0.005710  0.002687    0.0    0.0
0.643  1.252  0.144888  5.498  0.004926  0.002318    0.0    0.0
0.626  1.245  0.129566  5.498  0.004317  0.002073    0.0    0.0
0.609  1.239  0.117464  5.498  0.003917  0.001879    0.0    0.0
0.593  1.232  0.113252  5.498  0.003769  0.001812    0.0    0.0
0.578  1.226  0.114528  5.498  0.003837  0.001832    0.0    0.0
0.563  1.219  0.118762  5.498  0.004032  0.001900    0.0    0.0
0.549  1.213  0.125788  5.498  0.004315  0.002013    0.0    0.0
0.536  1.206  0.131239  5.498  0.004576  0.002100    0.0    0.0
0.523  1.200  0.137461  5.498  0.004929  0.002199    0.0    0.0
0.510  1.193  0.145269  5.498  0.005312  0.002324    0.0    0.0
0.498  1.187  0.161382  5.498  0.006027  0.002582    0.0    0.0
0.487  1.180  0.191378  5.498  0.007293  0.003062    0.0    0.0
0.475  1.174  0.236024  5.498  0.009013  0.003776    0.0    0.0
0.465  1.167  0.267189  5.498  0.011537  0.004275    0.0    0.0
0.454  1.161  0.291582  5.498  0.009633  0.004665    0.0    0.0
0.444  1.154  0.265051  5.498  0.008746  0.004241    0.0    0.0
0.434  1.148  0.233751  5.498  0.007715  0.003740    0.0    0.0
0.425  1.141  0.214771  5.498  0.007048  0.003436    0.0    0.0
0.416  1.135  0.209835  5.498  0.006904  0.003357    0.0    0.0
0.407  1.128  0.208897  5.498  0.006972  0.003342    0.0    0.0
0.398  1.122  0.221060  5.498  0.007456  0.003537    0.0    0.0
0.390  1.115  0.229356  5.498  0.007938  0.003670    0.0    0.0
0.382  1.109  0.245790  5.498  0.008748  0.003933    0.0    0.0
0.374  1.102  0.277134  5.498  0.010052  0.004434    0.0    0.0
0.366  1.096  0.303477  5.498  0.011046  0.004856    0.0    0.0
0.359  1.089  0.338626  5.498  0.008656  0.005418    0.0    0.0
0.352  1.083  0.339148  5.498  0.008180  0.005426    0.0    0.0
0.345  1.076  0.319220  5.498  0.007598  0.005108    0.0    0.0
0.338  1.070  0.304729  5.498  0.007238  0.004876    0.0    0.0
0.328  1.060  0.281169  5.498  0.007005  0.004499    0.0    0.0
0.316  1.047  0.274420  5.498  0.006951  0.004391    0.0    0.0
0.304  1.034  0.281800  5.498  0.004500  0.004509    0.0    0.0
0.292  1.021  0.289098  5.498  0.004696  0.004626    0.0    0.0
0.282  1.008  0.291268  5.498  0.004825  0.004660    0.0    0.0
0.271  0.995  0.301724  5.498  0.004897  0.004828    0.0    0.0
0.262  0.982  0.308405  5.498  0.004887  0.004934    0.0    0.0
0.252  0.969  0.310587  5.498  0.004858  0.004969    0.0    0.0
0.243  0.956  0.310578  5.498  0.004845  0.004969    0.0    0.0
0.677  1.666  0.082971  5.498  0.002846  0.001328    0.0    0.0
0.662  1.657  0.083982  5.498  0.002880  0.001344    0.0    0.0
0.648  1.649  0.084934  5.498  0.002950  0.001359    0.0    0.0
0.634  1.640  0.088171  5.498  0.003123  0.001411    0.0    0.0
0.621  1.631  0.099099  5.498  0.003503  0.001586    0.0    0.0
0.608  1.622  0.101544  5.498  0.003661  0.001625    0.0    0.0
0.596  1.614  0.107500  5.498  0.003930  0.001720    0.0    0.0
0.584  1.605  0.116324  5.498  0.004308  0.001861    0.0    0.0
0.572  1.596  0.130221  5.498  0.004918  0.002084    0.0    0.0
0.561  1.587  0.152164  5.498  0.005912  0.002435    0.0    0.0
0.549  1.579  0.182749  5.498  0.007196  0.002924    0.0    0.0
0.539  1.570  0.217782  5.498  0.009177  0.003485    0.0    0.0
0.528  1.561  0.219631  5.498  0.007276  0.003514    0.0    0.0
0.518  1.552  0.212186  5.498  0.006968  0.003395    0.0    0.0
0.508  1.544  0.191587  5.498  0.004595  0.003065    0.0    0.0
0.498  1.535  0.176623  5.498  0.004179  0.002826    0.0    0.0
0.489  1.526  0.169243  5.498  0.004072  0.002708    0.0    0.0
0.480  1.517  0.173070  5.498  0.004276  0.002769    0.0    0.0
0.471  1.509  0.175904  5.498  0.004525  0.002814    0.0    0.0
0.462  1.500  0.188135  5.498  0.005018  0.003010    0.0    0.0
0.454  1.491  0.198074  5.498  0.005624  0.003169    0.0    0.0
0.446  1.482  0.234320  5.498  0.006765  0.003749    0.0    0.0
0.437  1.474  0.257371  5.498  0.007439  0.004118    0.0    0.0
0.430  1.465  0.283814  5.498  0.004504  0.004541    0.0    0.0
0.422  1.456  0.289893  5.498  0.003678  0.004638    0.0    0.0
0.414  1.447  0.275326  5.498  0.003265  0.004405    0.0    0.0
0.407  1.439  0.269099  5.498  0.003131  0.004306    0.0    0.0
0.397  1.426  0.250400  5.498  0.003154  0.004006    0.0    0.0
0.383  1.408  0.250998  5.498  0.003408  0.004016    0.0    0.0
0.370  1.391  0.255159  5.498  0.003621  0.004083    0.0    0.0
0.357  1.373  0.261550  5.498  0.003802  0.004185    0.0    0.0
0.345  1.356  0.269657  5.498  0.003955  0.004315    0.0    0.0
0.334  1.338  0.274107  5.498  0.003976  0.004386    0.0    0.0
0.323  1.321  0.281710  5.498  0.003965  0.004507    0.0    0.0
0.312  1.303  0.287845  5.498  0.003927  0.004606    0.0    0.0
0.302  1.286  0.293307  5.498  0.003956  0.004693    0.0    0.0
0.865  2.212  0.002142  5.498  0.000785  0.000034    0.0    0.0
0.848  2.200  0.007308  5.498  0.001386  0.000117    0.0    0.0
0.831  2.189  0.022288  5.498  0.002480  0.000357    0.0    0.0
0.815  2.178  0.047873  5.498  0.003525  0.000766    0.0    0.0
0.799  2.167  0.067385  5.498  0.003702  0.001078    0.0    0.0
0.784  2.156  0.075161  5.498  0.003306  0.001203    0.0    0.0
0.769  2.145  0.072659  5.498  0.002797  0.001163    0.0    0.0
0.754  2.134  0.066397  5.498  0.002353  0.001062    0.0    0.0
0.740  2.123  0.062537  5.498  0.002135  0.001001    0.0    0.0
0.727  2.112  0.059483  5.498  0.002060  0.000952    0.0    0.0
0.713  2.101  0.060254  5.498  0.002115  0.000964    0.0    0.0
0.700  2.090  0.062132  5.498  0.002215  0.000994    0.0    0.0
0.688  2.078  0.065810  5.498  0.001874  0.001053    0.0    0.0
0.675  2.067  0.071614  5.498  0.002063  0.001146    0.0    0.0
0.663  2.056  0.079003  5.498  0.002280  0.001264    0.0    0.0
0.651  2.045  0.083629  5.498  0.002472  0.001338    0.0    0.0
0.640  2.034  0.089341  5.498  0.002736  0.001429    0.0    0.0
0.629  2.023  0.101312  5.498  0.003161  0.001621    0.0    0.0
0.618  2.012  0.121227  5.498  0.003907  0.001940    0.0    0.0
0.607  2.001  0.146150  5.498  0.004806  0.002338    0.0    0.0
0.597  1.990  0.177590  5.498  0.005993  0.002841    0.0    0.0
0.587  1.979  0.183732  5.498  0.004333  0.002940    0.0    0.0
0.577  1.968  0.167119  5.498  0.002189  0.002674    0.0    0.0
0.567  1.957  0.149339  5.498  0.001933  0.002389    0.0    0.0
0.557  1.945  0.139795  5.498  0.001733  0.002237    0.0    0.0
0.548  1.934  0.135098  5.498  0.001796  0.002162    0.0    0.0
0.539  1.923  0.136974  5.498  0.002017  0.002192    0.0    0.0
0.530  1.912  0.142582  5.498  0.002332  0.002281    0.0    0.0
0.521  1.901  0.152597  5.498  0.002708  0.002442    0.0    0.0
0.513  1.890  0.168895  5.498  0.003288  0.002702    0.0    0.0
0.505  1.879  0.192538  5.498  0.004042  0.003081    0.0    0.0
0.496  1.868  0.212395  5.498  0.004465  0.003398    0.0    0.0
0.488  1.857  0.234156  5.498  0.003780  0.003746    0.0    0.0
0.481  1.846  0.243786  5.498  0.002946  0.003901    0.0    0.0
0.473  1.835  0.236569  5.498  0.002607  0.003785    0.0    0.0
0.465  1.823  0.225408  5.498  0.002473  0.003607    0.0    0.0
0.454  1.807  0.211661  5.498  0.002535  0.003387    0.0    0.0
0.440  1.785  0.208746  5.498  0.002735  0.003340    0.0    0.0
0.427  1.762  0.214180  5.498  0.002901  0.003427    0.0    0.0
0.413  1.740  0.228504  5.498  0.003104  0.003656    0.0    0.0
0.401  1.718  0.234138  5.498  0.003220  0.003746    0.0    0.0
0.388  1.696  0.238694  5.498  0.003266  0.003819    0.0    0.0
0.377  1.674  0.254078  5.498  0.003250  0.004065    0.0    0.0
0.365  1.652  0.263030  5.498  0.003224  0.004208    0.0    0.0
0.354  1.629  0.264064  5.498  0.003243  0.004225    0.0    0.0
0.886  2.690  0.000913  5.498  0.000540  0.000015    0.0    0.0
0.871  2.676  0.005038  5.498  0.000987  0.000081    0.0    0.0
0.857  2.663  0.014139  5.498  0.001719  0.000226    0.0    0.0
0.843  2.649  0.035571  5.498  0.002364  0.000569    0.0    0.0
0.829  2.636  0.049235  5.498  0.002375  0.000788    0.0    0.0
0.815  2.622  0.057392  5.498  0.002091  0.000918    0.0    0.0
0.802  2.609  0.053710  5.498  0.001658  0.000859    0.0    0.0
0.789  2.596  0.049216  5.498  0.001269  0.000787    0.0    0.0
0.776  2.582  0.046056  5.498  0.001131  0.000737    0.0    0.0
0.764  2.569  0.043664  5.498  0.001167  0.000699    0.0    0.0
0.752  2.555  0.046370  5.498  0.000843  0.000742    0.0    0.0
0.740  2.542  0.047390  5.498  0.000937  0.000758    0.0    0.0
0.728  2.528  0.050836  5.498  0.001048  0.000813    0.0    0.0
0.717  2.515  0.055597  5.498  0.001174  0.000890    0.0    0.0
0.705  2.501  0.061017  5.498  0.001298  0.000976    0.0    0.0
0.694  2.488  0.066530  5.498  0.001443  0.001064    0.0    0.0
0.684  2.474  0.074811  5.498  0.001697  0.001197    0.0    0.0
0.673  2.461  0.083591  5.498  0.001974  0.001337    0.0    0.0
0.663  2.447  0.095264  5.498  0.002488  0.001524    0.0    0.0
0.653  2.434  0.115194  5.498  0.003085  0.001843    0.0    0.0
0.643  2.420  0.141098  5.498  0.003398  0.002258    0.0    0.0
0.633  2.407  0.145946  5.498  0.001770  0.002335    0.0    0.0
0.624  2.393  0.132282  5.498  0.001729  0.002117    0.0    0.0
0.614  2.380  0.121012  5.498  0.001514  0.001936    0.0    0.0
0.605  2.366  0.111765  5.498  0.001393  0.001788    0.0    0.0
0.596  2.353  0.108190  5.498  0.001456  0.001731    0.0    0.0
0.587  2.339  0.111374  5.498  0.001649  0.001782    0.0    0.0
0.578  2.326  0.116940  5.498  0.001913  0.001871    0.0    0.0
0.570  2.312  0.127196  5.498  0.002240  0.002035    0.0    0.0
0.562  2.299  0.142343  5.498  0.002705  0.002277    0.0    0.0
0.553  2.285  0.159393  5.498  0.003284  0.002550    0.0    0.0
0.545  2.272  0.180753  5.498  0.003721  0.002892    0.0    0.0
0.537  2.258  0.197489  5.498  0.003214  0.003160    0.0    0.0
0.530  2.245  0.200593  5.498  0.002508  0.003209    0.0    0.0
0.522  2.231  0.195311  5.498  0.002199  0.003125    0.0    0.0
0.514  2.218  0.186914  5.498  0.002082  0.002991    0.0    0.0
0.503  2.198  0.181873  5.498  0.002213  0.002910    0.0    0.0
0.489  2.171  0.182994  5.498  0.002479  0.002928    0.0    0.0
0.475  2.144  0.187288  5.498  0.002630  0.002997    0.0    0.0
0.462  2.117  0.196698  5.498  0.002786  0.003147    0.0    0.0
0.449  2.090  0.210441  5.498  0.002920  0.003367    0.0    0.0
0.436  2.063  0.216824  5.498  0.002967  0.003469    0.0    0.0
0.424  2.036  0.222036  5.498  0.002975  0.003553    0.0    0.0
0.412  2.009  0.234433  5.498  0.002972  0.003751    0.0    0.0
0.400  1.982  0.235579  5.498  0.003006  0.003769    0.0    0.0
0.902  3.160  0.000378  5.498  0.000387  0.000006    0.0    0.0
0.888  3.144  0.002440  5.498  0.000734  0.000039    0.0    0.0
0.876  3.129  0.009070  5.498  0.001229  0.000145    0.0    0.0
0.863  3.113  0.025178  5.498  0.001639  0.000403    0.0    0.0
0.850  3.097  0.035435  5.498  0.001571  0.000567    0.0    0.0
0.838  3.081  0.040332  5.498  0.001300  0.000645    0.0    0.0
0.826  3.065  0.038100  5.498  0.000894  0.000610    0.0    0.0
0.814  3.049  0.035364  5.498  0.000515  0.000566    0.0    0.0
0.803  3.034  0.034579  5.498  0.000439  0.000553    0.0    0.0
0.792  3.018  0.034498  5.498  0.000519  0.000552    0.0    0.0
0.780  3.002  0.035195  5.498  0.000654  0.000563    0.0    0.0
0.769  2.986  0.036547  5.498  0.000730  0.000585    0.0    0.0
0.759  2.970  0.039113  5.498  0.000816  0.000626    0.0    0.0
0.748  2.954  0.043151  5.498  0.000905  0.000690    0.0    0.0
0.738  2.938  0.047963  5.498  0.001009  0.000767    0.0    0.0
0.728  2.923  0.052762  5.498  0.001119  0.000844    0.0    0.0
0.717  2.907  0.056010  5.498  0.001356  0.000896    0.0    0.0
0.708  2.891  0.066507  5.498  0.001573  0.001064    0.0    0.0
0.698  2.875  0.078488  5.498  0.001983  0.001256    0.0    0.0
0.688  2.859  0.097004  5.498  0.002454  0.001552    0.0    0.0
0.679  2.843  0.113436  5.498  0.002490  0.001815    0.0    0.0
0.670  2.828  0.114264  5.498  0.001191  0.001828    0.0    0.0
0.661  2.812  0.102451  5.498  0.001242  0.001639    0.0    0.0
0.652  2.796  0.093319  5.498  0.001058  0.001493    0.0    0.0
0.643  2.780  0.086080  5.498  0.000975  0.001377    0.0    0.0
0.634  2.764  0.085612  5.498  0.001098  0.001370    0.0    0.0
0.626  2.748  0.086766  5.498  0.001262  0.001388    0.0    0.0
0.617  2.733  0.094650  5.498  0.001483  0.001514    0.0    0.0
0.609  2.717  0.104433  5.498  0.001737  0.001671    0.0    0.0
0.601  2.701  0.117479  5.498  0.002094  0.001880    0.0    0.0
0.593  2.685  0.128990  5.498  0.002569  0.002064    0.0    0.0
0.585  2.669  0.148001  5.498  0.002906  0.002368    0.0    0.0
0.577  2.653  0.163245  5.498  0.002458  0.002612    0.0    0.0
0.569  2.637  0.162951  5.498  0.001813  0.002607    0.0    0.0
0.562  2.622  0.162282  5.498  0.001490  0.002597    0.0    0.0
0.554  2.606  0.160518  5.498  0.001401  0.002568    0.0    0.0
0.543  2.582  0.152796  5.498  0.001527  0.002445    0.0    0.0
0.529  2.550  0.154252  5.498  0.001786  0.002468    0.0    0.0
0.515  2.519  0.159249  5.498  0.001903  0.002548    0.0    0.0
0.502  2.487  0.167718  5.498  0.002023  0.002683    0.0    0.0
0.489  2.455  0.176956  5.498  0.002109  0.002831    0.0    0.0
0.476  2.424  0.187379  5.498  0.002167  0.002998    0.0    0.0
0.463  2.392  0.195461  5.498  0.002166  0.003127    0.0    0.0
0.451  2.360  0.200466  5.498  0.002134  0.003207    0.0    0.0
0.439  2.328  0.202717  5.498  0.002143  0.003243    0.0    0.0
0.913  3.615  0.000347  5.498  0.000321  0.000006    0.0    0.0
0.901  3.597  0.002319  5.498  0.000596  0.000037    0.0    0.0
0.889  3.579  0.006947  5.498  0.001001  0.000111    0.0    0.0
0.878  3.561  0.018715  5.498  0.001346  0.000299    0.0    0.0
0.867  3.543  0.028814  5.498  0.001395  0.000461    0.0    0.0
0.856  3.525  0.032774  5.498  0.001334  0.000524    0.0    0.0
0.845  3.507  0.030287  5.498  0.001026  0.000485    0.0    0.0
0.834  3.489  0.028543  5.498  0.000828  0.000457    0.0    0.0
0.823  3.470  0.027046  5.498  0.000696  0.000433    0.0    0.0
0.813  3.452  0.027055  5.498  0.000745  0.000433    0.0    0.0
0.803  3.434  0.027716  5.498  0.000812  0.000443    0.0    0.0
0.792  3.416  0.029436  5.498  0.000875  0.000471    0.0    0.0
0.782  3.398  0.030639  5.498  0.000944  0.000490    0.0    0.0
0.773  3.380  0.035141  5.498  0.001013  0.000562    0.0    0.0
0.763  3.362  0.039393  5.498  0.001109  0.000630    0.0    0.0
0.753  3.344  0.042931  5.498  0.001190  0.000687    0.0    0.0
0.744  3.325  0.046761  5.498  0.001370  0.000748    0.0    0.0
0.735  3.307  0.057678  5.498  0.001577  0.000923    0.0    0.0
0.725  3.289  0.065353  5.498  0.001910  0.001046    0.0    0.0
0.716  3.271  0.081239  5.498  0.002318  0.001300    0.0    0.0
0.708  3.253  0.089492  5.498  0.002257  0.001432    0.0    0.0
0.699  3.235  0.093552  5.498  0.001674  0.001497    0.0    0.0
0.690  3.217  0.083468  5.498  0.001617  0.001335    0.0    0.0
0.682  3.199  0.077862  5.498  0.001440  0.001246    0.0    0.0
0.673  3.180  0.074170  5.498  0.001384  0.001187    0.0    0.0
0.665  3.162  0.075846  5.498  0.001420  0.001214    0.0    0.0
0.657  3.144  0.078117  5.498  0.001516  0.001250    0.0    0.0
0.648  3.126  0.082434  5.498  0.001657  0.001319    0.0    0.0
0.640  3.108  0.085664  5.498  0.001867  0.001371    0.0    0.0
0.633  3.090  0.098021  5.498  0.002146  0.001568    0.0    0.0
0.625  3.072  0.107874  5.498  0.002484  0.001726    0.0    0.0
0.617  3.054  0.123681  5.498  0.002879  0.001979    0.0    0.0
0.610  3.035  0.128759  5.498  0.002708  0.002060    0.0    0.0
0.602  3.017  0.140521  5.498  0.002319  0.002248    0.0    0.0
0.595  2.999  0.136373  5.498  0.002156  0.002182    0.0    0.0
0.587  2.981  0.135464  5.498  0.002081  0.002167    0.0    0.0
0.577  2.954  0.133050  5.498  0.002197  0.002129    0.0    0.0
0.562  2.918  0.133501  5.498  0.002451  0.002136    0.0    0.0
0.549  2.881  0.140249  5.498  0.002581  0.002244    0.0    0.0
0.535  2.845  0.147927  5.498  0.002710  0.002367    0.0    0.0
0.522  2.809  0.153307  5.498  0.002797  0.002453    0.0    0.0
0.509  2.773  0.162984  5.498  0.002850  0.002608    0.0    0.0
0.497  2.736  0.166795  5.498  0.002895  0.002669    0.0    0.0
0.485  2.700  0.174073  5.498  0.002959  0.002785    0.0    0.0
0.473  2.664  0.178680  5.498  0.002952  0.002859    0.0    0.0
0.922  4.049  0.000305  5.498  0.000258  0.000005    0.0    0.0
0.911  4.029  0.001955  5.498  0.000464  0.000031    0.0    0.0
0.900  4.009  0.004660  5.498  0.000767  0.000075    0.0    0.0
0.890  3.988  0.012989  5.498  0.001028  0.000208    0.0    0.0
0.879  3.968  0.020641  5.498  0.001061  0.000330    0.0    0.0
0.869  3.948  0.023730  5.498  0.000958  0.000380    0.0    0.0
0.859  3.928  0.022540  5.498  0.000731  0.000361    0.0    0.0
0.849  3.907  0.021994  5.498  0.000567  0.000352    0.0    0.0
0.839  3.887  0.022518  5.498  0.000515  0.000360    0.0    0.0
0.830  3.867  0.022686  5.498  0.000559  0.000363    0.0    0.0
0.820  3.846  0.022746  5.498  0.000629  0.000364    0.0    0.0
0.810  3.826  0.024231  5.498  0.000662  0.000388    0.0    0.0
0.801  3.806  0.026122  5.498  0.000700  0.000418    0.0    0.0
0.792  3.785  0.029054  5.498  0.000775  0.000465    0.0    0.0
0.783  3.765  0.031940  5.498  0.000854  0.000511    0.0    0.0
0.774  3.745  0.036299  5.498  0.000934  0.000581    0.0    0.0
0.765  3.725  0.039355  5.498  0.001028  0.000630    0.0    0.0
0.756  3.704  0.047112  5.498  0.001199  0.000754    0.0    0.0
0.747  3.684  0.054697  5.498  0.001479  0.000875    0.0    0.0
0.739  3.664  0.063917  5.498  0.001816  0.001023    0.0    0.0
0.730  3.643  0.073898  5.498  0.001681  0.001182    0.0    0.0
0.722  3.623  0.073450  5.498  0.001138  0.001175    0.0    0.0
0.714  3.603  0.066868  5.498  0.001120  0.001070    0.0    0.0
0.706  3.582  0.064921  5.498  0.000987  0.001039    0.0    0.0
0.698  3.562  0.061503  5.498  0.000943  0.000984    0.0    0.0
0.690  3.542  0.063343  5.498  0.000965  0.001013    0.0    0.0
0.682  3.522  0.063188  5.498  0.001070  0.001011    0.0    0.0
0.674  3.501  0.067783  5.498  0.001205  0.001085    0.0    0.0
0.666  3.481  0.072655  5.498  0.001381  0.001162    0.0    0.0
0.659  3.461  0.081779  5.498  0.001606  0.001308    0.0    0.0
0.651  3.440  0.092288  5.498  0.001918  0.001477    0.0    0.0
0.644  3.420  0.106421  5.498  0.002105  0.001703    0.0    0.0
0.636  3.400  0.109895  5.498  0.001925  0.001758    0.0    0.0
0.629  3.379  0.116498  5.498  0.001541  0.001864    0.0    0.0
0.622  3.359  0.114422  5.498  0.001334  0.001831    0.0    0.0
0.614  3.339  0.114341  5.498  0.001262  0.001829    0.0    0.0
0.604  3.308  0.112953  5.498  0.001313  0.001807    0.0    0.0
0.590  3.268  0.113169  5.498  0.001386  0.001811    0.0    0.0
0.577  3.227  0.120476  5.498  0.001470  0.001928    0.0    0.0
0.563  3.187  0.125440  5.498  0.001560  0.002007    0.0    0.0
0.550  3.146  0.133419  5.498  0.001612  0.002135    0.0    0.0
0.538  3.105  0.141135  5.498  0.001641  0.002258    0.0    0.0
0.525  3.065  0.147015  5.498  0.001656  0.002352    0.0    0.0
0.513  3.024  0.152844  5.498  0.001662  0.002446    0.0    0.0
0.501  2.984  0.156233  5.498  0.001697  0.002500    0.0    0.0
0.928  4.458  0.000502  5.498  0.000225  0.000008    0.0    0.0
0.918  4.436  0.001736  5.498  0.000410  0.000028    0.0    0.0
0.908  4.413  0.004658  5.498  0.000650  0.000075    0.0    0.0
0.899  4.391  0.010359  5.498  0.000866  0.000166    0.0    0.0
0.889  4.369  0.014856  5.498  0.000880  0.000238    0.0    0.0
0.880  4.346  0.019314  5.498  0.000800  0.000309    0.0    0.0
0.870  4.324  0.019985  5.498  0.000649  0.000320    0.0    0.0
0.861  4.302  0.018680  5.498  0.000611  0.000299    0.0    0.0
0.852  4.279  0.018841  5.498  0.000519  0.000301    0.0    0.0
0.843  4.257  0.019225  5.498  0.000546  0.000308    0.0    0.0
0.834  4.234  0.019444  5.498  0.000625  0.000311    0.0    0.0
0.825  4.212  0.021915  5.498  0.000697  0.000351    0.0    0.0
0.816  4.190  0.023708  5.498  0.000722  0.000379    0.0    0.0
0.807  4.167  0.025879  5.498  0.000798  0.000414    0.0    0.0
0.799  4.145  0.028321  5.498  0.000832  0.000453    0.0    0.0
0.790  4.123  0.032868  5.498  0.000915  0.000526    0.0    0.0
0.782  4.100  0.032933  5.498  0.001114  0.000527    0.0    0.0
0.773  4.078  0.039461  5.498  0.001236  0.000631    0.0    0.0
0.765  4.056  0.044521  5.498  0.001490  0.000712    0.0    0.0
0.757  4.033  0.051802  5.498  0.001728  0.000829    0.0    0.0
0.749  4.011  0.061600  5.498  0.001683  0.000986    0.0    0.0
0.741  3.989  0.060864  5.498  0.001411  0.000974    0.0    0.0
0.733  3.966  0.057199  5.498  0.001269  0.000915    0.0    0.0
0.725  3.944  0.055316  5.498  0.001181  0.000885    0.0    0.0
0.717  3.922  0.054604  5.498  0.001116  0.000874    0.0    0.0
0.710  3.899  0.054160  5.498  0.001099  0.000867    0.0    0.0
0.702  3.877  0.054918  5.498  0.001223  0.000879    0.0    0.0
0.695  3.855  0.060179  5.498  0.001290  0.000963    0.0    0.0
0.687  3.832  0.062882  5.498  0.001435  0.001006    0.0    0.0
0.680  3.810  0.069172  5.498  0.001622  0.001107    0.0    0.0
0.672  3.787  0.076224  5.498  0.001945  0.001220    0.0    0.0
0.665  3.765  0.086900  5.498  0.002051  0.001390    0.0    0.0
0.658  3.743  0.093345  5.498  0.002120  0.001494    0.0    0.0
0.651  3.720  0.101614  5.498  0.001916  0.001626    0.0    0.0
0.644  3.698  0.100200  5.498  0.001796  0.001603    0.0    0.0
0.637  3.676  0.098778  5.498  0.001724  0.001580    0.0    0.0
0.627  3.642  0.097783  5.498  0.001752  0.001565    0.0    0.0
0.613  3.598  0.101955  5.498  0.002031  0.001631    0.0    0.0
0.600  3.553  0.105526  5.498  0.002121  0.001688    0.0    0.0
0.587  3.508  0.111093  5.498  0.002198  0.001777    0.0    0.0
0.574  3.463  0.117638  5.498  0.002266  0.001882    0.0    0.0
0.562  3.419  0.127305  5.498  0.002371  0.002037    0.0    0.0
0.549  3.374  0.130373  5.498  0.002425  0.002086    0.0    0.0
0.537  3.329  0.135442  5.498  0.002406  0.002167    0.0    0.0
0.525  3.285  0.139410  5.498  0.002457  0.002231    0.0    0.0
0.934  4.842  0.000313  5.498  0.000176  0.000005    0.0    0.0
0.924  4.818  0.001490  5.498  0.000314  0.000024    0.0    0.0
0.915  4.794  0.002829  5.498  0.000548  0.000045    0.0    0.0
0.906  4.770  0.008351  5.498  0.000719  0.000134    0.0    0.0
0.897  4.745  0.011997  5.498  0.000718  0.000192    0.0    0.0
0.888  4.721  0.014306  5.498  0.000672  0.000229    0.0    0.0
0.879  4.697  0.014813  5.498  0.000563  0.000237    0.0    0.0
0.871  4.672  0.014677  5.498  0.000546  0.000235    0.0    0.0
0.862  4.648  0.014935  5.498  0.000483  0.000239    0.0    0.0
0.853  4.624  0.015523  5.498  0.000505  0.000248    0.0    0.0
0.845  4.600  0.015871  5.498  0.000598  0.000254    0.0    0.0
0.836  4.575  0.017733  5.498  0.000613  0.000284    0.0    0.0
0.828  4.551  0.019270  5.498  0.000630  0.000308    0.0    0.0
0.820  4.527  0.021466  5.498  0.000723  0.000343    0.0    0.0
0.812  4.502  0.024060  5.498  0.000748  0.000385    0.0    0.0
0.804  4.478  0.026889  5.498  0.000776  0.000430    0.0    0.0
0.796  4.454  0.029506  5.498  0.001163  0.000472    0.0    0.0
0.788  4.430  0.034948  5.498  0.001292  0.000559    0.0    0.0
0.780  4.405  0.039789  5.498  0.001536  0.000637    0.0    0.0
0.772  4.381  0.045334  5.498  0.001744  0.000725    0.0    0.0
0.764  4.357  0.055335  5.498  0.001825  0.000885    0.0    0.0
0.756  4.333  0.053148  5.498  0.001656  0.000850    0.0    0.0
0.749  4.308  0.051121  5.498  0.001598  0.000818    0.0    0.0
0.741  4.284  0.048839  5.498  0.001418  0.000781    0.0    0.0
0.734  4.260  0.048083  5.498  0.001418  0.000769    0.0    0.0
0.726  4.235  0.049619  5.498  0.001439  0.000794    0.0    0.0
0.719  4.211  0.050562  5.498  0.001477  0.000809    0.0    0.0
0.712  4.187  0.053454  5.498  0.001521  0.000855    0.0    0.0
0.705  4.163  0.055943  5.498  0.001586  0.000895    0.0    0.0
0.698  4.138  0.057949  5.498  0.001749  0.000927    0.0    0.0
0.690  4.114  0.070698  5.498  0.002003  0.001131    0.0    0.0
0.683  4.090  0.076859  5.498  0.002153  0.001230    0.0    0.0
0.676  4.065  0.081369  5.498  0.001830  0.001302    0.0    0.0
0.670  4.041  0.085726  5.498  0.001639  0.001372    0.0    0.0
0.663  4.017  0.087246  5.498  0.001607  0.001396    0.0    0.0
0.656  3.993  0.087142  5.498  0.001508  0.001394    0.0    0.0
0.646  3.956  0.087076  5.498  0.001353  0.001393    0.0    0.0
0.633  3.908  0.089180  5.498  0.001299  0.001427    0.0    0.0
0.620  3.859  0.094144  5.498  0.001322  0.001506    0.0    0.0
0.607  3.811  0.099380  5.498  0.001421  0.001590    0.0    0.0
0.594  3.762  0.105678  5.498  0.001507  0.001691    0.0    0.0
0.582  3.713  0.111341  5.498  0.001497  0.001781    0.0    0.0
0.570  3.665  0.117204  5.498  0.001560  0.001875    0.0    0.0
0.558  3.616  0.122858  5.498  0.001617  0.001966    0.0    0.0
0.546  3.568  0.126265  5.498  0.001605  0.002020    0.0    0.0
0.929  5.168  0.001477  5.498  0.000313  0.000024    0.0    0.0
0.920  5.142  0.002959  5.498  0.000569  0.000047    0.0    0.0
0.912  5.116  0.008148  5.498  0.000727  0.000130    0.0    0.0
0.903  5.090  0.010270  5.498  0.000781  0.000164    0.0    0.0
0.895  5.064  0.011979  5.498  0.000799  0.000192    0.0    0.0
0.887  5.038  0.012523  5.498  0.000636  0.000200    0.0    0.0
0.878  5.012  0.012221  5.498  0.000633  0.000196    0.0    0.0
0.870  4.986  0.012650  5.498  0.000537  0.000202    0.0    0.0
0.862  4.960  0.013727  5.498  0.000654  0.000220    0.0    0.0
0.854  4.934  0.013848  5.498  0.000563  0.000222    0.0    0.0
0.846  4.908  0.015888  5.498  0.000572  0.000254    0.0    0.0
0.838  4.882  0.017610  5.498  0.000684  0.000282    0.0    0.0
0.830  4.856  0.019320  5.498  0.000698  0.000309    0.0    0.0
0.822  4.830  0.021473  5.498  0.000716  0.000344    0.0    0.0
0.814  4.804  0.024057  5.498  0.000740  0.000385    0.0    0.0
0.807  4.778  0.026961  5.498  0.000774  0.000431    0.0    0.0
0.799  4.752  0.030489  5.498  0.000920  0.000488    0.0    0.0
0.792  4.726  0.034146  5.498  0.001045  0.000546    0.0    0.0
0.784  4.700  0.039631  5.498  0.001344  0.000634    0.0    0.0
0.777  4.674  0.044257  5.498  0.001298  0.000708    0.0    0.0
0.769  4.648  0.045961  5.498  0.001024  0.000735    0.0    0.0
0.762  4.621  0.044887  5.498  0.001047  0.000718    0.0    0.0
0.755  4.595  0.042437  5.498  0.000917  0.000679    0.0    0.0
0.747  4.569  0.041384  5.498  0.000918  0.000662    0.0    0.0
0.740  4.543  0.043110  5.498  0.000945  0.000690    0.0    0.0
0.733  4.517  0.044691  5.498  0.000980  0.000715    0.0    0.0
0.726  4.491  0.047378  5.498  0.001027  0.000758    0.0    0.0
0.719  4.465  0.050599  5.498  0.001095  0.000810    0.0    0.0
0.712  4.439  0.054141  5.498  0.001197  0.000866    0.0    0.0
0.705  4.413  0.057846  5.498  0.001406  0.000926    0.0    0.0
0.698  4.387  0.068022  5.498  0.001564  0.001088    0.0    0.0
0.692  4.361  0.073040  5.498  0.001622  0.001169    0.0    0.0
0.685  4.335  0.077101  5.498  0.001496  0.001234    0.0    0.0
0.678  4.309  0.078628  5.498  0.001399  0.001258    0.0    0.0
0.672  4.283  0.078812  5.498  0.001387  0.001261    0.0    0.0
0.662  4.244  0.078634  5.498  0.001516  0.001258    0.0    0.0
0.649  4.192  0.081128  5.498  0.001758  0.001298    0.0    0.0
0.636  4.140  0.085661  5.498  0.001766  0.001371    0.0    0.0
0.623  4.088  0.090235  5.498  0.001882  0.001444    0.0    0.0
0.611  4.036  0.096802  5.498  0.001982  0.001549    0.0    0.0
0.599  3.983  0.102079  5.498  0.002081  0.001633    0.0    0.0
0.587  3.931  0.106412  5.498  0.002068  0.001703    0.0    0.0
0.575  3.879  0.111027  5.498  0.002051  0.001776    0.0    0.0
0.563  3.827  0.115688  5.498  0.002143  0.001851    0.0    0.0
0.537  0.399  0.009546  3.118  0.001934  0.000153    0.0    0.0
0.501  0.396  0.030706  3.118  0.003220  0.000491    0.0    0.0
0.468  0.392  0.115147  3.118  0.006211  0.001842    0.0    0.0
0.440  0.388  0.229885  3.118  0.006883  0.003678    0.0    0.0
0.414  0.385  0.348213  3.118  0.006326  0.005571    0.0    0.0
0.391  0.381  0.380265  3.118  0.004323  0.006084    0.0    0.0
0.369  0.377  0.364896  3.118  0.003768  0.005838    0.0    0.0
0.350  0.374  0.301773  3.118  0.003609  0.004828    0.0    0.0
0.332  0.370  0.252412  3.118  0.002837  0.004039    0.0    0.0
0.316  0.367  0.209256  3.118  0.002573  0.003348    0.0    0.0
0.301  0.363  0.192269  3.118  0.002394  0.003076    0.0    0.0
0.287  0.359  0.181971  3.118  0.002301  0.002912    0.0    0.0
0.274  0.356  0.182126  3.118  0.002293  0.002914    0.0    0.0
0.261  0.352  0.174535  3.118  0.002370  0.002793    0.0    0.0
0.250  0.348  0.179907  3.118  0.002453  0.002879    0.0    0.0
0.240  0.345  0.185203  3.118  0.002357  0.002963    0.0    0.0
0.230  0.341  0.195788  3.118  0.002615  0.003133    0.0    0.0
0.220  0.338  0.208973  3.118  0.002976  0.003344    0.0    0.0
0.212  0.334  0.236214  3.118  0.003267  0.003779    0.0    0.0
0.203  0.330  0.285911  3.118  0.003801  0.004575    0.0    0.0
0.195  0.327  0.319515  3.118  0.003508  0.005112    0.0    0.0
0.188  0.323  0.316431  3.118  0.003089  0.005063    0.0    0.0
0.181  0.319  0.302388  3.118  0.002822  0.004838    0.0    0.0
0.174  0.316  0.277809  3.118  0.002599  0.004445    0.0    0.0
0.168  0.312  0.256331  3.118  0.002492  0.004101    0.0    0.0
0.162  0.309  0.247337  3.118  0.002554  0.003957    0.0    0.0
0.156  0.305  0.244995  3.118  0.002549  0.003920    0.0    0.0
0.151  0.301  0.252352  3.118  0.002655  0.004038    0.0    0.0
0.146  0.298  0.246986  3.118  0.002824  0.003952    0.0    0.0
0.141  0.294  0.266611  3.118  0.002891  0.004266    0.0    0.0
0.136  0.290  0.271430  3.118  0.003074  0.004343    0.0    0.0
0.131  0.287  0.287944  3.118  0.003141  0.004607    0.0    0.0
0.127  0.283  0.299137  3.118  0.003019  0.004786    0.0    0.0
0.123  0.280  0.279844  3.118  0.002887  0.004477    0.0    0.0
0.119  0.276  0.261083  3.118  0.002689  0.004177    0.0    0.0
0.115  0.272  0.262188  3.118  0.002510  0.004195    0.0    0.0
0.110  0.267  0.234631  3.118  0.002120  0.003754    0.0    0.0
0.103  0.260  0.237456  3.118  0.001806  0.003799    0.0    0.0
0.096  0.252  0.218616  3.118  0.001814  0.003498    0.0    0.0
0.090  0.245  0.213367  3.118  0.001843  0.003414    0.0    0.0
0.085  0.238  0.212693  3.118  0.001766  0.003403    0.0    0.0
0.080  0.231  0.204595  3.118  0.001555  0.003274    0.0    0.0
0.075  0.223  0.196998  3.118  0.001566  0.003152    0.0    0.0
0.070  0.216  0.191767  3.118  0.001585  0.003068    0.0    0.0
0.066  0.209  0.183305  3.118  0.001605  0.002933    0.0    0.0
0.644  0.625  0.025054  3.118  0.003356  0.000401    0.0    0.0
0.611  0.619  0.049183  3.118  0.003304  0.000787    0.0    0.0
0.580  0.613  0.112074  3.118  0.006042  0.001793    0.0    0.0
0.551  0.608  0.200605  3.118  0.006689  0.003210    0.0    0.0
0.525  0.602  0.272490  3.118  0.006416  0.004360    0.0    0.0
0.501  0.596  0.322221  3.118  0.004531  0.005156    0.0    0.0
0.478  0.591  0.320535  3.118  0.003786  0.005129    0.0    0.0
0.457  0.585  0.277694  3.118  0.003479  0.004443    0.0    0.0
0.438  0.579  0.234745  3.118  0.002794  0.003756    0.0    0.0
0.419  0.574  0.209370  3.118  0.002611  0.003350    0.0    0.0
0.402  0.568  0.184556  3.118  0.002501  0.002953    0.0    0.0
0.386  0.562  0.179600  3.118  0.002497  0.002874    0.0    0.0
0.371  0.557  0.171884  3.118  0.002524  0.002750    0.0    0.0
0.356  0.551  0.178606  3.118  0.002604  0.002858    0.0    0.0
0.343  0.545  0.173892  3.118  0.002724  0.002782    0.0    0.0
0.330  0.540  0.181062  3.118  0.002844  0.002897    0.0    0.0
0.318  0.534  0.198643  3.118  0.003048  0.003178    0.0    0.0
0.307  0.528  0.213318  3.118  0.003383  0.003413    0.0    0.0
0.296  0.523  0.238682  3.118  0.003833  0.003819    0.0    0.0
0.285  0.517  0.286382  3.118  0.004469  0.004582    0.0    0.0
0.275  0.511  0.340132  3.118  0.004800  0.005442    0.0    0.0
0.266  0.506  0.336994  3.118  0.004125  0.005392    0.0    0.0
0.257  0.500  0.325090  3.118  0.003750  0.005201    0.0    0.0
0.248  0.494  0.289815  3.118  0.003451  0.004637    0.0    0.0
0.240  0.489  0.281611  3.118  0.003320  0.004506    0.0    0.0
0.232  0.483  0.265265  3.118  0.003345  0.004244    0.0    0.0
0.225  0.477  0.259307  3.118  0.003051  0.004149    0.0    0.0
0.218  0.472  0.267870  3.118  0.003166  0.004286    0.0    0.0
0.211  0.466  0.269559  3.118  0.003383  0.004313    0.0    0.0
0.204  0.460  0.286805  3.118  0.003267  0.004589    0.0    0.0
0.198  0.455  0.311408  3.118  0.003522  0.004983    0.0    0.0
0.192  0.449  0.319081  3.118  0.003670  0.005105    0.0    0.0
0.186  0.443  0.336017  3.118  0.003501  0.005376    0.0    0.0
0.180  0.438  0.330678  3.118  0.003253  0.005291    0.0    0.0
0.174  0.432  0.320972  3.118  0.002984  0.005136    0.0    0.0
0.169  0.426  0.303510  3.118  0.002840  0.004856    0.0    0.0
0.161  0.418  0.282737  3.118  0.002942  0.004524    0.0    0.0
0.152  0.406  0.259186  3.118  0.003056  0.004147    0.0    0.0
0.143  0.395  0.255621  3.118  0.003067  0.004090    0.0    0.0
0.134  0.384  0.256449  3.118  0.003112  0.004103    0.0    0.0
0.127  0.372  0.257226  3.118  0.002967  0.004116    0.0    0.0
0.119  0.361  0.264440  3.118  0.002616  0.004231    0.0    0.0
0.112  0.350  0.255790  3.118  0.002630  0.004093    0.0    0.0
0.105  0.338  0.248513  3.118  0.002631  0.003976    0.0    0.0
0.099  0.327  0.235621  3.118  0.002650  0.003770    0.0    0.0
0.718  0.877  0.022062  3.118  0.002904  0.000353    0.0    0.0
0.688  0.869  0.039665  3.118  0.002565  0.000635    0.0    0.0
0.660  0.861  0.083225  3.118  0.004641  0.001332    0.0    0.0
0.633  0.853  0.151876  3.118  0.005285  0.002430    0.0    0.0
0.608  0.845  0.217193  3.118  0.004907  0.003475    0.0    0.0
0.585  0.837  0.262157  3.118  0.002758  0.004195    0.0    0.0
0.563  0.829  0.253974  3.118  0.002021  0.004064    0.0    0.0
0.542  0.821  0.228839  3.118  0.001868  0.003661    0.0    0.0
0.522  0.813  0.193635  3.118  0.001495  0.003098    0.0    0.0
0.503  0.806  0.178289  3.118  0.001321  0.002853    0.0    0.0
0.486  0.798  0.164481  3.118  0.001299  0.002632    0.0    0.0
0.469  0.790  0.161233  3.118  0.001330  0.002580    0.0    0.0
0.453  0.782  0.161277  3.118  0.001368  0.002580    0.0    0.0
0.438  0.774  0.163065  3.118  0.001473  0.002609    0.0    0.0
0.423  0.766  0.162888  3.118  0.001621  0.002606    0.0    0.0
0.409  0.758  0.161170  3.118  0.001813  0.002579    0.0    0.0
0.396  0.750  0.176309  3.118  0.001986  0.002821    0.0    0.0
0.383  0.742  0.196837  3.118  0.002290  0.003149    0.0    0.0
0.371  0.734  0.230396  3.118  0.002736  0.003686    0.0    0.0
0.359  0.726  0.276311  3.118  0.003272  0.004421    0.0    0.0
0.348  0.718  0.323385  3.118  0.003945  0.005174    0.0    0.0
0.337  0.710  0.321457  3.118  0.002307  0.005143    0.0    0.0
0.327  0.702  0.301278  3.118  0.002056  0.004820    0.0    0.0
0.317  0.694  0.274324  3.118  0.001827  0.004389    0.0    0.0
0.308  0.686  0.259192  3.118  0.001707  0.004147    0.0    0.0
0.298  0.678  0.249369  3.118  0.001827  0.003990    0.0    0.0
0.289  0.670  0.252134  3.118  0.001960  0.004034    0.0    0.0
0.281  0.662  0.254514  3.118  0.002144  0.004072    0.0    0.0
0.273  0.654  0.259219  3.118  0.002364  0.004148    0.0    0.0
0.265  0.646  0.282192  3.118  0.002584  0.004515    0.0    0.0
0.257  0.638  0.306146  3.118  0.002894  0.004898    0.0    0.0
0.250  0.630  0.322021  3.118  0.003002  0.005152    0.0    0.0
0.242  0.622  0.352157  3.118  0.002561  0.005635    0.0    0.0
0.235  0.614  0.347951  3.118  0.002231  0.005567    0.0    0.0
0.229  0.606  0.329655  3.118  0.002041  0.005274    0.0    0.0
0.222  0.598  0.321777  3.118  0.001877  0.005148    0.0    0.0
0.213  0.586  0.297214  3.118  0.001884  0.004755    0.0    0.0
0.201  0.571  0.279187  3.118  0.001948  0.004467    0.0    0.0
0.190  0.555  0.273134  3.118  0.001987  0.004370    0.0    0.0
0.179  0.539  0.271501  3.118  0.002042  0.004344    0.0    0.0
0.169  0.523  0.278376  3.118  0.002028  0.004454    0.0    0.0
0.160  0.507  0.286646  3.118  0.001899  0.004586    0.0    0.0
0.151  0.491  0.288201  3.118  0.001863  0.004611    0.0    0.0
0.142  0.475  0.285771  3.118  0.001853  0.004572    0.0    0.0
0.134  0.459  0.267089  3.118  0.001937  0.004273    0.0    0.0
0.693  1.116  0.120819  3.118  0.004227  0.001933    0.0    0.0
0.670  1.105  0.171472  3.118  0.003916  0.002744    0.0    0.0
0.648  1.095  0.201463  3.118  0.002333  0.003223    0.0    0.0
0.627  1.084  0.200809  3.118  0.001537  0.003213    0.0    0.0
0.607  1.074  0.178429  3.118  0.001420  0.002855    0.0    0.0
0.588  1.064  0.153739  3.118  0.001089  0.002460    0.0    0.0
0.570  1.053  0.140482  3.118  0.001019  0.002248    0.0    0.0
0.553  1.043  0.135582  3.118  0.001015  0.002169    0.0    0.0
0.536  1.032  0.135487  3.118  0.001066  0.002168    0.0    0.0
0.520  1.022  0.141455  3.118  0.001116  0.002263    0.0    0.0
0.504  1.012  0.144826  3.118  0.001214  0.002317    0.0    0.0
0.489  1.001  0.146477  3.118  0.001349  0.002344    0.0    0.0
0.475  0.991  0.150169  3.118  0.001506  0.002403    0.0    0.0
0.461  0.980  0.158182  3.118  0.001756  0.002531    0.0    0.0
0.448  0.970  0.173123  3.118  0.002018  0.002770    0.0    0.0
0.435  0.960  0.201954  3.118  0.002512  0.003231    0.0    0.0
0.423  0.949  0.243586  3.118  0.003016  0.003897    0.0    0.0
0.411  0.939  0.286854  3.118  0.004049  0.004590    0.0    0.0
0.400  0.928  0.301606  3.118  0.001993  0.004826    0.0    0.0
0.389  0.918  0.276375  3.118  0.001873  0.004422    0.0    0.0
0.378  0.907  0.251813  3.118  0.001652  0.004029    0.0    0.0
0.367  0.897  0.243839  3.118  0.001548  0.003901    0.0    0.0
0.357  0.887  0.239060  3.118  0.001620  0.003825    0.0    0.0
0.348  0.876  0.237147  3.118  0.001783  0.003794    0.0    0.0
0.338  0.866  0.235457  3.118  0.002003  0.003767    0.0    0.0
0.329  0.855  0.245544  3.118  0.002207  0.003929    0.0    0.0
0.320  0.845  0.258411  3.118  0.002542  0.004135    0.0    0.0
0.311  0.835  0.283902  3.118  0.002880  0.004542    0.0    0.0
0.303  0.824  0.310995  3.118  0.002990  0.004976    0.0    0.0
0.295  0.814  0.349592  3.118  0.002493  0.005593    0.0    0.0
0.287  0.803  0.327833  3.118  0.002202  0.005245    0.0    0.0
0.279  0.793  0.321832  3.118  0.001937  0.005149    0.0    0.0
0.272  0.782  0.313036  3.118  0.001843  0.005009    0.0    0.0
0.261  0.767  0.290189  3.118  0.001924  0.004643    0.0    0.0
0.247  0.746  0.281097  3.118  0.002020  0.004498    0.0    0.0
0.234  0.725  0.274846  3.118  0.002088  0.004398    0.0    0.0
0.222  0.704  0.276494  3.118  0.002128  0.004424    0.0    0.0
0.210  0.684  0.276087  3.118  0.002192  0.004417    0.0    0.0
0.199  0.663  0.285904  3.118  0.002247  0.004574    0.0    0.0
0.188  0.642  0.287087  3.118  0.002221  0.004593    0.0    0.0
0.178  0.621  0.284974  3.118  0.002205  0.004560    0.0    0.0
0.168  0.600  0.276886  3.118  0.002198  0.004430    0.0    0.0
0.848  1.918  0.004512  3.118  0.000734  0.000072    0.0    0.0
0.828  1.901  0.013174  3.118  0.000999  0.000211    0.0    0.0
0.809  1.884  0.028673  3.118  0.001743  0.000459    0.0    0.0
0.790  1.866  0.061206  3.118  0.002113  0.000979    0.0    0.0
0.772  1.849  0.085268  3.118  0.001967  0.001364    0.0    0.0
0.755  1.831  0.097585  3.118  0.001329  0.001561    0.0    0.0
0.738  1.814  0.093881  3.118  0.001537  0.001502    0.0    0.0
0.721  1.796  0.089614  3.118  0.001325  0.001434    0.0    0.0
0.705  1.779  0.082347  3.118  0.001051  0.001318    0.0    0.0
0.689  1.762  0.081137  3.118  0.001057  0.001298    0.0    0.0
0.674  1.744  0.084117  3.118  0.001085  0.001346    0.0    0.0
0.659  1.727  0.085707  3.118  0.001178  0.001371    0.0    0.0
0.644  1.709  0.090379  3.118  0.001240  0.001446    0.0    0.0
0.630  1.692  0.093196  3.118  0.001292  0.001491    0.0    0.0
0.616  1.675  0.099378  3.118  0.001382  0.001590    0.0    0.0
0.602  1.657  0.103241  3.118  0.001471  0.001652    0.0    0.0
0.589  1.640  0.108244  3.118  0.001478  0.001732    0.0    0.0
0.576  1.622  0.119890  3.118  0.001657  0.001918    0.0    0.0
0.563  1.605  0.141507  3.118  0.001892  0.002264    0.0    0.0
0.551  1.587  0.171920  3.118  0.002284  0.002751    0.0    0.0
0.539  1.570  0.204998  3.118  0.002750  0.003280    0.0    0.0
0.527  1.553  0.218118  3.118  0.001378  0.003490    0.0    0.0
0.515  1.535  0.204553  3.118  0.001344  0.003273    0.0    0.0
0.504  1.518  0.187583  3.118  0.001215  0.003001    0.0    0.0
0.493  1.500  0.176110  3.118  0.001161  0.002818    0.0    0.0
0.482  1.483  0.172107  3.118  0.001255  0.002754    0.0    0.0
0.471  1.466  0.173019  3.118  0.001486  0.002768    0.0    0.0
0.461  1.448  0.177545  3.118  0.001616  0.002841    0.0    0.0
0.451  1.431  0.188131  3.118  0.001764  0.003010    0.0    0.0
0.441  1.413  0.200385  3.118  0.002157  0.003206    0.0    0.0
0.431  1.396  0.224277  3.118  0.002438  0.003588    0.0    0.0
0.421  1.378  0.240206  3.118  0.002590  0.003843    0.0    0.0
0.412  1.361  0.267771  3.118  0.002284  0.004284    0.0    0.0
0.402  1.344  0.288922  3.118  0.001870  0.004623    0.0    0.0
0.393  1.326  0.282632  3.118  0.001680  0.004522    0.0    0.0
0.385  1.309  0.269370  3.118  0.001636  0.004310    0.0    0.0
0.372  1.283  0.257015  3.118  0.001856  0.004112    0.0    0.0
0.355  1.248  0.250832  3.118  0.002877  0.004013    0.0    0.0
0.339  1.213  0.253639  3.118  0.002898  0.004058    0.0    0.0
0.323  1.178  0.259254  3.118  0.004900  0.004148    0.0    0.0
0.308  1.143  0.264342  3.118  0.004971  0.004229    0.0    0.0
0.293  1.108  0.275442  3.118  0.005065  0.004407    0.0    0.0
0.279  1.074  0.276908  3.118  0.005089  0.004431    0.0    0.0
0.266  1.039  0.287165  3.118  0.005198  0.004595    0.0    0.0
0.253  1.004  0.289961  3.118  0.005212  0.004639    0.0    0.0
0.878  2.470  0.001910  3.118  0.000410  0.000031    0.0    0.0
0.861  2.448  0.007170  3.118  0.000662  0.000115    0.0    0.0
0.845  2.425  0.018136  3.118  0.001159  0.000290    0.0    0.0
0.829  2.403  0.039551  3.118  0.001364  0.000633    0.0    0.0
0.814  2.380  0.053838  3.118  0.001311  0.000861    0.0    0.0
0.799  2.358  0.062685  3.118  0.000979  0.001003    0.0    0.0
0.784  2.335  0.058303  3.118  0.000801  0.000933    0.0    0.0
0.769  2.313  0.056464  3.118  0.000662  0.000903    0.0    0.0
0.755  2.291  0.056645  3.118  0.000533  0.000906    0.0    0.0
0.741  2.268  0.056474  3.118  0.000556  0.000904    0.0    0.0
0.727  2.246  0.060294  3.118  0.000564  0.000965    0.0    0.0
0.713  2.223  0.059639  3.118  0.000635  0.000954    0.0    0.0
0.700  2.201  0.062869  3.118  0.000690  0.001006    0.0    0.0
0.687  2.178  0.066017  3.118  0.000749  0.001056    0.0    0.0
0.674  2.156  0.074837  3.118  0.000780  0.001197    0.0    0.0
0.661  2.134  0.078775  3.118  0.000854  0.001260    0.0    0.0
0.648  2.111  0.083372  3.118  0.001045  0.001334    0.0    0.0
0.636  2.089  0.093517  3.118  0.001189  0.001496    0.0    0.0
0.624  2.066  0.107963  3.118  0.001620  0.001727    0.0    0.0
0.612  2.044  0.129744  3.118  0.001955  0.002076    0.0    0.0
0.601  2.021  0.157610  3.118  0.002111  0.002522    0.0    0.0
0.589  1.999  0.169526  3.118  0.001386  0.002712    0.0    0.0
0.578  1.977  0.164658  3.118  0.001358  0.002635    0.0    0.0
0.567  1.954  0.149295  3.118  0.001252  0.002389    0.0    0.0
0.556  1.932  0.140189  3.118  0.001204  0.002243    0.0    0.0
0.545  1.909  0.135587  3.118  0.001266  0.002169    0.0    0.0
0.534  1.887  0.138758  3.118  0.001505  0.002220    0.0    0.0
0.524  1.864  0.139305  3.118  0.001598  0.002229    0.0    0.0
0.514  1.842  0.152028  3.118  0.001703  0.002432    0.0    0.0
0.503  1.820  0.165581  3.118  0.003275  0.002649    0.0    0.0
0.493  1.797  0.185549  3.118  0.003657  0.002969    0.0    0.0
0.484  1.775  0.201225  3.118  0.003930  0.003220    0.0    0.0
0.474  1.752  0.220244  3.118  0.004072  0.003524    0.0    0.0
0.464  1.730  0.232999  3.118  0.004104  0.003728    0.0    0.0
0.455  1.708  0.236041  3.118  0.004089  0.003777    0.0    0.0
0.446  1.685  0.229440  3.118  0.003975  0.003671    0.0    0.0
0.432  1.651  0.220629  3.118  0.003983  0.003530    0.0    0.0
0.414  1.607  0.212748  3.118  0.004127  0.003404    0.0    0.0
0.397  1.562  0.223575  3.118  0.004265  0.003577    0.0    0.0
0.381  1.517  0.231167  3.118  0.004391  0.003699    0.0    0.0
0.364  1.472  0.241661  3.118  0.004581  0.003867    0.0    0.0
0.348  1.427  0.246160  3.118  0.004921  0.003939    0.0    0.0
0.333  1.382  0.256444  3.118  0.005034  0.004103    0.0    0.0
0.318  1.337  0.267041  3.118  0.005199  0.004273    0.0    0.0
0.303  1.293  0.271005  3.118  0.005193  0.004336    0.0    0.0
0.897  2.987  0.000476  3.118  0.000293  0.000008    0.0    0.0
0.882  2.959  0.004631  3.118  0.000477  0.000074    0.0    0.0
0.868  2.932  0.011998  3.118  0.000809  0.000192    0.0    0.0
0.855  2.905  0.026807  3.118  0.001008  0.000429    0.0    0.0
0.841  2.878  0.035956  3.118  0.001006  0.000575    0.0    0.0
0.827  2.851  0.043710  3.118  0.000934  0.000699    0.0    0.0
0.814  2.824  0.040575  3.118  0.001284  0.000649    0.0    0.0
0.801  2.797  0.041952  3.118  0.001191  0.000671    0.0    0.0
0.788  2.770  0.039150  3.118  0.000985  0.000626    0.0    0.0
0.775  2.743  0.040645  3.118  0.001061  0.000650    0.0    0.0
0.763  2.715  0.042720  3.118  0.001134  0.000684    0.0    0.0
0.750  2.688  0.042916  3.118  0.001141  0.000687    0.0    0.0
0.738  2.661  0.045914  3.118  0.001394  0.000735    0.0    0.0
0.726  2.634  0.049195  3.118  0.001422  0.000787    0.0    0.0
0.714  2.607  0.053357  3.118  0.001520  0.000854    0.0    0.0
0.702  2.580  0.056757  3.118  0.001614  0.000908    0.0    0.0
0.690  2.553  0.065215  3.118  0.001747  0.001043    0.0    0.0
0.679  2.526  0.073133  3.118  0.001899  0.001170    0.0    0.0
0.667  2.498  0.083654  3.118  0.002161  0.001338    0.0    0.0
0.656  2.471  0.100426  3.118  0.002590  0.001607    0.0    0.0
0.645  2.444  0.125348  3.118  0.002916  0.002006    0.0    0.0
0.634  2.417  0.132615  3.118  0.002820  0.002122    0.0    0.0
0.623  2.390  0.126722  3.118  0.002729  0.002028    0.0    0.0
0.613  2.363  0.118978  3.118  0.002546  0.001904    0.0    0.0
0.602  2.336  0.111799  3.118  0.002430  0.001789    0.0    0.0
0.591  2.309  0.110037  3.118  0.002423  0.001761    0.0    0.0
0.581  2.282  0.111646  3.118  0.002502  0.001786    0.0    0.0
0.571  2.254  0.115858  3.118  0.002604  0.001854    0.0    0.0
0.561  2.227  0.123581  3.118  0.002741  0.001977    0.0    0.0
0.551  2.200  0.137075  3.118  0.003048  0.002193    0.0    0.0
0.541  2.173  0.146160  3.118  0.003233  0.002339    0.0    0.0
0.531  2.146  0.165688  3.118  0.003558  0.002651    0.0    0.0
0.521  2.119  0.189691  3.118  0.003859  0.003035    0.0    0.0
0.512  2.092  0.195628  3.118  0.003857  0.003130    0.0    0.0
0.502  2.065  0.198611  3.118  0.003846  0.003178    0.0    0.0
0.493  2.038  0.194536  3.118  0.003750  0.003113    0.0    0.0
0.479  1.997  0.182443  3.118  0.003837  0.002919    0.0    0.0
0.461  1.943  0.183897  3.118  0.004241  0.002942    0.0    0.0
0.443  1.888  0.186071  3.118  0.004337  0.002977    0.0    0.0
0.426  1.834  0.198442  3.118  0.004546  0.003175    0.0    0.0
0.409  1.780  0.207999  3.118  0.004733  0.003328    0.0    0.0
0.393  1.726  0.218074  3.118  0.005106  0.003489    0.0    0.0
0.376  1.671  0.225822  3.118  0.005195  0.003613    0.0    0.0
0.360  1.617  0.237815  3.118  0.005420  0.003805    0.0    0.0
0.345  1.563  0.242281  3.118  0.005385  0.003876    0.0    0.0
0.911  3.512  0.000563  3.118  0.000322  0.000009    0.0    0.0
0.898  3.480  0.002952  3.118  0.000505  0.000047    0.0    0.0
0.886  3.448  0.008691  3.118  0.000750  0.000139    0.0    0.0
0.874  3.416  0.018338  3.118  0.000927  0.000293    0.0    0.0
0.861  3.385  0.025606  3.118  0.001025  0.000410    0.0    0.0
0.849  3.353  0.030261  3.118  0.000970  0.000484    0.0    0.0
0.837  3.321  0.030352  3.118  0.000937  0.000486    0.0    0.0
0.826  3.289  0.029602  3.118  0.000799  0.000474    0.0    0.0
0.814  3.257  0.030329  3.118  0.000804  0.000485    0.0    0.0
0.802  3.225  0.031235  3.118  0.000814  0.000500    0.0    0.0
0.791  3.193  0.032089  3.118  0.000821  0.000513    0.0    0.0
0.779  3.161  0.033937  3.118  0.000838  0.000543    0.0    0.0
0.768  3.129  0.037148  3.118  0.000979  0.000594    0.0    0.0
0.757  3.098  0.040565  3.118  0.001006  0.000649    0.0    0.0
0.746  3.066  0.043593  3.118  0.001035  0.000697    0.0    0.0
0.735  3.034  0.046463  3.118  0.001292  0.000743    0.0    0.0
0.724  3.002  0.050175  3.118  0.001330  0.000803    0.0    0.0
0.713  2.970  0.057311  3.118  0.001519  0.000917    0.0    0.0
0.702  2.938  0.068552  3.118  0.002329  0.001097    0.0    0.0
0.692  2.906  0.081569  3.118  0.002676  0.001305    0.0    0.0
0.681  2.874  0.094356  3.118  0.002931  0.001510    0.0    0.0
0.671  2.843  0.100444  3.118  0.002980  0.001607    0.0    0.0
0.661  2.811  0.098699  3.118  0.002847  0.001579    0.0    0.0
0.650  2.779  0.093603  3.118  0.002683  0.001498    0.0    0.0
0.640  2.747  0.092433  3.118  0.002664  0.001479    0.0    0.0
0.630  2.715  0.091751  3.118  0.002654  0.001468    0.0    0.0
0.620  2.683  0.091858  3.118  0.002890  0.001470    0.0    0.0
0.610  2.651  0.091180  3.118  0.002772  0.001459    0.0    0.0
0.600  2.619  0.101901  3.118  0.003063  0.001630    0.0    0.0
0.590  2.587  0.112130  3.118  0.003365  0.001794    0.0    0.0
0.581  2.556  0.122566  3.118  0.003562  0.001961    0.0    0.0
0.571  2.524  0.137107  3.118  0.003869  0.002194    0.0    0.0
0.562  2.492  0.146988  3.118  0.003986  0.002352    0.0    0.0
0.552  2.460  0.151975  3.118  0.004163  0.002432    0.0    0.0
0.543  2.428  0.159831  3.118  0.004174  0.002557    0.0    0.0
0.534  2.396  0.156988  3.118  0.004136  0.002512    0.0    0.0
0.520  2.348  0.148847  3.118  0.004052  0.002382    0.0    0.0
0.920  3.990  0.001367  3.118  0.000334  0.000022    0.0    0.0
0.909  3.954  0.002454  3.118  0.000583  0.000039    0.0    0.0
0.898  3.917  0.004886  3.118  0.000882  0.000078    0.0    0.0
0.887  3.881  0.012163  3.118  0.000913  0.000195    0.0    0.0
0.876  3.845  0.020219  3.118  0.000915  0.000324    0.0    0.0
0.865  3.809  0.020399  3.118  0.000870  0.000326    0.0    0.0
0.922  4.054  0.000307  4.412  0.000421  0.000005    0.0    0.0
0.911  4.029  0.002696  4.412  0.000977  0.000043    0.0    0.0
0.900  4.003  0.005709  4.412  0.000934  0.000091    0.0    0.0
0.889  3.978  0.013758  4.412  0.001342  0.000220    0.0    0.0
0.879  3.952  0.020353  4.412  0.001589  0.000326    0.0    0.0
0.868  3.927  0.022252  4.412  0.001830  0.000356    0.0    0.0
0.858  3.901  0.022820  4.412  0.001789  0.000365    0.0    0.0
0.848  3.875  0.022921  4.412  0.001231  0.000367    0.0    0.0
0.838  3.850  0.023189  4.412  0.001081  0.000371    0.0    0.0
0.828  3.824  0.023833  4.412  0.001091  0.000381    0.0    0.0
0.818  3.799  0.024802  4.412  0.001178  0.000397    0.0    0.0
0.808  3.773  0.026097  4.412  0.001034  0.000418    0.0    0.0
0.799  3.748  0.028237  4.412  0.001044  0.000452    0.0    0.0
0.789  3.722  0.031309  4.412  0.001132  0.000501    0.0    0.0
0.780  3.697  0.035334  4.412  0.001144  0.000565    0.0    0.0
0.770  3.671  0.040057  4.412  0.001234  0.000641    0.0    0.0
0.761  3.646  0.044092  4.412  0.001336  0.000705    0.0    0.0
0.752  3.620  0.046062  4.412  0.001397  0.000737    0.0    0.0
0.743  3.594  0.057920  4.412  0.001636  0.000927    0.0    0.0
0.734  3.569  0.066989  4.412  0.001962  0.001072    0.0    0.0
0.725  3.543  0.077748  4.412  0.002042  0.001244    0.0    0.0
0.716  3.518  0.076374  4.412  0.001882  0.001222    0.0    0.0
0.707  3.492  0.074635  4.412  0.001823  0.001194    0.0    0.0
0.699  3.467  0.070171  4.412  0.001652  0.001123    0.0    0.0
0.690  3.441  0.067637  4.412  0.001654  0.001082    0.0    0.0
0.682  3.416  0.068976  4.412  0.001672  0.001104    0.0    0.0
0.673  3.390  0.069340  4.412  0.001702  0.001109    0.0    0.0
0.665  3.365  0.075694  4.412  0.001806  0.001211    0.0    0.0
0.657  3.339  0.077832  4.412  0.002087  0.001245    0.0    0.0
0.649  3.313  0.089368  4.412  0.002289  0.001430    0.0    0.0
0.641  3.288  0.096943  4.412  0.002456  0.001551    0.0    0.0
0.633  3.262  0.111094  4.412  0.002635  0.001778    0.0    0.0
0.625  3.237  0.117539  4.412  0.002666  0.001881    0.0    0.0
0.617  3.211  0.124046  4.412  0.002642  0.001985    0.0    0.0
0.609  3.186  0.123737  4.412  0.002581  0.001980    0.0    0.0
0.601  3.160  0.122403  4.412  0.002491  0.001958    0.0    0.0
0.590  3.122  0.123351  4.412  0.002413  0.001974    0.0    0.0
0.575  3.071  0.125271  4.412  0.002505  0.002004    0.0    0.0
0.560  3.020  0.129074  4.412  0.003071  0.002065    0.0    0.0
0.546  2.969  0.135479  4.412  0.003694  0.002168    0.0    0.0
0.532  2.917  0.143376  4.412  0.004843  0.002294    0.0    0.0
0.518  2.866  0.148950  4.412  0.004892  0.002383    0.0    0.0
0.504  2.815  0.157614  4.412  0.005085  0.002522    0.0    0.0
0.491  2.764  0.163438  4.412  0.005198  0.002615    0.0    0.0
0.477  2.713  0.171654  4.412  0.005307  0.002746    0.0    0.0
0.930  4.594  0.000532  4.412  0.000302  0.000009    0.0    0.0
0.920  4.565  0.001863  4.412  0.000462  0.000030    0.0    0.0
0.911  4.536  0.003859  4.412  0.000654  0.000062    0.0    0.0
0.901  4.507  0.009844  4.412  0.000823  0.000158    0.0    0.0
0.892  4.478  0.013164  4.412  0.000909  0.000211    0.0    0.0
0.882  4.449  0.016767  4.412  0.000968  0.000268    0.0    0.0
0.873  4.420  0.017290  4.412  0.000927  0.000277    0.0    0.0
0.863  4.391  0.015821  4.412  0.000654  0.000253    0.0    0.0
0.854  4.362  0.017538  4.412  0.000658  0.000281    0.0    0.0
0.845  4.333  0.017677  4.412  0.000668  0.000283    0.0    0.0
0.836  4.304  0.019656  4.412  0.000672  0.000314    0.0    0.0
0.827  4.275  0.020834  4.412  0.000677  0.000333    0.0    0.0
0.818  4.246  0.022010  4.412  0.000684  0.000352    0.0    0.0
0.809  4.217  0.023844  4.412  0.000693  0.000382    0.0    0.0
0.800  4.188  0.026364  4.412  0.000832  0.000422    0.0    0.0
0.792  4.159  0.029771  4.412  0.000845  0.000476    0.0    0.0
0.783  4.131  0.033061  4.412  0.000868  0.000529    0.0    0.0
0.774  4.102  0.039232  4.412  0.001028  0.000628    0.0    0.0
0.766  4.073  0.043312  4.412  0.001135  0.000693    0.0    0.0
0.757  4.044  0.054336  4.412  0.001338  0.000869    0.0    0.0
0.749  4.015  0.058863  4.412  0.001334  0.000942    0.0    0.0
0.741  3.986  0.059033  4.412  0.001241  0.000945    0.0    0.0
0.733  3.957  0.057754  4.412  0.001120  0.000924    0.0    0.0
0.724  3.928  0.055238  4.412  0.001109  0.000884    0.0    0.0
0.716  3.899  0.053700  4.412  0.001109  0.000859    0.0    0.0
0.708  3.870  0.054386  4.412  0.001124  0.000870    0.0    0.0
0.700  3.841  0.056892  4.412  0.001277  0.000910    0.0    0.0
0.692  3.812  0.060493  4.412  0.001303  0.000968    0.0    0.0
0.684  3.783  0.063233  4.412  0.001595  0.001012    0.0    0.0
0.677  3.754  0.070096  4.412  0.001762  0.001122    0.0    0.0
0.669  3.725  0.079659  4.412  0.001941  0.001275    0.0    0.0
0.661  3.696  0.090596  4.412  0.001969  0.001450    0.0    0.0
0.653  3.667  0.097975  4.412  0.002114  0.001568    0.0    0.0
0.646  3.638  0.102998  4.412  0.001965  0.001648    0.0    0.0
0.638  3.609  0.105316  4.412  0.002040  0.001685    0.0    0.0
0.631  3.581  0.103420  4.412  0.001898  0.001655    0.0    0.0
0.620  3.537  0.103403  4.412  0.001899  0.001654    0.0    0.0
0.605  3.479  0.104709  4.412  0.001904  0.001675    0.0    0.0
0.591  3.421  0.109737  4.412  0.002424  0.001756    0.0    0.0
0.577  3.363  0.115914  4.412  0.003051  0.001855    0.0    0.0
0.563  3.306  0.123182  4.412  0.004554  0.001971    0.0    0.0
0.549  3.248  0.133440  4.412  0.004631  0.002135    0.0    0.0
0.535  3.190  0.135908  4.412  0.004722  0.002175    0.0    0.0
0.522  3.132  0.146146  4.412  0.004789  0.002338    0.0    0.0
0.509  3.074  0.148579  4.412  0.005469  0.002377    0.0    0.0
0.936  5.039  0.000412  4.412  0.000233  0.000007    0.0    0.0
0.927  5.007  0.001851  4.412  0.000448  0.000030    0.0    0.0
0.918  4.975  0.002465  4.412  0.000501  0.000039    0.0    0.0
0.909  4.943  0.008416  4.412  0.000554  0.000135    0.0    0.0
0.900  4.912  0.010462  4.412  0.000693  0.000167    0.0    0.0
0.891  4.880  0.013101  4.412  0.000639  0.000210    0.0    0.0
0.883  4.848  0.014311  4.412  0.000605  0.000229    0.0    0.0
0.874  4.816  0.013682  4.412  0.000605  0.000219    0.0    0.0
0.865  4.785  0.014079  4.412  0.000609  0.000225    0.0    0.0
0.857  4.753  0.014654  4.412  0.000612  0.000234    0.0    0.0
0.848  4.721  0.015042  4.412  0.000616  0.000241    0.0    0.0
0.840  4.689  0.017860  4.412  0.000817  0.000286    0.0    0.0
0.831  4.658  0.018837  4.412  0.000818  0.000301    0.0    0.0
0.823  4.626  0.021435  4.412  0.000820  0.000343    0.0    0.0
0.815  4.594  0.022206  4.412  0.000827  0.000355    0.0    0.0
0.806  4.562  0.024792  4.412  0.000836  0.000397    0.0    0.0
0.798  4.531  0.026743  4.412  0.001043  0.000428    0.0    0.0
0.790  4.499  0.032714  4.412  0.001066  0.000523    0.0    0.0
0.782  4.467  0.036658  4.412  0.001130  0.000587    0.0    0.0
0.774  4.435  0.041737  4.412  0.001373  0.000668    0.0    0.0
0.766  4.404  0.050845  4.412  0.001477  0.000814    0.0    0.0
0.758  4.372  0.051536  4.412  0.001338  0.000825    0.0    0.0
0.750  4.340  0.050235  4.412  0.001349  0.000804    0.0    0.0
0.742  4.308  0.046705  4.412  0.001137  0.000747    0.0    0.0
0.735  4.277  0.046217  4.412  0.001338  0.000739    0.0    0.0
0.727  4.245  0.048673  4.412  0.001341  0.000779    0.0    0.0
0.719  4.213  0.051114  4.412  0.001350  0.000818    0.0    0.0
0.712  4.181  0.053074  4.412  0.001360  0.000849    0.0    0.0
0.704  4.150  0.052969  4.412  0.001776  0.000848    0.0    0.0
0.696  4.118  0.059075  4.412  0.001990  0.000945    0.0    0.0
0.689  4.086  0.063110  4.412  0.002022  0.001010    0.0    0.0
0.682  4.054  0.072995  4.412  0.002223  0.001168    0.0    0.0
0.674  4.023  0.083460  4.412  0.002343  0.001335    0.0    0.0
0.667  3.991  0.087444  4.412  0.002246  0.001399    0.0    0.0
0.659  3.959  0.089586  4.412  0.002404  0.001433    0.0    0.0
0.652  3.927  0.088346  4.412  0.002194  0.001414    0.0    0.0
0.641  3.880  0.086908  4.412  0.002554  0.001391    0.0    0.0
0.627  3.816  0.088655  4.412  0.002557  0.001418    0.0    0.0
0.613  3.753  0.092717  4.412  0.002576  0.001483    0.0    0.0
0.599  3.689  0.097638  4.412  0.002759  0.001562    0.0    0.0
0.585  3.626  0.106701  4.412  0.002802  0.001707    0.0    0.0
0.572  3.562  0.113255  4.412  0.002987  0.001812    0.0    0.0
0.558  3.499  0.119589  4.412  0.003165  0.001913    0.0    0.0
0.545  3.435  0.130105  4.412  0.003214  0.002082    0.0    0.0
0.532  3.372  0.134101  4.412  0.003369  0.002146    0.0    0.0
0.913  3.635  0.000554  4.110  0.000244  0.000009    0.0    0.0
0.901  3.610  0.002406  4.110  0.000439  0.000038    0.0    0.0
0.890  3.586  0.006807  4.110  0.000730  0.000109    0.0    0.0
0.878  3.561  0.017603  4.110  0.000902  0.000282    0.0    0.0
0.867  3.536  0.025599  4.110  0.000930  0.000410    0.0    0.0
0.855  3.512  0.028266  4.110  0.000831  0.000452    0.0    0.0
0.844  3.487  0.028018  4.110  0.000703  0.000448    0.0    0.0
0.833  3.462  0.028050  4.110  0.000589  0.000449    0.0    0.0
0.822  3.438  0.028064  4.110  0.000535  0.000449    0.0    0.0
0.811  3.413  0.028656  4.110  0.000556  0.000458    0.0    0.0
0.800  3.388  0.030660  4.110  0.000635  0.000491    0.0    0.0
0.790  3.364  0.033152  4.110  0.000709  0.000530    0.0    0.0
0.779  3.339  0.035167  4.110  0.000726  0.000563    0.0    0.0
0.769  3.314  0.037453  4.110  0.000746  0.000599    0.0    0.0
0.759  3.290  0.041135  4.110  0.000829  0.000658    0.0    0.0
0.749  3.265  0.045952  4.110  0.000909  0.000735    0.0    0.0
0.739  3.240  0.046899  4.110  0.000965  0.000750    0.0    0.0
0.729  3.216  0.056756  4.110  0.001088  0.000908    0.0    0.0
0.719  3.191  0.063672  4.110  0.001313  0.001019    0.0    0.0
0.710  3.166  0.080779  4.110  0.001561  0.001292    0.0    0.0
0.700  3.142  0.093300  4.110  0.001479  0.001493    0.0    0.0
0.691  3.117  0.093139  4.110  0.001072  0.001490    0.0    0.0
0.682  3.092  0.090785  4.110  0.001045  0.001453    0.0    0.0
0.672  3.068  0.084334  4.110  0.001185  0.001349    0.0    0.0
0.663  3.043  0.080814  4.110  0.001120  0.001293    0.0    0.0
0.654  3.018  0.079676  4.110  0.001086  0.001275    0.0    0.0
0.645  2.994  0.084272  4.110  0.001660  0.001348    0.0    0.0
0.637  2.969  0.086402  4.110  0.001764  0.001382    0.0    0.0
0.628  2.944  0.090988  4.110  0.001823  0.001456    0.0    0.0
0.619  2.920  0.100165  4.110  0.001962  0.001603    0.0    0.0
0.611  2.895  0.111378  4.110  0.002200  0.001782    0.0    0.0
0.602  2.870  0.128234  4.110  0.002345  0.002052    0.0    0.0
0.594  2.846  0.142034  4.110  0.002324  0.002273    0.0    0.0
0.586  2.821  0.149965  4.110  0.002216  0.002399    0.0    0.0
0.578  2.796  0.147020  4.110  0.002146  0.002352    0.0    0.0
0.570  2.772  0.145905  4.110  0.002069  0.002334    0.0    0.0
0.558  2.735  0.143270  4.110  0.002159  0.002292    0.0    0.0
0.542  2.685  0.144191  4.110  0.002311  0.002307    0.0    0.0
0.527  2.636  0.151013  4.110  0.002906  0.002416    0.0    0.0
0.512  2.587  0.161412  4.110  0.003011  0.002583    0.0    0.0
0.497  2.537  0.168849  4.110  0.003115  0.002702    0.0    0.0
0.482  2.488  0.176337  4.110  0.003145  0.002821    0.0    0.0
0.468  2.439  0.184056  4.110  0.003294  0.002945    0.0    0.0
0.454  2.389  0.194556  4.110  0.003098  0.003113    0.0    0.0
0.441  2.340  0.201284  4.110  0.002980  0.003221    0.0    0.0
0.622  0.568  0.025760  2.238  0.003375  0.000412    0.0    0.0
0.587  0.561  0.050269  2.238  0.003019  0.000804    0.0    0.0
0.555  0.553  0.116098  2.238  0.005516  0.001858    0.0    0.0
0.525  0.546  0.217536  2.238  0.005265  0.003481    0.0    0.0
0.497  0.539  0.286136  2.238  0.005099  0.004578    0.0    0.0
0.472  0.531  0.355502  2.238  0.004105  0.005688    0.0    0.0
0.448  0.524  0.346336  2.238  0.003744  0.005541    0.0    0.0
0.427  0.517  0.296329  2.238  0.003475  0.004741    0.0    0.0
0.406  0.509  0.242900  2.238  0.002857  0.003886    0.0    0.0
0.387  0.502  0.211280  2.238  0.002676  0.003380    0.0    0.0
0.369  0.494  0.184962  2.238  0.002595  0.002959    0.0    0.0
0.353  0.487  0.173803  2.238  0.002514  0.002781    0.0    0.0
0.337  0.480  0.169389  2.238  0.002494  0.002710    0.0    0.0
0.322  0.472  0.170266  2.238  0.002568  0.002724    0.0    0.0
0.308  0.465  0.176394  2.238  0.002644  0.002822    0.0    0.0
0.295  0.458  0.185688  2.238  0.002716  0.002971    0.0    0.0
0.282  0.450  0.202912  2.238  0.002956  0.003247    0.0    0.0
0.270  0.443  0.210757  2.238  0.003149  0.003372    0.0    0.0
0.259  0.436  0.237321  2.238  0.003443  0.003797    0.0    0.0
0.249  0.428  0.278576  2.238  0.003855  0.004457    0.0    0.0
0.238  0.421  0.327277  2.238  0.004004  0.005236    0.0    0.0
0.229  0.413  0.338033  2.238  0.003844  0.005409    0.0    0.0
0.219  0.406  0.309387  2.238  0.003566  0.004950    0.0    0.0
0.211  0.399  0.280779  2.238  0.003285  0.004492    0.0    0.0
0.202  0.391  0.269278  2.238  0.003192  0.004308    0.0    0.0
0.194  0.384  0.257385  2.238  0.005038  0.004118    0.0    0.0
0.186  0.377  0.255929  2.238  0.005031  0.004095    0.0    0.0
0.179  0.369  0.253719  2.238  0.005069  0.004059    0.0    0.0
0.172  0.362  0.256510  2.238  0.005161  0.004104    0.0    0.0
0.165  0.354  0.262009  2.238  0.005350  0.004192    0.0    0.0
0.158  0.347  0.283860  2.238  0.004720  0.004542    0.0    0.0
0.152  0.340  0.295381  2.238  0.004637  0.004726    0.0    0.0
0.146  0.332  0.300681  2.238  0.004657  0.004811    0.0    0.0
0.140  0.325  0.294094  2.238  0.004510  0.004706    0.0    0.0
0.134  0.318  0.281056  2.238  0.004292  0.004497    0.0    0.0
0.129  0.310  0.260072  2.238  0.003985  0.004161    0.0    0.0
0.121  0.299  0.237600  2.238  0.003561  0.003802    0.0    0.0
0.111  0.284  0.214546  2.238  0.003248  0.003433    0.0    0.0
0.102  0.270  0.203263  2.238  0.003196  0.003252    0.0    0.0
0.094  0.255  0.195896  2.238  0.003298  0.003134    0.0    0.0
0.085  0.240  0.189616  2.238  0.003126  0.003034    0.0    0.0
0.078  0.225  0.187443  2.238  0.003017  0.002999    0.0    0.0
0.071  0.211  0.179166  2.238  0.002865  0.002867    0.0    0.0
0.064  0.196  0.167504  2.238  0.002669  0.002680    0.0    0.0
0.058  0.181  0.157364  2.238  0.002720  0.002518    0.0    0.0
0.748  1.022  0.016691  2.238  0.002179  0.000267    0.0    0.0
0.719  1.009  0.040532  2.238  0.001988  0.000649    0.0    0.0
0.691  0.996  0.068620  2.238  0.003329  0.001098    0.0    0.0
0.665  0.982  0.134847  2.238  0.003296  0.002158    0.0    0.0
0.640  0.969  0.188015  2.238  0.003023  0.003008    0.0    0.0
0.616  0.956  0.238985  2.238  0.001808  0.003824    0.0    0.0
0.594  0.943  0.220040  2.238  0.001459  0.003521    0.0    0.0
0.572  0.929  0.205916  2.238  0.001321  0.003295    0.0    0.0
0.552  0.916  0.175523  2.238  0.001072  0.002808    0.0    0.0
0.532  0.903  0.158558  2.238  0.001006  0.002537    0.0    0.0
0.513  0.890  0.148765  2.238  0.000987  0.002380    0.0    0.0
0.495  0.876  0.145260  2.238  0.000980  0.002324    0.0    0.0
0.477  0.863  0.147317  2.238  0.001012  0.002357    0.0    0.0
0.461  0.850  0.151472  2.238  0.001061  0.002424    0.0    0.0
0.445  0.837  0.154357  2.238  0.001156  0.002470    0.0    0.0
0.429  0.823  0.158550  2.238  0.001259  0.002537    0.0    0.0
0.414  0.810  0.169089  2.238  0.002890  0.002705    0.0    0.0
0.400  0.797  0.183767  2.238  0.003147  0.002940    0.0    0.0
0.386  0.784  0.209307  2.238  0.003597  0.003349    0.0    0.0
0.373  0.770  0.251099  2.238  0.004276  0.004018    0.0    0.0
0.360  0.757  0.300526  2.238  0.005008  0.004808    0.0    0.0
0.348  0.744  0.305118  2.238  0.004701  0.004882    0.0    0.0
0.336  0.730  0.287620  2.238  0.004425  0.004602    0.0    0.0
0.324  0.717  0.268067  2.238  0.004120  0.004289    0.0    0.0
0.313  0.704  0.250781  2.238  0.004019  0.004012    0.0    0.0
0.302  0.691  0.241131  2.238  0.004254  0.003858    0.0    0.0
0.292  0.677  0.238399  2.238  0.004240  0.003814    0.0    0.0
0.282  0.664  0.245313  2.238  0.004369  0.003925    0.0    0.0
0.272  0.651  0.244286  2.238  0.004429  0.003909    0.0    0.0
0.262  0.638  0.268859  2.238  0.004813  0.004302    0.0    0.0
0.253  0.624  0.286786  2.238  0.005130  0.004589    0.0    0.0
0.244  0.611  0.309672  2.238  0.005467  0.004955    0.0    0.0
0.235  0.598  0.330532  2.238  0.005641  0.005289    0.0    0.0
0.227  0.585  0.318305  2.238  0.005440  0.005093    0.0    0.0
0.218  0.571  0.306927  2.238  0.005221  0.004911    0.0    0.0
0.210  0.558  0.296956  2.238  0.005028  0.004751    0.0    0.0
0.199  0.538  0.270268  2.238  0.004842  0.004324    0.0    0.0
0.184  0.512  0.252447  2.238  0.004582  0.004039    0.0    0.0
0.170  0.485  0.247093  2.238  0.004373  0.003953    0.0    0.0
0.157  0.459  0.246098  2.238  0.004233  0.003938    0.0    0.0
0.144  0.432  0.242676  2.238  0.004083  0.003883    0.0    0.0
0.132  0.406  0.240119  2.238  0.003958  0.003842    0.0    0.0
0.120  0.379  0.230071  2.238  0.003736  0.003681    0.0    0.0
0.109  0.353  0.218876  2.238  0.003510  0.003502    0.0    0.0
0.099  0.326  0.203888  2.238  0.003269  0.003262    0.0    0.0
0.813  1.503  0.009984  2.238  0.001362  0.000160    0.0    0.0
0.790  1.484  0.023634  2.238  0.001368  0.000378    0.0    0.0
0.767  1.464  0.044451  2.238  0.002327  0.000711    0.0    0.0
0.745  1.445  0.090892  2.238  0.002274  0.001454    0.0    0.0
0.724  1.425  0.117125  2.238  0.002808  0.001874    0.0    0.0
0.703  1.406  0.144275  2.238  0.002732  0.002308    0.0    0.0
0.683  1.386  0.146197  2.238  0.002613  0.002339    0.0    0.0
0.663  1.367  0.133983  2.238  0.002399  0.002144    0.0    0.0
0.644  1.347  0.122354  2.238  0.002124  0.001958    0.0    0.0
0.626  1.328  0.112145  2.238  0.002088  0.001794    0.0    0.0
0.608  1.308  0.112021  2.238  0.002092  0.001792    0.0    0.0
0.590  1.289  0.112058  2.238  0.002223  0.001793    0.0    0.0
0.573  1.269  0.112507  2.238  0.002251  0.001800    0.0    0.0
0.557  1.250  0.119062  2.238  0.002355  0.001905    0.0    0.0
0.541  1.230  0.119103  2.238  0.002405  0.001906    0.0    0.0
0.525  1.211  0.125658  2.238  0.002552  0.002011    0.0    0.0
0.510  1.191  0.136867  2.238  0.002731  0.002190    0.0    0.0
0.495  1.172  0.147202  2.238  0.003095  0.002355    0.0    0.0
0.481  1.152  0.173381  2.238  0.003778  0.002774    0.0    0.0
0.467  1.133  0.208552  2.238  0.004358  0.003337    0.0    0.0
0.453  1.113  0.245395  2.238  0.004995  0.003926    0.0    0.0
0.440  1.094  0.267125  2.238  0.005016  0.004274    0.0    0.0
0.426  1.074  0.256277  2.238  0.004792  0.004100    0.0    0.0
0.414  1.055  0.235824  2.238  0.004452  0.003773    0.0    0.0
0.401  1.035  0.214503  2.238  0.004226  0.003432    0.0    0.0
0.389  1.016  0.206549  2.238  0.004209  0.003305    0.0    0.0
0.377  0.996  0.214201  2.238  0.004326  0.003427    0.0    0.0
0.366  0.977  0.208048  2.238  0.004301  0.003329    0.0    0.0
0.354  0.957  0.218514  2.238  0.004488  0.003496    0.0    0.0
0.343  0.938  0.235848  2.238  0.004785  0.003774    0.0    0.0
0.332  0.918  0.256397  2.238  0.004994  0.004102    0.0    0.0
0.322  0.899  0.281455  2.238  0.005230  0.004503    0.0    0.0
0.311  0.879  0.304550  2.238  0.005452  0.004873    0.0    0.0
0.301  0.860  0.310970  2.238  0.005487  0.004976    0.0    0.0
0.291  0.840  0.297987  2.238  0.005238  0.004768    0.0    0.0
0.282  0.821  0.290524  2.238  0.005100  0.004648    0.0    0.0
0.267  0.792  0.268089  2.238  0.004665  0.004289    0.0    0.0
0.249  0.753  0.258408  2.238  0.004503  0.004135    0.0    0.0
0.231  0.714  0.255240  2.238  0.004482  0.004084    0.0    0.0
0.215  0.675  0.255343  2.238  0.004484  0.004085    0.0    0.0
0.198  0.636  0.255484  2.238  0.004438  0.004088    0.0    0.0
0.183  0.597  0.258345  2.238  0.004410  0.004134    0.0    0.0
0.857  2.066  0.004289  2.238  0.000819  0.000069    0.0    0.0
0.838  2.039  0.011289  2.238  0.001040  0.000181    0.0    0.0
0.819  2.012  0.025644  2.238  0.001868  0.000410    0.0    0.0
0.801  1.985  0.051960  2.238  0.001920  0.000831    0.0    0.0
0.782  1.959  0.069323  2.238  0.002140  0.001109    0.0    0.0
0.765  1.932  0.081784  2.238  0.002124  0.001309    0.0    0.0
0.747  1.905  0.084005  2.238  0.002074  0.001344    0.0    0.0
0.730  1.878  0.079618  2.238  0.001920  0.001274    0.0    0.0
0.713  1.851  0.075821  2.238  0.001740  0.001213    0.0    0.0
0.697  1.825  0.073446  2.238  0.001837  0.001175    0.0    0.0
0.680  1.798  0.075086  2.238  0.001849  0.001201    0.0    0.0
0.664  1.771  0.074225  2.238  0.002121  0.001188    0.0    0.0
0.649  1.744  0.077870  2.238  0.002142  0.001246    0.0    0.0
0.633  1.717  0.081418  2.238  0.002242  0.001303    0.0    0.0
0.618  1.691  0.088562  2.238  0.002372  0.001417    0.0    0.0
0.603  1.664  0.093237  2.238  0.002520  0.001492    0.0    0.0
0.589  1.637  0.101385  2.238  0.002699  0.001622    0.0    0.0
0.574  1.610  0.111370  2.238  0.002897  0.001782    0.0    0.0
0.560  1.584  0.132492  2.238  0.003268  0.002120    0.0    0.0
0.546  1.557  0.155525  2.238  0.003736  0.002488    0.0    0.0
0.532  1.530  0.184726  2.238  0.004144  0.002956    0.0    0.0
0.519  1.503  0.203419  2.238  0.004252  0.003255    0.0    0.0
0.505  1.476  0.196389  2.238  0.004090  0.003142    0.0    0.0
0.492  1.450  0.179956  2.238  0.003807  0.002879    0.0    0.0
0.479  1.423  0.172371  2.238  0.003865  0.002758    0.0    0.0
0.467  1.396  0.171827  2.238  0.004097  0.002749    0.0    0.0
0.454  1.369  0.171932  2.238  0.004081  0.002751    0.0    0.0
0.442  1.342  0.175115  2.238  0.004170  0.002802    0.0    0.0
0.430  1.316  0.193529  2.238  0.004427  0.003096    0.0    0.0
0.418  1.289  0.197431  2.238  0.004588  0.003159    0.0    0.0
0.406  1.262  0.223016  2.238  0.004852  0.003568    0.0    0.0
0.395  1.235  0.244501  2.238  0.005125  0.003912    0.0    0.0
0.383  1.208  0.269260  2.238  0.005376  0.004308    0.0    0.0
0.372  1.182  0.275380  2.238  0.005393  0.004406    0.0    0.0
0.361  1.155  0.274685  2.238  0.005341  0.004395    0.0    0.0
0.350  1.128  0.266594  2.238  0.005179  0.004266    0.0    0.0
0.881  2.556  0.002189  2.238  0.000558  0.000035    0.0    0.0
0.865  2.523  0.008271  2.238  0.000802  0.000132    0.0    0.0
0.848  2.490  0.016270  2.238  0.001267  0.000260    0.0    0.0
0.832  2.457  0.034257  2.238  0.001402  0.000548    0.0    0.0
0.817  2.424  0.045732  2.238  0.001502  0.000732    0.0    0.0
0.801  2.391  0.052715  2.238  0.001550  0.000843    0.0    0.0
0.785  2.357  0.053704  2.238  0.001537  0.000859    0.0    0.0
0.770  2.324  0.051341  2.238  0.001414  0.000821    0.0    0.0
0.755  2.291  0.049780  2.238  0.001299  0.000796    0.0    0.0
0.740  2.258  0.050439  2.238  0.001399  0.000807    0.0    0.0
0.725  2.225  0.051082  2.238  0.001399  0.000817    0.0    0.0
0.710  2.192  0.054248  2.238  0.001514  0.000868    0.0    0.0
0.696  2.158  0.058924  2.238  0.001537  0.000943    0.0    0.0
0.681  2.125  0.063298  2.238  0.001657  0.001013    0.0    0.0
0.667  2.092  0.067686  2.238  0.001683  0.001083    0.0    0.0
0.653  2.059  0.073505  2.238  0.001814  0.001176    0.0    0.0
0.639  2.026  0.080938  2.238  0.001959  0.001295    0.0    0.0
0.625  1.993  0.090495  2.238  0.002217  0.001448    0.0    0.0
0.612  1.959  0.104886  2.238  0.002520  0.001678    0.0    0.0
0.598  1.926  0.124098  2.238  0.002859  0.001986    0.0    0.0
0.585  1.893  0.148056  2.238  0.003151  0.002369    0.0    0.0
0.571  1.860  0.158258  2.238  0.003221  0.002532    0.0    0.0
0.558  1.827  0.156615  2.238  0.003199  0.002506    0.0    0.0
0.545  1.794  0.148504  2.238  0.003032  0.002376    0.0    0.0
0.533  1.760  0.143493  2.238  0.003043  0.002296    0.0    0.0
0.520  1.727  0.143446  2.238  0.003187  0.002295    0.0    0.0
0.507  1.694  0.147495  2.238  0.003284  0.002360    0.0    0.0
0.495  1.661  0.152199  2.238  0.003303  0.002435    0.0    0.0
0.483  1.628  0.160119  2.238  0.003430  0.002562    0.0    0.0
0.471  1.595  0.172570  2.238  0.003667  0.002761    0.0    0.0
0.458  1.562  0.189769  2.238  0.003945  0.003036    0.0    0.0
0.447  1.528  0.205397  2.238  0.004264  0.003286    0.0    0.0
0.435  1.495  0.223738  2.238  0.004502  0.003580    0.0    0.0
0.423  1.462  0.233203  2.238  0.004517  0.003731    0.0    0.0
0.411  1.429  0.232311  2.238  0.004467  0.003717    0.0    0.0
0.400  1.396  0.213553  2.238  0.004137  0.003417    0.0    0.0
0.526  0.494  0.118303  1.150  0.005069  0.001893    0.0    0.0
0.492  0.479  0.213523  1.150  0.004316  0.003416    0.0    0.0
0.461  0.465  0.303024  1.150  0.005395  0.004848    0.0    0.0
0.431  0.451  0.352179  1.150  0.005931  0.005635    0.0    0.0
0.404  0.436  0.353882  1.150  0.005586  0.005662    0.0    0.0
0.378  0.422  0.279915  1.150  0.004619  0.004479    0.0    0.0
0.354  0.407  0.254027  1.150  0.004000  0.004064    0.0    0.0
0.331  0.393  0.209138  1.150  0.003413  0.003346    0.0    0.0
0.309  0.378  0.173452  1.150  0.002742  0.002775    0.0    0.0
0.289  0.364  0.181413  1.150  0.002791  0.002903    0.0    0.0
0.270  0.350  0.175803  1.150  0.002713  0.002813    0.0    0.0
0.594  0.651  0.104255  1.150  0.003969  0.001668    0.0    0.0
0.561  0.632  0.181609  1.150  0.003222  0.002906    0.0    0.0
0.529  0.613  0.265473  1.150  0.004134  0.004248    0.0    0.0
0.500  0.594  0.307502  1.150  0.004532  0.004920    0.0    0.0
0.471  0.575  0.313175  1.150  0.004575  0.005011    0.0    0.0
0.444  0.556  0.265701  1.150  0.003927  0.004251    0.0    0.0
0.419  0.537  0.238121  1.150  0.003429  0.003810    0.0    0.0
0.395  0.518  0.197675  1.150  0.002893  0.003163    0.0    0.0
0.702  0.813  0.020682  1.884  0.002618  0.000331    0.0    0.0
0.670  0.801  0.042553  1.884  0.002103  0.000681    0.0    0.0
0.639  0.788  0.090622  1.884  0.003807  0.001450    0.0    0.0
0.610  0.775  0.160147  1.884  0.003254  0.002562    0.0    0.0
0.583  0.762  0.227571  1.884  0.004535  0.003641    0.0    0.0
0.558  0.750  0.287727  1.884  0.004654  0.004604    0.0    0.0
0.533  0.737  0.273090  1.884  0.004375  0.004369    0.0    0.0
0.510  0.724  0.249410  1.884  0.004108  0.003991    0.0    0.0
0.489  0.711  0.201143  1.884  0.003503  0.003218    0.0    0.0
0.468  0.699  0.187006  1.884  0.003282  0.002992    0.0    0.0
0.448  0.686  0.167984  1.884  0.003032  0.002688    0.0    0.0
0.429  0.673  0.160934  1.884  0.002948  0.002575    0.0    0.0
0.411  0.660  0.159135  1.884  0.002925  0.002546    0.0    0.0
0.394  0.648  0.164251  1.884  0.003020  0.002628    0.0    0.0
0.378  0.635  0.161422  1.884  0.002782  0.002583    0.0    0.0
0.362  0.622  0.166768  1.884  0.002759  0.002668    0.0    0.0
0.347  0.609  0.185745  1.884  0.003040  0.002972    0.0    0.0
0.333  0.597  0.203503  1.884  0.003345  0.003256    0.0    0.0
0.319  0.584  0.227410  1.884  0.003757  0.003639    0.0    0.0
0.306  0.571  0.261988  1.884  0.004343  0.004192    0.0    0.0
0.293  0.558  0.310963  1.884  0.004972  0.004975    0.0    0.0
0.281  0.546  0.327337  1.884  0.005036  0.005237    0.0    0.0
0.270  0.533  0.299937  1.884  0.004621  0.004799    0.0    0.0
0.258  0.520  0.275970  1.884  0.004255  0.004416    0.0    0.0
0.247  0.508  0.262204  1.884  0.004052  0.004195    0.0    0.0
0.237  0.495  0.252329  1.884  0.003943  0.004037    0.0    0.0
0.227  0.482  0.251096  1.884  0.003941  0.004018    0.0    0.0
0.217  0.469  0.249688  1.884  0.003949  0.003995    0.0    0.0
0.207  0.457  0.255503  1.884  0.004060  0.004088    0.0    0.0
0.198  0.444  0.270053  1.884  0.004331  0.004321    0.0    0.0
0.189  0.431  0.291783  1.884  0.004738  0.004669    0.0    0.0
0.181  0.418  0.305097  1.884  0.004939  0.004882    0.0    0.0
0.173  0.406  0.316203  1.884  0.005066  0.005059    0.0    0.0
0.165  0.393  0.306606  1.884  0.004706  0.004906    0.0    0.0
0.157  0.380  0.291687  1.884  0.004357  0.004667    0.0    0.0
0.149  0.367  0.274137  1.884  0.004097  0.004386    0.0    0.0
0.138  0.348  0.243583  1.884  0.003657  0.003897    0.0    0.0
0.124  0.323  0.221309  1.884  0.003321  0.003541    0.0    0.0
0.111  0.297  0.206960  1.884  0.003276  0.003311    0.0    0.0
0.787  1.272  0.013120  1.884  0.001681  0.000210    0.0    0.0
0.760  1.252  0.034124  1.884  0.001671  0.000546    0.0    0.0
0.735  1.232  0.054443  1.884  0.002671  0.000871    0.0    0.0
0.710  1.213  0.103895  1.884  0.002744  0.001662    0.0    0.0
0.686  1.193  0.146506  1.884  0.003059  0.002344    0.0    0.0
0.664  1.173  0.186496  1.884  0.003145  0.002984    0.0    0.0
0.641  1.153  0.184585  1.884  0.003028  0.002953    0.0    0.0
0.620  1.133  0.166446  1.884  0.002925  0.002663    0.0    0.0
0.599  1.113  0.145337  1.884  0.002822  0.002325    0.0    0.0
0.579  1.093  0.137236  1.884  0.002724  0.002196    0.0    0.0
0.560  1.073  0.132012  1.884  0.002629  0.002112    0.0    0.0
0.541  1.053  0.135480  1.884  0.002721  0.002168    0.0    0.0
0.522  1.033  0.129025  1.884  0.002669  0.002064    0.0    0.0
0.505  1.013  0.133938  1.884  0.002750  0.002143    0.0    0.0
0.487  0.993  0.136389  1.884  0.002873  0.002182    0.0    0.0
0.471  0.973  0.142056  1.884  0.003065  0.002273    0.0    0.0
0.454  0.953  0.147082  1.884  0.003167  0.002353    0.0    0.0
0.439  0.933  0.172006  1.884  0.003545  0.002752    0.0    0.0
0.423  0.914  0.194624  1.884  0.003951  0.003114    0.0    0.0
0.408  0.894  0.230748  1.884  0.004586  0.003692    0.0    0.0
0.394  0.874  0.258435  1.884  0.005138  0.004135    0.0    0.0
0.380  0.854  0.287528  1.884  0.005318  0.004600    0.0    0.0
0.366  0.834  0.271295  1.884  0.005042  0.004341    0.0    0.0
0.353  0.814  0.248548  1.884  0.004694  0.003977    0.0    0.0
0.339  0.794  0.235729  1.884  0.004435  0.003772    0.0    0.0
0.327  0.774  0.225053  1.884  0.004302  0.003601    0.0    0.0
0.314  0.754  0.228920  1.884  0.004365  0.003663    0.0    0.0
0.302  0.734  0.230030  1.884  0.004404  0.003680    0.0    0.0
0.290  0.714  0.234540  1.884  0.004492  0.003753    0.0    0.0
0.279  0.694  0.249975  1.884  0.004537  0.004000    0.0    0.0
0.268  0.674  0.271921  1.884  0.004745  0.004351    0.0    0.0
0.257  0.654  0.299355  1.884  0.005110  0.004790    0.0    0.0
0.246  0.634  0.320053  1.884  0.005333  0.005121    0.0    0.0
0.236  0.615  0.305865  1.884  0.005028  0.004894    0.0    0.0
0.225  0.595  0.303159  1.884  0.004852  0.004851    0.0    0.0
0.215  0.575  0.290212  1.884  0.004640  0.004643    0.0    0.0