e99118,f2,p target
converted from 10049.xlsx
*
 0.0000  0
x     Q2      F2  Ebeam  stat  sys_tot  dummy  dummy
0.009  0.034  0.0560    0.0   0.0   0.0127    0.0    0.0
0.009  0.051  0.0616    0.0   0.0   0.0245    0.0    0.0
0.009  0.086  0.0997    0.0   0.0   0.0553    0.0    0.0
0.015  0.059  0.0696    0.0   0.0   0.0133    0.0    0.0
0.015  0.095  0.0842    0.0   0.0   0.0154    0.0    0.0
0.015  0.098  0.0961    0.0   0.0   0.0483    0.0    0.0
0.015  0.112  0.0876    0.0   0.0   0.0392    0.0    0.0
0.015  0.127  0.1058    0.0   0.0   0.0327    0.0    0.0
0.015  0.144  0.1114    0.0   0.0   0.0271    0.0    0.0
0.015  0.151  0.1216    0.0   0.0   0.0635    0.0    0.0
0.015  0.164  0.1253    0.0   0.0   0.0230    0.0    0.0
0.015  0.172  0.1118    0.0   0.0   0.0519    0.0    0.0
0.025  0.067  0.0883    0.0   0.0   0.0082    0.0    0.0
0.025  0.092  0.0960    0.0   0.0   0.0145    0.0    0.0
0.025  0.104  0.1040    0.0   0.0   0.0104    0.0    0.0
0.025  0.113  0.1069    0.0   0.0   0.0275    0.0    0.0
0.025  0.140  0.1251    0.0   0.0   0.0110    0.0    0.0
0.025  0.186  0.1469    0.0   0.0   0.0208    0.0    0.0
0.025  0.195  0.1312    0.0   0.0   0.0456    0.0    0.0
0.025  0.212  0.1675    0.0   0.0   0.0185    0.0    0.0
0.025  0.222  0.1593    0.0   0.0   0.0383    0.0    0.0
0.025  0.240  0.1780    0.0   0.0   0.0160    0.0    0.0
0.025  0.252  0.1696    0.0   0.0   0.0319    0.0    0.0
0.025  0.253  0.1530    0.0   0.0   0.0609    0.0    0.0
0.025  0.287  0.1669    0.0   0.0   0.0499    0.0    0.0
0.040  0.133  0.1295    0.0   0.0   0.0162    0.0    0.0
0.040  0.273  0.2038    0.0   0.0   0.0150    0.0    0.0
0.040  0.287  0.2027    0.0   0.0   0.0293    0.0    0.0
0.040  0.353  0.2244    0.0   0.0   0.0113    0.0    0.0
0.040  0.370  0.2288    0.0   0.0   0.0215    0.0    0.0
0.040  0.371  0.2186    0.0   0.0   0.0364    0.0    0.0
0.040  0.380  0.2102    0.0   0.0   0.0588    0.0    0.0
0.040  0.421  0.2416    0.0   0.0   0.0188    0.0    0.0
0.060  0.180  0.1641    0.0   0.0   0.0178    0.0    0.0
0.060  0.479  0.2622    0.0   0.0   0.0276    0.0    0.0
0.060  0.491  0.2617    0.0   0.0   0.0428    0.0    0.0
0.060  0.543  0.2751    0.0   0.0   0.0147    0.0    0.0
0.060  0.633  0.2863    0.0   0.0   0.0288    0.0    0.0
0.080  0.456  0.2650    0.0   0.0   0.0089    0.0    0.0
0.080  0.617  0.2935    0.0   0.0   0.0129    0.0    0.0
0.080  0.619  0.2960    0.0   0.0   0.0207    0.0    0.0
0.080  0.799  0.3128    0.0   0.0   0.0144    0.0    0.0
0.080  0.818  0.3227    0.0   0.0   0.0203    0.0    0.0
0.125  0.588  0.2876    0.0   0.0   0.0063    0.0    0.0
0.125  0.797  0.3179    0.0   0.0   0.0091    0.0    0.0
0.125  1.032  0.3319    0.0   0.0   0.0100    0.0    0.0
0.125  1.056  0.3491    0.0   0.0   0.0141    0.0    0.0
0.175  1.029  0.3242    0.0   0.0   0.0061    0.0    0.0
0.175  1.045  0.3235    0.0   0.0   0.0150    0.0    0.0
0.175  1.365  0.3447    0.0   0.0   0.0111    0.0    0.0
0.250  1.332  0.3126    0.0   0.0   0.0075    0.0    0.0
0.250  1.761  0.3183    0.0   0.0   0.0083    0.0    0.0
0.450  2.275  0.2104    0.0   0.0   0.0046    0.0    0.0