e99118,F2,dp target
converted from 10051.xlsx
*
 0.0000  0
x      Q2      F2  Ebeam  stat  sys_tot  dummy  dummy
0.0080  0.0332  0.8798    0.0   0.0   0.0774    0.0    0.0
0.0080  0.0509  0.9170    0.0   0.0   0.1363    0.0    0.0
0.0080  0.0883  0.8448    0.0   0.0   0.1628    0.0    0.0
0.0125  0.0359  0.8367    0.0   0.0   0.0649    0.0    0.0
0.0125  0.1092  1.0129    0.0   0.0   0.1616    0.0    0.0
0.0175  0.0593  0.9413    0.0   0.0   0.0464    0.0    0.0
0.0175  0.0977  0.9766    0.0   0.0   0.0569    0.0    0.0
0.0175  0.1553  0.9768    0.0   0.0   0.0703    0.0    0.0
0.0250  0.0677  0.9452    0.0   0.0   0.0361    0.0    0.0
0.0250  0.1085  0.9621    0.0   0.0   0.0357    0.0    0.0
0.0250  0.2285  0.9529    0.0   0.0   0.0405    0.0    0.0
0.0350  0.1022  0.9484    0.0   0.0   0.0318    0.0    0.0
0.0350  0.1362  0.9689    0.0   0.0   0.0352    0.0    0.0
0.0350  0.1765  0.9656    0.0   0.0   0.0498    0.0    0.0
0.0350  0.3099  0.9375    0.0   0.0   0.0329    0.0    0.0
0.0500  0.1713  0.9593    0.0   0.0   0.0252    0.0    0.0
0.0500  0.3712  0.9273    0.0   0.0   0.0262    0.0    0.0
0.0500  0.4644  0.9651    0.0   0.0   0.0337    0.0    0.0
0.0700  0.2195  0.9140    0.0   0.0   0.0268    0.0    0.0
0.0700  0.2692  0.9426    0.0   0.0   0.0247    0.0    0.0
0.0700  0.4464  0.9253    0.0   0.0   0.0212    0.0    0.0
0.0700  0.5624  0.9474    0.0   0.0   0.0268    0.0    0.0
0.0700  0.6390  0.9670    0.0   0.0   0.0323    0.0    0.0
0.0900  0.2936  0.9361    0.0   0.0   0.0259    0.0    0.0
0.0900  0.4998  0.9310    0.0   0.0   0.0215    0.0    0.0
0.0900  0.6328  0.9256    0.0   0.0   0.0238    0.0    0.0
0.0900  0.7947  0.9436    0.0   0.0   0.0286    0.0    0.0
0.1100  0.5649  0.9147    0.0   0.0   0.0190    0.0    0.0
0.1100  0.8072  0.9162    0.0   0.0   0.0217    0.0    0.0
0.1100  1.0138  0.9324    0.0   0.0   0.0269    0.0    0.0
0.1400  0.4647  0.9099    0.0   0.0   0.0202    0.0    0.0
0.1400  0.6204  0.9045    0.0   0.0   0.0190    0.0    0.0
0.1400  0.8409  0.8967    0.0   0.0   0.0206    0.0    0.0
0.1400  1.0623  0.8850    0.0   0.0   0.0218    0.0    0.0
0.1800  0.5036  0.9136    0.0   0.0   0.0194    0.0    0.0
0.1800  0.7065  0.8901    0.0   0.0   0.0190    0.0    0.0
0.1800  0.9981  0.8802    0.0   0.0   0.0185    0.0    0.0
0.1800  1.3393  0.8853    0.0   0.0   0.0202    0.0    0.0
0.2250  0.7407  0.8765    0.0   0.0   0.0173    0.0    0.0
0.2250  1.0817  0.8583    0.0   0.0   0.0176    0.0    0.0
0.2250  1.3655  0.8700    0.0   0.0   0.0182    0.0    0.0
0.2250  1.6733  0.8775    0.0   0.0   0.0185    0.0    0.0
0.2750  0.7749  0.8367    0.0   0.0   0.0176    0.0    0.0
0.2750  1.2362  0.8303    0.0   0.0   0.0171    0.0    0.0
0.2750  1.7101  0.8653    0.0   0.0   0.0170    0.0    0.0
0.3500  1.3006  0.8340    0.0   0.0   0.0153    0.0    0.0
0.3500  1.7109  0.8279    0.0   0.0   0.0153    0.0    0.0
0.3500  2.1840  0.8243    0.0   0.0   0.0167    0.0    0.0
0.4500  2.3660  0.7881    0.0   0.0   0.0144    0.0    0.0