e99118,sig,dp target
converted from 10054.xlsx
*
 0.0000  0
x      Q2      F2  Ebeam  stat  sys_tot  dummy  dummy
0.0080  0.0332  0.8952    0.0   0.0   0.0758    0.0    0.0
0.0080  0.0509  0.9426    0.0   0.0   0.1339    0.0    0.0
0.0080  0.0883  0.8812    0.0   0.0   0.1587    0.0    0.0
0.0125  0.0359  0.8513    0.0   0.0   0.0633    0.0    0.0
0.0125  0.1092  1.0555    0.0   0.0   0.1558    0.0    0.0
0.0175  0.0593  0.9613    0.0   0.0   0.0418    0.0    0.0
0.0175  0.0977  1.0040    0.0   0.0   0.0499    0.0    0.0
0.0175  0.1553  1.0137    0.0   0.0   0.0598    0.0    0.0
0.0250  0.0677  0.9600    0.0   0.0   0.0330    0.0    0.0
0.0250  0.1085  0.9840    0.0   0.0   0.0282    0.0    0.0
0.0250  0.2285  0.9832    0.0   0.0   0.0272    0.0    0.0
0.0350  0.1022  0.9646    0.0   0.0   0.0274    0.0    0.0
0.0350  0.1362  0.9909    0.0   0.0   0.0276    0.0    0.0
0.0350  0.1765  0.9942    0.0   0.0   0.0408    0.0    0.0
0.0350  0.3099  0.9612    0.0   0.0   0.0232    0.0    0.0
0.0500  0.1713  0.9732    0.0   0.0   0.0210    0.0    0.0
0.0500  0.3712  0.9445    0.0   0.0   0.0200    0.0    0.0
0.0500  0.4644  0.9897    0.0   0.0   0.0232    0.0    0.0
0.0700  0.2195  0.9299    0.0   0.0   0.0216    0.0    0.0
0.0700  0.2692  0.9576    0.0   0.0   0.0199    0.0    0.0
0.0700  0.4464  0.9341    0.0   0.0   0.0193    0.0    0.0
0.0700  0.5624  0.9641    0.0   0.0   0.0210    0.0    0.0
0.0700  0.6390  0.9894    0.0   0.0   0.0234    0.0    0.0
0.0900  0.2936  0.9530    0.0   0.0   0.0197    0.0    0.0
0.0900  0.4998  0.9419    0.0   0.0   0.0187    0.0    0.0
0.0900  0.6328  0.9384    0.0   0.0   0.0200    0.0    0.0
0.0900  0.7947  0.9627    0.0   0.0   0.0214    0.0    0.0
0.1100  0.5649  0.9197    0.0   0.0   0.0183    0.0    0.0
0.1100  0.8072  0.9274    0.0   0.0   0.0187    0.0    0.0
0.1100  1.0138  0.9491    0.0   0.0   0.0211    0.0    0.0
0.1400  0.4647  0.9187    0.0   0.0   0.0182    0.0    0.0
0.1400  0.6204  0.9080    0.0   0.0   0.0187    0.0    0.0
0.1400  0.8409  0.9045    0.0   0.0   0.0191    0.0    0.0
0.1400  1.0623  0.8971    0.0   0.0   0.0181    0.0    0.0
0.1800  0.5036  0.9202    0.0   0.0   0.0183    0.0    0.0
0.1800  0.7065  0.8918    0.0   0.0   0.0189    0.0    0.0
0.1800  0.9981  0.8861    0.0   0.0   0.0176    0.0    0.0
0.1800  1.3393  0.8947    0.0   0.0   0.0179    0.0    0.0
0.2250  0.7407  0.8775    0.0   0.0   0.0173    0.0    0.0
0.2250  1.0817  0.8625    0.0   0.0   0.0171    0.0    0.0
0.2250  1.3655  0.8743    0.0   0.0   0.0177    0.0    0.0
0.2250  1.6733  0.8817    0.0   0.0   0.0180    0.0    0.0
0.2750  0.7749  0.8371    0.0   0.0   0.0176    0.0    0.0
0.2750  1.2362  0.8305    0.0   0.0   0.0171    0.0    0.0
0.2750  1.7101  0.8667    0.0   0.0   0.0169    0.0    0.0
0.3500  1.3006  0.8340    0.0   0.0   0.0153    0.0    0.0
0.3500  1.7109  0.8279    0.0   0.0   0.0153    0.0    0.0
0.3500  2.1840  0.8243    0.0   0.0   0.0167    0.0    0.0
0.4500  2.3660  0.7881    0.0   0.0   0.0144    0.0    0.0