hermes,sig_r,p target
converted from 10007.xlsx
*
 0.0760  0
x      Q2        F2  Ebeam      stat   sys_tot  dummy  dummy
0.0069   0.291  0.140010   27.6  0.002240  0.009975    0.0    0.0
0.0102   0.404  0.173110   27.6  0.002337  0.008546    0.0    0.0
0.0142   0.514  0.193200   27.6  0.001758  0.009527    0.0    0.0
0.0186   0.626  0.215210   27.6  0.002131  0.009305    0.0    0.0
0.0244   0.725  0.255640   27.6  0.002122  0.012663    0.0    0.0
0.0325   0.872  0.280020   27.6  0.002464  0.011482    0.0    0.0
0.0398   0.903  0.297100   27.6  0.003922  0.012881    0.0    0.0
0.0486   0.929  0.324550   27.6  0.006978  0.022728    0.0    0.0
0.0595   1.102  0.325690   27.6  0.007947  0.011469    0.0    0.0
0.0724   1.127  0.361930   27.6  0.008650  0.020502    0.0    0.0
0.0882   1.167  0.346840   27.6  0.007804  0.012620    0.0    0.0
0.1078   1.205  0.370320   27.6  0.011961  0.022276    0.0    0.0
0.1330   1.263  0.366160   27.6  0.009447  0.010417    0.0    0.0
0.1657   1.337  0.380790   27.6  0.008568  0.029370    0.0    0.0
0.2093   1.447  0.339870   27.6  0.005948  0.012261    0.0    0.0
0.2642   1.749  0.351040   27.6  0.003861  0.015448    0.0    0.0
0.3477   2.672  0.269210   27.6  0.003284  0.021319    0.0    0.0
0.4605   4.224  0.178320   27.6  0.001944  0.008008    0.0    0.0
0.6346   8.688  0.063223   27.6  0.001656  0.001112    0.0    0.0
0.0085   0.354  0.161380   27.6  0.002340  0.008494    0.0    0.0
0.0117   0.477  0.192680   27.6  0.001638  0.007591    0.0    0.0
0.0152   0.612  0.204770   27.6  0.001392  0.006568    0.0    0.0
0.0193   0.770  0.218480   27.6  0.001529  0.006655    0.0    0.0
0.0250   0.896  0.237660   27.6  0.001331  0.005301    0.0    0.0
0.0327   1.144  0.260750   27.6  0.001851  0.005346    0.0    0.0
0.0401   1.074  0.296370   27.6  0.003230  0.008874    0.0    0.0
0.0490   1.123  0.311740   27.6  0.003305  0.008835    0.0    0.0
0.0596   1.281  0.330330   27.6  0.006607  0.008272    0.0    0.0
0.0725   1.359  0.340150   27.6  0.005850  0.013719    0.0    0.0
0.0884   1.399  0.364430   27.6  0.006487  0.013234    0.0    0.0
0.1082   1.554  0.368650   27.6  0.004203  0.016129    0.0    0.0
0.1333   1.632  0.369850   27.6  0.006176  0.007234    0.0    0.0
0.1661   1.811  0.370660   27.6  0.003595  0.015353    0.0    0.0
0.2104   2.050  0.350280   27.6  0.004834  0.010103    0.0    0.0
0.2722   2.471  0.327690   27.6  0.003113  0.012933    0.0    0.0
0.3620   3.790  0.267860   27.6  0.002170  0.006166    0.0    0.0
0.4900   6.026  0.155060   27.6  0.000961  0.001809    0.0    0.0
0.6641  12.778  0.047148   27.6  0.001032  0.000517    0.0    0.0
0.0270   1.092  0.240360   27.6  0.001827  0.008224    0.0    0.0
0.0338   1.391  0.255540   27.6  0.002760  0.009705    0.0    0.0
0.0401   1.293  0.283100   27.6  0.002350  0.008903    0.0    0.0
0.0490   1.460  0.302000   27.6  0.002114  0.005317    0.0    0.0
0.0596   1.466  0.322670   27.6  0.003549  0.006319    0.0    0.0
0.0726   1.627  0.340090   27.6  0.003673  0.007279    0.0    0.0
0.0885   1.691  0.342860   27.6  0.003737  0.005190    0.0    0.0
0.1082   2.013  0.359910   27.6  0.003419  0.009833    0.0    0.0
0.1334   2.158  0.352550   27.6  0.003667  0.007793    0.0    0.0
0.1662   2.458  0.358340   27.6  0.004121  0.003758    0.0    0.0
0.2105   2.851  0.352250   27.6  0.002571  0.008537    0.0    0.0
0.2724   3.479  0.314340   27.6  0.002075  0.005564    0.0    0.0
0.3622   5.125  0.247920   27.6  0.001488  0.004599    0.0    0.0
0.4957   8.280  0.146240   27.6  0.000965  0.003279    0.0    0.0
0.0408   1.615  0.269790   27.6  0.001942  0.009104    0.0    0.0
0.0496   1.927  0.279100   27.6  0.001814  0.008706    0.0    0.0
0.0596   1.675  0.314960   27.6  0.003842  0.006449    0.0    0.0
0.0726   1.928  0.332780   27.6  0.004725  0.007340    0.0    0.0
0.0885   2.080  0.339180   27.6  0.003086  0.004437    0.0    0.0
0.1083   2.490  0.351110   27.6  0.003476  0.005445    0.0    0.0
0.1334   2.795  0.362090   27.6  0.002969  0.009740    0.0    0.0
0.1663   3.195  0.351430   27.6  0.003093  0.006786    0.0    0.0
0.2106   3.709  0.338670   27.6  0.002303  0.006151    0.0    0.0
0.2726   4.527  0.310370   27.6  0.002607  0.006670    0.0    0.0
0.3624   6.797  0.239480   27.6  0.001365  0.003917    0.0    0.0
0.5038  11.344  0.131260   27.6  0.001286  0.002157    0.0    0.0
0.0597   1.906  0.304420   27.6  0.002831  0.003709    0.0    0.0
0.0726   2.276  0.319280   27.6  0.002969  0.005342    0.0    0.0
0.0885   2.587  0.329300   27.6  0.002305  0.004656    0.0    0.0
0.1083   3.071  0.337170   27.6  0.001956  0.005177    0.0    0.0
0.1335   3.538  0.342180   27.6  0.002806  0.003269    0.0    0.0
0.1664   4.051  0.342940   27.6  0.001920  0.004599    0.0    0.0
0.2107   4.702  0.328730   27.6  0.001907  0.003413    0.0    0.0
0.2726   5.685  0.299710   27.6  0.001978  0.006101    0.0    0.0
0.3679   9.154  0.229960   27.6  0.001564  0.003281    0.0    0.0