hermes,sig_r,d target
converted from 10008.xlsx
*
 0.0750  0
x      Q2        F2  Ebeam      stat   sys_tot  dummy  dummy
0.0069   0.291  0.107190   27.6  0.001511  0.006711    0.0    0.0
0.0102   0.404  0.132270   27.6  0.001720  0.006091    0.0    0.0
0.0142   0.514  0.148090   27.6  0.001244  0.007014    0.0    0.0
0.0186   0.626  0.166000   27.6  0.001577  0.006983    0.0    0.0
0.0244   0.725  0.200300   27.6  0.001622  0.009780    0.0    0.0
0.0325   0.872  0.222810   27.6  0.001938  0.008979    0.0    0.0
0.0398   0.903  0.242860   27.6  0.003206  0.010197    0.0    0.0
0.0486   0.929  0.272570   27.6  0.006160  0.018953    0.0    0.0
0.0595   1.102  0.274840   27.6  0.007146  0.009643    0.0    0.0
0.0724   1.127  0.313040   27.6  0.008202  0.017610    0.0    0.0
0.0882   1.167  0.306200   27.6  0.007747  0.011459    0.0    0.0
0.1078   1.205  0.333050   27.6  0.012190  0.020293    0.0    0.0
0.1330   1.263  0.334470   27.6  0.010235  0.009490    0.0    0.0
0.1657   1.337  0.352500   27.6  0.009341  0.026939    0.0    0.0
0.2093   1.447  0.318070   27.6  0.007029  0.011340    0.0    0.0
0.2642   1.749  0.329440   27.6  0.004118  0.014040    0.0    0.0
0.3477   2.672  0.250120   27.6  0.003427  0.019706    0.0    0.0
0.4605   4.224  0.163390   27.6  0.001846  0.007254    0.0    0.0
0.6346   8.688  0.055608   27.6  0.001557  0.000953    0.0    0.0
0.0085   0.354  0.123470   27.6  0.001593  0.005723    0.0    0.0
0.0117   0.477  0.147290   27.6  0.001134  0.004762    0.0    0.0
0.0152   0.612  0.156490   27.6  0.000955  0.004155    0.0    0.0
0.0193   0.770  0.166960   27.6  0.001069  0.004489    0.0    0.0
0.0250   0.896  0.182310   27.6  0.000948  0.003532    0.0    0.0
0.0327   1.144  0.200410   27.6  0.001363  0.003753    0.0    0.0
0.0401   1.074  0.235890   27.6  0.002500  0.006869    0.0    0.0
0.0490   1.123  0.254420   27.6  0.002671  0.007036    0.0    0.0
0.0596   1.281  0.272390   27.6  0.005584  0.006615    0.0    0.0
0.0725   1.359  0.286520   27.6  0.005301  0.011515    0.0    0.0
0.0884   1.399  0.314510   27.6  0.006164  0.011376    0.0    0.0
0.1082   1.554  0.322220   27.6  0.003931  0.014081    0.0    0.0
0.1333   1.632  0.329430   27.6  0.006094  0.006375    0.0    0.0
0.1661   1.811  0.334200   27.6  0.003376  0.013806    0.0    0.0
0.2104   2.050  0.319230   27.6  0.004884  0.009134    0.0    0.0
0.2722   2.471  0.300500   27.6  0.003065  0.011818    0.0    0.0
0.3620   3.790  0.242500   27.6  0.002086  0.005536    0.0    0.0
0.4900   6.026  0.138070   27.6  0.000897  0.001556    0.0    0.0
0.6641  12.778  0.039592   27.6  0.000919  0.000430    0.0    0.0
0.0270   1.092  0.183720   27.6  0.001249  0.005860    0.0    0.0
0.0338   1.391  0.195430   27.6  0.001935  0.007011    0.0    0.0
0.0401   1.293  0.219450   27.6  0.001756  0.006704    0.0    0.0
0.0490   1.460  0.236550   27.6  0.001656  0.003965    0.0    0.0
0.0596   1.466  0.260360   27.6  0.002838  0.004889    0.0    0.0
0.0726   1.627  0.278580   27.6  0.003064  0.005870    0.0    0.0
0.0885   1.691  0.287970   27.6  0.003197  0.004287    0.0    0.0
0.1082   2.013  0.303530   27.6  0.002914  0.008277    0.0    0.0
0.1334   2.158  0.303360   27.6  0.003307  0.006662    0.0    0.0
0.1662   2.458  0.312060   27.6  0.003807  0.003210    0.0    0.0
0.2105   2.851  0.310140   27.6  0.002326  0.007502    0.0    0.0
0.2724   3.479  0.278680   27.6  0.001867  0.004913    0.0    0.0
0.3622   5.125  0.217140   27.6  0.001346  0.004023    0.0    0.0
0.4957   8.280  0.125330   27.6  0.000877  0.002809    0.0    0.0
0.0408   1.615  0.206180   27.6  0.001402  0.006569    0.0    0.0
0.0496   1.927  0.213340   27.6  0.001280  0.006362    0.0    0.0
0.0596   1.675  0.248840   27.6  0.003011  0.004987    0.0    0.0
0.0726   1.928  0.265250   27.6  0.003873  0.005780    0.0    0.0
0.0885   2.080  0.275710   27.6  0.002454  0.003495    0.0    0.0
0.1083   2.490  0.286440   27.6  0.002893  0.004419    0.0    0.0
0.1334   2.795  0.299830   27.6  0.002489  0.008051    0.0    0.0
0.1663   3.195  0.294970   27.6  0.002655  0.005672    0.0    0.0
0.2106   3.709  0.287970   27.6  0.001987  0.005215    0.0    0.0
0.2726   4.527  0.266140   27.6  0.002342  0.005716    0.0    0.0
0.3624   6.797  0.201780   27.6  0.001170  0.003299    0.0    0.0
0.5038  11.344  0.107530   27.6  0.001107  0.001765    0.0    0.0
0.0597   1.906  0.236270   27.6  0.002126  0.002644    0.0    0.0
0.0726   2.276  0.248390   27.6  0.002285  0.004072    0.0    0.0
0.0885   2.587  0.258670   27.6  0.001759  0.003611    0.0    0.0
0.1083   3.071  0.266070   27.6  0.001463  0.004056    0.0    0.0
0.1335   3.538  0.272870   27.6  0.002238  0.002578    0.0    0.0
0.1664   4.051  0.277240   27.6  0.001497  0.003700    0.0    0.0
0.2107   4.702  0.269530   27.6  0.001536  0.002785    0.0    0.0
0.2726   5.685  0.248420   27.6  0.001640  0.005053    0.0    0.0
0.3679   9.154  0.185340   27.6  0.001279  0.002638    0.0    0.0