hermes,F2,p target
converted from 10005.xlsx
*
 0.0760  0
x      Q2     F2  Ebeam      stat   sys_tot  dummy  dummy
0.0069   0.291  0.162   27.6  0.002592  0.011542    0.0    0.0
0.0102   0.404  0.200   27.6  0.002700  0.009874    0.0    0.0
0.0142   0.514  0.219   27.6  0.001993  0.010799    0.0    0.0
0.0186   0.626  0.241   27.6  0.002386  0.010420    0.0    0.0
0.0244   0.725  0.277   27.6  0.002299  0.013722    0.0    0.0
0.0325   0.872  0.299   27.6  0.002631  0.012260    0.0    0.0
0.0398   0.903  0.310   27.6  0.004092  0.013440    0.0    0.0
0.0486   0.929  0.334   27.6  0.007181  0.023390    0.0    0.0
0.0595   1.102  0.334   27.6  0.008150  0.011761    0.0    0.0
0.0724   1.127  0.368   27.6  0.008795  0.020846    0.0    0.0
0.0882   1.167  0.351   27.6  0.007898  0.012772    0.0    0.0
0.1078   1.205  0.373   27.6  0.012048  0.022437    0.0    0.0
0.1330   1.263  0.369   27.6  0.009520  0.010498    0.0    0.0
0.1657   1.337  0.383   27.6  0.008618  0.029541    0.0    0.0
0.2093   1.447  0.341   27.6  0.005967  0.012302    0.0    0.0
0.2642   1.749  0.352   27.6  0.003872  0.015490    0.0    0.0
0.3477   2.672  0.269   27.6  0.003282  0.021302    0.0    0.0
0.4605   4.224  0.179   27.6  0.001951  0.008039    0.0    0.0
0.6346   8.688  0.064   27.6  0.001677  0.001126    0.0    0.0
0.0085   0.354  0.191   27.6  0.002769  0.010054    0.0    0.0
0.0117   0.477  0.228   27.6  0.001938  0.008982    0.0    0.0
0.0152   0.612  0.243   27.6  0.001652  0.007795    0.0    0.0
0.0193   0.770  0.261   27.6  0.001827  0.007950    0.0    0.0
0.0250   0.896  0.272   27.6  0.001523  0.006067    0.0    0.0
0.0327   1.144  0.295   27.6  0.002095  0.006048    0.0    0.0
0.0401   1.074  0.315   27.6  0.003433  0.009432    0.0    0.0
0.0490   1.123  0.326   27.6  0.003456  0.009239    0.0    0.0
0.0596   1.281  0.343   27.6  0.006860  0.008589    0.0    0.0
0.0725   1.359  0.349   27.6  0.006003  0.014076    0.0    0.0
0.0884   1.399  0.371   27.6  0.006604  0.013473    0.0    0.0
0.1082   1.554  0.374   27.6  0.004264  0.016363    0.0    0.0
0.1333   1.632  0.372   27.6  0.006212  0.007276    0.0    0.0
0.1661   1.811  0.373   27.6  0.003618  0.015450    0.0    0.0
0.2104   2.050  0.352   27.6  0.004858  0.010153    0.0    0.0
0.2722   2.471  0.329   27.6  0.003125  0.012985    0.0    0.0
0.3620   3.790  0.268   27.6  0.002171  0.006169    0.0    0.0
0.4900   6.026  0.156   27.6  0.000967  0.001820    0.0    0.0
0.6641  12.778  0.047   27.6  0.001029  0.000515    0.0    0.0
0.0270   1.092  0.289   27.6  0.002196  0.009889    0.0    0.0
0.0338   1.391  0.307   27.6  0.003316  0.011660    0.0    0.0
0.0401   1.293  0.313   27.6  0.002598  0.009843    0.0    0.0
0.0490   1.460  0.327   27.6  0.002289  0.005757    0.0    0.0
0.0596   1.466  0.339   27.6  0.003729  0.006639    0.0    0.0
0.0726   1.627  0.353   27.6  0.003812  0.007555    0.0    0.0
0.0885   1.691  0.351   27.6  0.003826  0.005313    0.0    0.0
0.1082   2.013  0.367   27.6  0.003487  0.010027    0.0    0.0
0.1334   2.158  0.359   27.6  0.003734  0.007935    0.0    0.0
0.1662   2.458  0.363   27.6  0.004175  0.003807    0.0    0.0
0.2105   2.851  0.355   27.6  0.002592  0.008604    0.0    0.0
0.2724   3.479  0.316   27.6  0.002086  0.005594    0.0    0.0
0.3622   5.125  0.250   27.6  0.001500  0.004637    0.0    0.0
0.4957   8.280  0.147   27.6  0.000970  0.003296    0.0    0.0
0.0408   1.615  0.317   27.6  0.002282  0.010697    0.0    0.0
0.0496   1.927  0.323   27.6  0.002099  0.010075    0.0    0.0
0.0596   1.675  0.337   27.6  0.004111  0.006900    0.0    0.0
0.0726   1.928  0.352   27.6  0.004998  0.007764    0.0    0.0
0.0885   2.080  0.354   27.6  0.003221  0.004631    0.0    0.0
0.1083   2.490  0.364   27.6  0.003604  0.005645    0.0    0.0
0.1334   2.795  0.372   27.6  0.003050  0.010007    0.0    0.0
0.1663   3.195  0.358   27.6  0.003150  0.006913    0.0    0.0
0.2106   3.709  0.343   27.6  0.002332  0.006230    0.0    0.0
0.2726   4.527  0.315   27.6  0.002646  0.006770    0.0    0.0
0.3624   6.797  0.242   27.6  0.001379  0.003958    0.0    0.0
0.5038  11.344  0.132   27.6  0.001294  0.002169    0.0    0.0
0.0597   1.906  0.333   27.6  0.003097  0.004057    0.0    0.0
0.0726   2.276  0.346   27.6  0.003218  0.005789    0.0    0.0
0.0885   2.587  0.351   27.6  0.002457  0.004962    0.0    0.0
0.1083   3.071  0.355   27.6  0.002059  0.005451    0.0    0.0
0.1335   3.538  0.356   27.6  0.002919  0.003401    0.0    0.0
0.1664   4.051  0.354   27.6  0.001982  0.004747    0.0    0.0
0.2107   4.702  0.336   27.6  0.001949  0.003488    0.0    0.0
0.2726   5.685  0.304   27.6  0.002006  0.006188    0.0    0.0
0.3679   9.154  0.234   27.6  0.001591  0.003338    0.0    0.0