jlcee96,sig_r,d target
converted from 10056.xlsx
*
 0.0000  0
x     Q2        F2  Ebeam      stat  sys_tot  dummy  dummy
0.064  0.208  0.151000  2.445  0.001691      0.0    0.0    0.0
0.065  0.211  0.148000  2.445  0.001702      0.0    0.0    0.0
0.066  0.214  0.150000  2.445  0.001725      0.0    0.0    0.0
0.068  0.217  0.151000  2.445  0.001721      0.0    0.0    0.0
0.069  0.220  0.150000  2.445  0.001725      0.0    0.0    0.0
0.070  0.223  0.158000  2.445  0.001801      0.0    0.0    0.0
0.072  0.226  0.159000  2.445  0.001813      0.0    0.0    0.0
0.073  0.229  0.167000  2.445  0.001937      0.0    0.0    0.0
0.074  0.231  0.161000  2.445  0.001835      0.0    0.0    0.0
0.076  0.234  0.159000  2.445  0.001860      0.0    0.0    0.0
0.077  0.237  0.129000  2.445  0.003006      0.0    0.0    0.0
0.079  0.240  0.169000  2.445  0.001707      0.0    0.0    0.0
0.081  0.246  0.169000  2.445  0.003008      0.0    0.0    0.0
0.083  0.249  0.166000  2.445  0.002971      0.0    0.0    0.0
0.084  0.252  0.169000  2.445  0.003008      0.0    0.0    0.0
0.086  0.255  0.172000  2.445  0.003062      0.0    0.0    0.0
0.088  0.258  0.176000  2.445  0.003115      0.0    0.0    0.0
0.089  0.261  0.172000  2.445  0.003062      0.0    0.0    0.0
0.091  0.264  0.179000  2.445  0.003204      0.0    0.0    0.0
0.092  0.267  0.182000  2.445  0.003240      0.0    0.0    0.0
0.094  0.270  0.175000  2.445  0.003150      0.0    0.0    0.0
0.096  0.273  0.174000  2.445  0.003184      0.0    0.0    0.0
0.097  0.276  0.173000  2.445  0.003218      0.0    0.0    0.0
0.101  0.281  0.128000  2.445  0.003482      0.0    0.0    0.0
0.102  0.284  0.180000  2.445  0.002466      0.0    0.0    0.0
0.104  0.287  0.180000  2.445  0.002484      0.0    0.0    0.0
0.106  0.290  0.183000  2.445  0.002507      0.0    0.0    0.0
0.108  0.293  0.181000  2.445  0.002480      0.0    0.0    0.0
0.110  0.296  0.184000  2.445  0.002502      0.0    0.0    0.0
0.111  0.299  0.190000  2.445  0.002622      0.0    0.0    0.0
0.113  0.302  0.190000  2.445  0.002603      0.0    0.0    0.0
0.115  0.305  0.189000  2.445  0.002570      0.0    0.0    0.0
0.117  0.308  0.200000  2.445  0.002740      0.0    0.0    0.0
0.119  0.311  0.201000  2.445  0.002754      0.0    0.0    0.0
0.121  0.314  0.201000  2.445  0.002754      0.0    0.0    0.0
0.123  0.317  0.200000  2.445  0.002760      0.0    0.0    0.0
0.125  0.320  0.202000  2.445  0.002808      0.0    0.0    0.0
0.127  0.323  0.210000  2.445  0.002919      0.0    0.0    0.0
0.130  0.326  0.217000  2.445  0.002539      0.0    0.0    0.0
0.134  0.332  0.212000  2.445  0.003222      0.0    0.0    0.0
0.136  0.335  0.212000  2.445  0.003265      0.0    0.0    0.0
0.138  0.338  0.211000  2.445  0.003228      0.0    0.0    0.0
0.141  0.341  0.220000  2.445  0.003344      0.0    0.0    0.0
0.143  0.343  0.221000  2.445  0.003337      0.0    0.0    0.0
0.145  0.346  0.223000  2.445  0.003367      0.0    0.0    0.0
0.148  0.349  0.230000  2.445  0.003496      0.0    0.0    0.0
0.150  0.352  0.229000  2.445  0.003458      0.0    0.0    0.0
0.153  0.355  0.227000  2.445  0.003428      0.0    0.0    0.0
0.155  0.358  0.238000  2.445  0.003618      0.0    0.0    0.0
0.158  0.361  0.236000  2.445  0.003611      0.0    0.0    0.0
0.160  0.364  0.238000  2.445  0.003618      0.0    0.0    0.0
0.163  0.367  0.227000  2.445  0.003450      0.0    0.0    0.0
0.166  0.370  0.232000  2.445  0.003550      0.0    0.0    0.0
0.168  0.373  0.233000  2.445  0.003612      0.0    0.0    0.0
0.174  0.379  0.235000  2.445  0.002679      0.0    0.0    0.0
0.177  0.382  0.238000  2.445  0.003237      0.0    0.0    0.0
0.180  0.385  0.230000  2.445  0.003910      0.0    0.0    0.0
0.183  0.388  0.218000  2.445  0.003771      0.0    0.0    0.0
0.186  0.391  0.221000  2.445  0.003779      0.0    0.0    0.0
0.189  0.394  0.216000  2.445  0.003694      0.0    0.0    0.0
0.192  0.397  0.220000  2.445  0.003762      0.0    0.0    0.0
0.195  0.399  0.217000  2.445  0.003667      0.0    0.0    0.0
0.199  0.402  0.214000  2.445  0.003681      0.0    0.0    0.0
0.202  0.405  0.228000  2.445  0.003853      0.0    0.0    0.0
0.205  0.408  0.220000  2.445  0.003740      0.0    0.0    0.0
0.209  0.411  0.225000  2.445  0.003780      0.0    0.0    0.0
0.212  0.414  0.234000  2.445  0.003955      0.0    0.0    0.0
0.216  0.417  0.242000  2.445  0.004283      0.0    0.0    0.0
0.219  0.420  0.240000  2.445  0.002904      0.0    0.0    0.0
0.223  0.423  0.241000  2.445  0.002940      0.0    0.0    0.0
0.227  0.426  0.245000  2.445  0.002964      0.0    0.0    0.0
0.231  0.429  0.244000  2.445  0.003001      0.0    0.0    0.0
0.235  0.432  0.242000  2.445  0.003001      0.0    0.0    0.0
0.239  0.435  0.243000  2.445  0.003013      0.0    0.0    0.0
0.243  0.438  0.242000  2.445  0.002977      0.0    0.0    0.0
0.247  0.441  0.242000  2.445  0.003025      0.0    0.0    0.0
0.256  0.447  0.214000  2.445  0.003873      0.0    0.0    0.0
0.260  0.450  0.221000  2.445  0.003956      0.0    0.0    0.0
0.265  0.453  0.205000  2.445  0.003690      0.0    0.0    0.0
0.270  0.456  0.200000  2.445  0.003580      0.0    0.0    0.0
0.274  0.458  0.194000  2.445  0.003531      0.0    0.0    0.0
0.279  0.461  0.189000  2.445  0.003459      0.0    0.0    0.0
0.284  0.464  0.188000  2.445  0.002576      0.0    0.0    0.0
0.289  0.467  0.176000  2.445  0.002218      0.0    0.0    0.0
0.295  0.470  0.172000  2.445  0.002167      0.0    0.0    0.0
0.300  0.473  0.162000  2.445  0.002074      0.0    0.0    0.0
0.306  0.476  0.164000  2.445  0.002099      0.0    0.0    0.0
0.311  0.479  0.161000  2.445  0.002077      0.0    0.0    0.0
0.317  0.482  0.158000  2.445  0.002038      0.0    0.0    0.0
0.323  0.485  0.160000  2.445  0.002064      0.0    0.0    0.0
0.329  0.488  0.159000  2.445  0.002067      0.0    0.0    0.0
0.342  0.494  0.160000  2.445  0.002736      0.0    0.0    0.0
0.348  0.497  0.163000  2.445  0.002787      0.0    0.0    0.0
0.355  0.500  0.170000  2.445  0.002873      0.0    0.0    0.0
0.362  0.503  0.170000  2.445  0.002856      0.0    0.0    0.0
0.369  0.506  0.173000  2.445  0.002872      0.0    0.0    0.0
0.376  0.508  0.185000  2.445  0.003015      0.0    0.0    0.0
0.384  0.511  0.190000  2.445  0.003097      0.0    0.0    0.0
0.400  0.517  0.209000  2.445  0.002550      0.0    0.0    0.0
0.408  0.520  0.214000  2.445  0.002611      0.0    0.0    0.0
0.416  0.523  0.220000  2.445  0.002684      0.0    0.0    0.0
0.425  0.526  0.231000  2.445  0.002772      0.0    0.0    0.0
0.434  0.529  0.238000  2.445  0.002880      0.0    0.0    0.0
0.443  0.532  0.250000  2.445  0.003000      0.0    0.0    0.0
0.453  0.535  0.256000  2.445  0.003098      0.0    0.0    0.0
0.462  0.538  0.252000  2.445  0.003024      0.0    0.0    0.0
0.473  0.541  0.255000  2.445  0.003111      0.0    0.0    0.0
0.483  0.544  0.256000  2.445  0.003456      0.0    0.0    0.0
0.494  0.547  0.226000  2.445  0.004226      0.0    0.0    0.0
0.505  0.550  0.208000  2.445  0.004035      0.0    0.0    0.0
0.517  0.553  0.203000  2.445  0.010272      0.0    0.0    0.0
0.529  0.556  0.174000  2.445  0.008822      0.0    0.0    0.0
0.541  0.559  0.155000  2.445  0.007890      0.0    0.0    0.0
0.554  0.562  0.135000  2.445  0.006899      0.0    0.0    0.0
0.568  0.565  0.113000  2.445  0.005808      0.0    0.0    0.0
0.582  0.568  0.087300  2.445  0.004531      0.0    0.0    0.0
0.596  0.570  0.065200  2.445  0.003416      0.0    0.0    0.0
0.611  0.573  0.047200  2.445  0.002369      0.0    0.0    0.0
0.627  0.576  0.028900  2.445  0.001462      0.0    0.0    0.0
0.643  0.579  0.016400  2.445  0.000843      0.0    0.0    0.0
0.660  0.582  0.008020  2.445  0.000424      0.0    0.0    0.0
0.110  0.383  0.221000  2.445  0.004442      0.0    0.0    0.0
0.112  0.390  0.219000  2.445  0.004358      0.0    0.0    0.0
0.115  0.396  0.224000  2.445  0.004346      0.0    0.0    0.0
0.117  0.403  0.222000  2.445  0.004285      0.0    0.0    0.0
0.120  0.409  0.225000  2.445  0.004343      0.0    0.0    0.0
0.122  0.416  0.223000  2.445  0.004282      0.0    0.0    0.0
0.125  0.422  0.229000  2.445  0.004397      0.0    0.0    0.0
0.128  0.429  0.219000  2.445  0.004314      0.0    0.0    0.0
0.130  0.436  0.227000  2.445  0.004472      0.0    0.0    0.0
0.133  0.442  0.230000  2.445  0.004531      0.0    0.0    0.0
0.136  0.449  0.232000  2.445  0.004640      0.0    0.0    0.0
0.139  0.455  0.234000  2.445  0.004703      0.0    0.0    0.0
0.141  0.462  0.236000  2.445  0.004791      0.0    0.0    0.0
0.144  0.468  0.241000  2.445  0.004169      0.0    0.0    0.0
0.147  0.475  0.239000  2.445  0.003442      0.0    0.0    0.0
0.150  0.481  0.235000  2.445  0.003384      0.0    0.0    0.0
0.153  0.488  0.228000  2.445  0.003329      0.0    0.0    0.0
0.156  0.494  0.234000  2.445  0.003393      0.0    0.0    0.0
0.159  0.501  0.237000  2.445  0.003436      0.0    0.0    0.0
0.165  0.514  0.229000  2.445  0.004511      0.0    0.0    0.0
0.168  0.521  0.235000  2.445  0.004629      0.0    0.0    0.0
0.171  0.527  0.238000  2.445  0.004689      0.0    0.0    0.0
0.174  0.534  0.234000  2.445  0.004703      0.0    0.0    0.0
0.178  0.540  0.245000  2.445  0.004876      0.0    0.0    0.0
0.181  0.547  0.230000  2.445  0.004761      0.0    0.0    0.0
0.184  0.553  0.233000  2.445  0.004846      0.0    0.0    0.0
0.188  0.560  0.230000  2.445  0.004807      0.0    0.0    0.0
0.191  0.567  0.245000  2.445  0.005096      0.0    0.0    0.0
0.194  0.573  0.250000  2.445  0.005175      0.0    0.0    0.0
0.198  0.580  0.254000  2.445  0.004064      0.0    0.0    0.0
0.201  0.586  0.249000  2.445  0.003610      0.0    0.0    0.0
0.205  0.593  0.248000  2.445  0.003621      0.0    0.0    0.0
0.209  0.599  0.252000  2.445  0.003629      0.0    0.0    0.0
0.212  0.606  0.250000  2.445  0.003600      0.0    0.0    0.0
0.216  0.612  0.245000  2.445  0.003552      0.0    0.0    0.0
0.220  0.619  0.254000  2.445  0.003658      0.0    0.0    0.0
0.228  0.632  0.241000  2.445  0.004627      0.0    0.0    0.0
0.231  0.638  0.254000  2.445  0.004801      0.0    0.0    0.0
0.235  0.645  0.262000  2.445  0.004978      0.0    0.0    0.0
0.239  0.652  0.251000  2.445  0.004869      0.0    0.0    0.0
0.244  0.658  0.258000  2.445  0.004979      0.0    0.0    0.0
0.248  0.665  0.257000  2.445  0.005012      0.0    0.0    0.0
0.252  0.671  0.260000  2.445  0.005096      0.0    0.0    0.0
0.256  0.678  0.255000  2.445  0.003851      0.0    0.0    0.0
0.261  0.684  0.256000  2.445  0.003814      0.0    0.0    0.0
0.265  0.691  0.253000  2.445  0.003770      0.0    0.0    0.0
0.269  0.698  0.255000  2.445  0.003774      0.0    0.0    0.0
0.274  0.704  0.251000  2.445  0.003690      0.0    0.0    0.0
0.278  0.711  0.250000  2.445  0.003700      0.0    0.0    0.0
0.283  0.717  0.237000  2.445  0.003508      0.0    0.0    0.0
0.288  0.724  0.248000  2.445  0.003670      0.0    0.0    0.0
0.293  0.730  0.242000  2.445  0.003582      0.0    0.0    0.0
0.297  0.737  0.227000  2.445  0.003405      0.0    0.0    0.0
0.302  0.743  0.231000  2.445  0.003465      0.0    0.0    0.0
0.307  0.750  0.226000  2.445  0.003435      0.0    0.0    0.0
0.312  0.756  0.220000  2.445  0.003366      0.0    0.0    0.0
0.318  0.763  0.226000  2.445  0.003480      0.0    0.0    0.0
0.323  0.769  0.231000  2.445  0.003973      0.0    0.0    0.0
0.328  0.776  0.230000  2.445  0.004945      0.0    0.0    0.0
0.334  0.783  0.221000  2.445  0.004000      0.0    0.0    0.0
0.339  0.789  0.229000  2.445  0.003641      0.0    0.0    0.0
0.345  0.796  0.230000  2.445  0.003634      0.0    0.0    0.0
0.350  0.802  0.229000  2.445  0.003641      0.0    0.0    0.0
0.356  0.809  0.225000  2.445  0.003578      0.0    0.0    0.0
0.362  0.815  0.226000  2.445  0.003593      0.0    0.0    0.0
0.368  0.822  0.231000  2.445  0.003650      0.0    0.0    0.0
0.374  0.828  0.223000  2.445  0.003546      0.0    0.0    0.0
0.380  0.835  0.217000  2.445  0.003450      0.0    0.0    0.0
0.387  0.842  0.216000  2.445  0.003434      0.0    0.0    0.0
0.393  0.848  0.202000  2.445  0.003293      0.0    0.0    0.0
0.399  0.855  0.200000  2.445  0.003220      0.0    0.0    0.0
0.406  0.861  0.183000  2.445  0.003001      0.0    0.0    0.0
0.413  0.868  0.174000  2.445  0.002923      0.0    0.0    0.0
0.420  0.874  0.171000  2.445  0.002873      0.0    0.0    0.0
0.427  0.881  0.158000  2.445  0.002702      0.0    0.0    0.0
0.434  0.887  0.154000  2.445  0.002695      0.0    0.0    0.0
0.441  0.894  0.157000  2.445  0.003046      0.0    0.0    0.0
0.448  0.900  0.144000  2.445  0.003499      0.0    0.0    0.0
0.456  0.907  0.152000  2.445  0.003861      0.0    0.0    0.0
0.464  0.914  0.141000  2.445  0.002468      0.0    0.0    0.0
0.471  0.920  0.137000  2.445  0.002384      0.0    0.0    0.0
0.479  0.927  0.141000  2.445  0.002411      0.0    0.0    0.0
0.488  0.933  0.133000  2.445  0.002328      0.0    0.0    0.0
0.496  0.940  0.132000  2.445  0.002270      0.0    0.0    0.0
0.504  0.946  0.137000  2.445  0.002343      0.0    0.0    0.0
0.513  0.953  0.139000  2.445  0.002335      0.0    0.0    0.0
0.522  0.959  0.139000  2.445  0.002363      0.0    0.0    0.0
0.531  0.966  0.137000  2.445  0.002329      0.0    0.0    0.0
0.540  0.973  0.139000  2.445  0.002321      0.0    0.0    0.0
0.549  0.979  0.140000  2.445  0.002380      0.0    0.0    0.0
0.559  0.986  0.146000  2.445  0.002467      0.0    0.0    0.0
0.569  0.992  0.149000  2.445  0.002503      0.0    0.0    0.0
0.578  0.999  0.149000  2.445  0.002503      0.0    0.0    0.0
0.589  1.005  0.163000  2.445  0.002722      0.0    0.0    0.0
0.599  1.012  0.159000  2.445  0.002703      0.0    0.0    0.0
0.610  1.018  0.169000  2.445  0.002890      0.0    0.0    0.0
0.621  1.025  0.163000  2.445  0.002804      0.0    0.0    0.0
0.631  1.031  0.172000  2.445  0.002976      0.0    0.0    0.0
0.643  1.038  0.167000  2.445  0.002923      0.0    0.0    0.0
0.667  1.051  0.136000  2.445  0.003250      0.0    0.0    0.0
0.679  1.058  0.114000  2.445  0.005985      0.0    0.0    0.0
0.691  1.064  0.091800  2.445  0.004847      0.0    0.0    0.0
0.705  1.071  0.072200  2.445  0.003834      0.0    0.0    0.0
0.717  1.077  0.053800  2.445  0.002889      0.0    0.0    0.0
0.731  1.084  0.039400  2.445  0.002124      0.0    0.0    0.0
0.745  1.090  0.027500  2.445  0.001504      0.0    0.0    0.0
0.759  1.097  0.017600  2.445  0.000984      0.0    0.0    0.0
0.773  1.103  0.011300  2.445  0.000642      0.0    0.0    0.0
0.789  1.110  0.005990  2.445  0.000352      0.0    0.0    0.0
0.211  0.823  0.253000  3.245  0.003795      0.0    0.0    0.0
0.214  0.830  0.245000  3.245  0.003724      0.0    0.0    0.0
0.216  0.837  0.247000  3.245  0.003779      0.0    0.0    0.0
0.219  0.844  0.247000  3.245  0.003804      0.0    0.0    0.0
0.222  0.851  0.244000  3.245  0.003733      0.0    0.0    0.0
0.225  0.858  0.245000  3.245  0.003798      0.0    0.0    0.0
0.228  0.865  0.242000  3.245  0.003727      0.0    0.0    0.0
0.231  0.872  0.247000  3.245  0.003804      0.0    0.0    0.0
0.234  0.879  0.241000  3.245  0.003735      0.0    0.0    0.0
0.237  0.886  0.251000  3.245  0.003890      0.0    0.0    0.0
0.240  0.893  0.254000  3.245  0.003886      0.0    0.0    0.0
0.244  0.900  0.250000  3.245  0.003875      0.0    0.0    0.0
0.247  0.907  0.246000  3.245  0.003838      0.0    0.0    0.0
0.250  0.914  0.245000  3.245  0.003822      0.0    0.0    0.0
0.253  0.921  0.244000  3.245  0.003831      0.0    0.0    0.0
0.256  0.928  0.243000  3.245  0.003888      0.0    0.0    0.0
0.260  0.936  0.239000  3.245  0.003800      0.0    0.0    0.0
0.263  0.943  0.256000  3.245  0.002918      0.0    0.0    0.0
0.266  0.950  0.243000  3.245  0.002294      0.0    0.0    0.0
0.270  0.957  0.241000  3.245  0.002309      0.0    0.0    0.0
0.277  0.971  0.241000  3.245  0.002868      0.0    0.0    0.0
0.280  0.978  0.239000  3.245  0.002820      0.0    0.0    0.0
0.284  0.985  0.232000  3.245  0.002761      0.0    0.0    0.0
0.287  0.992  0.236000  3.245  0.002808      0.0    0.0    0.0
0.291  0.999  0.232000  3.245  0.002761      0.0    0.0    0.0
0.295  1.006  0.234000  3.245  0.002785      0.0    0.0    0.0
0.298  1.013  0.240000  3.245  0.002856      0.0    0.0    0.0
0.302  1.020  0.239000  3.245  0.002868      0.0    0.0    0.0
0.306  1.027  0.237000  3.245  0.002820      0.0    0.0    0.0
0.310  1.034  0.231000  3.245  0.002772      0.0    0.0    0.0
0.313  1.041  0.237000  3.245  0.002844      0.0    0.0    0.0
0.318  1.049  0.237000  3.245  0.002844      0.0    0.0    0.0
0.322  1.056  0.236000  3.245  0.002856      0.0    0.0    0.0
0.326  1.063  0.226000  3.245  0.002757      0.0    0.0    0.0
0.330  1.070  0.239000  3.245  0.002940      0.0    0.0    0.0
0.334  1.077  0.235000  3.245  0.002890      0.0    0.0    0.0
0.338  1.084  0.242000  3.245  0.003122      0.0    0.0    0.0
0.342  1.091  0.234000  3.245  0.002181      0.0    0.0    0.0
0.346  1.098  0.237000  3.245  0.002218      0.0    0.0    0.0
0.350  1.105  0.237000  3.245  0.002583      0.0    0.0    0.0
0.355  1.112  0.225000  3.245  0.003172      0.0    0.0    0.0
0.359  1.119  0.227000  3.245  0.003246      0.0    0.0    0.0
0.364  1.126  0.219000  3.245  0.003110      0.0    0.0    0.0
0.368  1.133  0.216000  3.245  0.003067      0.0    0.0    0.0
0.373  1.140  0.219000  3.245  0.003154      0.0    0.0    0.0
0.377  1.147  0.210000  3.245  0.003024      0.0    0.0    0.0
0.382  1.154  0.209000  3.245  0.003030      0.0    0.0    0.0
0.387  1.161  0.201000  3.245  0.002894      0.0    0.0    0.0
0.392  1.169  0.204000  3.245  0.002978      0.0    0.0    0.0
0.397  1.176  0.199000  3.245  0.002905      0.0    0.0    0.0
0.402  1.183  0.193000  3.245  0.002837      0.0    0.0    0.0
0.406  1.190  0.190000  3.245  0.002774      0.0    0.0    0.0
0.412  1.197  0.188000  3.245  0.002801      0.0    0.0    0.0
0.417  1.204  0.187000  3.245  0.002786      0.0    0.0    0.0
0.422  1.211  0.183000  3.245  0.002708      0.0    0.0    0.0
0.427  1.218  0.183000  3.245  0.002727      0.0    0.0    0.0
0.432  1.225  0.178000  3.245  0.002670      0.0    0.0    0.0
0.438  1.232  0.183000  3.245  0.002782      0.0    0.0    0.0
0.443  1.239  0.176000  3.245  0.002693      0.0    0.0    0.0
0.449  1.246  0.180000  3.245  0.002934      0.0    0.0    0.0
0.454  1.253  0.179000  3.245  0.001987      0.0    0.0    0.0
0.460  1.260  0.175000  3.245  0.001960      0.0    0.0    0.0
0.466  1.267  0.172000  3.245  0.001961      0.0    0.0    0.0
0.471  1.274  0.177000  3.245  0.002655      0.0    0.0    0.0
0.478  1.282  0.171000  3.245  0.002787      0.0    0.0    0.0
0.484  1.289  0.163000  3.245  0.002690      0.0    0.0    0.0
0.490  1.296  0.161000  3.245  0.002640      0.0    0.0    0.0
0.496  1.303  0.152000  3.245  0.002508      0.0    0.0    0.0
0.502  1.310  0.151000  3.245  0.002522      0.0    0.0    0.0
0.509  1.317  0.142000  3.245  0.002357      0.0    0.0    0.0
0.515  1.324  0.135000  3.245  0.002268      0.0    0.0    0.0
0.522  1.331  0.133000  3.245  0.002248      0.0    0.0    0.0
0.528  1.338  0.127000  3.245  0.002159      0.0    0.0    0.0
0.535  1.345  0.121000  3.245  0.002081      0.0    0.0    0.0
0.542  1.352  0.119000  3.245  0.002059      0.0    0.0    0.0
0.549  1.359  0.114000  3.245  0.001995      0.0    0.0    0.0
0.556  1.366  0.109000  3.245  0.001886      0.0    0.0    0.0
0.563  1.373  0.108000  3.245  0.001901      0.0    0.0    0.0
0.570  1.380  0.106000  3.245  0.001887      0.0    0.0    0.0
0.577  1.387  0.105000  3.245  0.001858      0.0    0.0    0.0
0.585  1.395  0.098800  3.245  0.001759      0.0    0.0    0.0
0.593  1.402  0.102000  3.245  0.001816      0.0    0.0    0.0
0.601  1.409  0.094800  3.245  0.001706      0.0    0.0    0.0
0.609  1.416  0.097900  3.245  0.001801      0.0    0.0    0.0
0.616  1.423  0.093900  3.245  0.001709      0.0    0.0    0.0
0.625  1.430  0.094900  3.245  0.001338      0.0    0.0    0.0
0.633  1.437  0.093700  3.245  0.001096      0.0    0.0    0.0
0.641  1.444  0.091500  3.245  0.001080      0.0    0.0    0.0
0.650  1.451  0.094900  3.245  0.001129      0.0    0.0    0.0
0.658  1.458  0.092000  3.245  0.001104      0.0    0.0    0.0
0.667  1.465  0.099400  3.245  0.001501      0.0    0.0    0.0
0.676  1.472  0.096500  3.245  0.001505      0.0    0.0    0.0
0.685  1.479  0.099400  3.245  0.001561      0.0    0.0    0.0
0.695  1.486  0.100000  3.245  0.001560      0.0    0.0    0.0
0.704  1.493  0.101000  3.245  0.001586      0.0    0.0    0.0
0.714  1.500  0.103000  3.245  0.001658      0.0    0.0    0.0
0.723  1.507  0.096000  3.245  0.001565      0.0    0.0    0.0
0.734  1.515  0.092600  3.245  0.001509      0.0    0.0    0.0
0.744  1.522  0.081900  3.245  0.001368      0.0    0.0    0.0
0.754  1.529  0.067100  3.245  0.003328      0.0    0.0    0.0
0.765  1.536  0.056200  3.245  0.002799      0.0    0.0    0.0
0.776  1.543  0.043400  3.245  0.002170      0.0    0.0    0.0
0.787  1.550  0.032600  3.245  0.001637      0.0    0.0    0.0
0.798  1.557  0.023500  3.245  0.001184      0.0    0.0    0.0
0.809  1.564  0.014800  3.245  0.000752      0.0    0.0    0.0
0.821  1.571  0.009690  3.245  0.000497      0.0    0.0    0.0
0.833  1.578  0.005740  3.245  0.000298      0.0    0.0    0.0
0.845  1.585  0.002970  3.245  0.000157      0.0    0.0    0.0
0.283  1.226  0.235000  4.054  0.004206      0.0    0.0    0.0
0.286  1.233  0.228000  4.054  0.004127      0.0    0.0    0.0
0.289  1.240  0.231000  4.054  0.004204      0.0    0.0    0.0
0.292  1.247  0.228000  4.054  0.004127      0.0    0.0    0.0
0.295  1.254  0.233000  4.054  0.004241      0.0    0.0    0.0
0.297  1.261  0.227000  4.054  0.004086      0.0    0.0    0.0
0.300  1.268  0.222000  4.054  0.004085      0.0    0.0    0.0
0.303  1.275  0.229000  4.054  0.004214      0.0    0.0    0.0
0.306  1.282  0.224000  4.054  0.004122      0.0    0.0    0.0
0.310  1.289  0.231000  4.054  0.004204      0.0    0.0    0.0
0.313  1.296  0.224000  4.054  0.004099      0.0    0.0    0.0
0.316  1.303  0.220000  4.054  0.004048      0.0    0.0    0.0
0.319  1.310  0.226000  4.054  0.004158      0.0    0.0    0.0
0.322  1.317  0.218000  4.054  0.004055      0.0    0.0    0.0
0.325  1.324  0.214000  4.054  0.003938      0.0    0.0    0.0
0.329  1.331  0.216000  4.054  0.003996      0.0    0.0    0.0
0.332  1.338  0.221000  4.054  0.004111      0.0    0.0    0.0
0.335  1.345  0.226000  4.054  0.004204      0.0    0.0    0.0
0.338  1.352  0.215000  4.054  0.003999      0.0    0.0    0.0
0.342  1.359  0.214000  4.054  0.004002      0.0    0.0    0.0
0.345  1.366  0.213000  4.054  0.003983      0.0    0.0    0.0
0.349  1.373  0.215000  4.054  0.004021      0.0    0.0    0.0
0.356  1.387  0.212000  4.054  0.002841      0.0    0.0    0.0
0.359  1.394  0.203000  4.054  0.002761      0.0    0.0    0.0
0.363  1.401  0.202000  4.054  0.002747      0.0    0.0    0.0
0.366  1.408  0.200000  4.054  0.002720      0.0    0.0    0.0
0.370  1.415  0.195000  4.054  0.002691      0.0    0.0    0.0
0.373  1.422  0.197000  4.054  0.002699      0.0    0.0    0.0
0.381  1.436  0.190000  4.054  0.003667      0.0    0.0    0.0
0.385  1.444  0.190000  4.054  0.003686      0.0    0.0    0.0
0.389  1.451  0.197000  4.054  0.003842      0.0    0.0    0.0
0.393  1.458  0.188000  4.054  0.003685      0.0    0.0    0.0
0.396  1.465  0.191000  4.054  0.003705      0.0    0.0    0.0
0.400  1.472  0.192000  4.054  0.003763      0.0    0.0    0.0
0.404  1.479  0.184000  4.054  0.003606      0.0    0.0    0.0
0.408  1.486  0.195000  4.054  0.003803      0.0    0.0    0.0
0.412  1.493  0.185000  4.054  0.003644      0.0    0.0    0.0
0.417  1.500  0.189000  4.054  0.003723      0.0    0.0    0.0
0.421  1.507  0.186000  4.054  0.003646      0.0    0.0    0.0
0.425  1.514  0.187000  4.054  0.003684      0.0    0.0    0.0
0.429  1.521  0.182000  4.054  0.003622      0.0    0.0    0.0
0.433  1.528  0.182000  4.054  0.003640      0.0    0.0    0.0
0.438  1.535  0.182000  4.054  0.003622      0.0    0.0    0.0
0.442  1.542  0.176000  4.054  0.003502      0.0    0.0    0.0
0.446  1.549  0.180000  4.054  0.003636      0.0    0.0    0.0
0.451  1.556  0.170000  4.054  0.003417      0.0    0.0    0.0
0.455  1.563  0.174000  4.054  0.003515      0.0    0.0    0.0
0.460  1.570  0.158000  4.054  0.003223      0.0    0.0    0.0
0.465  1.577  0.165000  4.054  0.003036      0.0    0.0    0.0
0.469  1.584  0.156000  4.054  0.002215      0.0    0.0    0.0
0.474  1.591  0.156000  4.054  0.002246      0.0    0.0    0.0
0.479  1.598  0.148000  4.054  0.002146      0.0    0.0    0.0
0.483  1.605  0.145000  4.054  0.002102      0.0    0.0    0.0
0.488  1.612  0.143000  4.054  0.002102      0.0    0.0    0.0
0.493  1.619  0.140000  4.054  0.002058      0.0    0.0    0.0
0.503  1.633  0.137000  4.054  0.002699      0.0    0.0    0.0
0.508  1.640  0.132000  4.054  0.002627      0.0    0.0    0.0
0.514  1.647  0.134000  4.054  0.002667      0.0    0.0    0.0
0.519  1.654  0.137000  4.054  0.002740      0.0    0.0    0.0
0.524  1.661  0.129000  4.054  0.002606      0.0    0.0    0.0
0.529  1.668  0.131000  4.054  0.002659      0.0    0.0    0.0
0.535  1.675  0.128000  4.054  0.002573      0.0    0.0    0.0
0.540  1.682  0.126000  4.054  0.002570      0.0    0.0    0.0
0.546  1.689  0.124000  4.054  0.002542      0.0    0.0    0.0
0.551  1.696  0.122000  4.054  0.002513      0.0    0.0    0.0
0.557  1.703  0.127000  4.054  0.002616      0.0    0.0    0.0
0.563  1.710  0.117000  4.054  0.002434      0.0    0.0    0.0
0.569  1.717  0.112000  4.054  0.002330      0.0    0.0    0.0
0.575  1.724  0.109000  4.054  0.002267      0.0    0.0    0.0
0.581  1.732  0.106000  4.054  0.002247      0.0    0.0    0.0
0.587  1.739  0.102000  4.054  0.002162      0.0    0.0    0.0
0.593  1.746  0.096600  4.054  0.002087      0.0    0.0    0.0
0.599  1.753  0.091700  4.054  0.001981      0.0    0.0    0.0
0.605  1.760  0.090600  4.054  0.001966      0.0    0.0    0.0
0.612  1.767  0.089100  4.054  0.001951      0.0    0.0    0.0
0.618  1.774  0.085900  4.054  0.001873      0.0    0.0    0.0
0.625  1.781  0.082500  4.054  0.001840      0.0    0.0    0.0
0.631  1.788  0.080600  4.054  0.001789      0.0    0.0    0.0
0.645  1.802  0.078400  4.054  0.001207      0.0    0.0    0.0
0.652  1.809  0.074700  4.054  0.001158      0.0    0.0    0.0
0.659  1.816  0.071300  4.054  0.001127      0.0    0.0    0.0
0.666  1.823  0.069800  4.054  0.001110      0.0    0.0    0.0
0.673  1.830  0.065700  4.054  0.001045      0.0    0.0    0.0
0.680  1.837  0.068400  4.054  0.001094      0.0    0.0    0.0
0.688  1.844  0.065600  4.054  0.001043      0.0    0.0    0.0
0.695  1.851  0.064100  4.054  0.001173      0.0    0.0    0.0
0.703  1.858  0.064700  4.054  0.001398      0.0    0.0    0.0
0.710  1.865  0.064300  4.054  0.001389      0.0    0.0    0.0
0.718  1.872  0.064700  4.054  0.001404      0.0    0.0    0.0
0.726  1.879  0.069400  4.054  0.001506      0.0    0.0    0.0
0.734  1.886  0.070700  4.054  0.001555      0.0    0.0    0.0
0.742  1.893  0.073700  4.054  0.001629      0.0    0.0    0.0
0.751  1.900  0.077500  4.054  0.001721      0.0    0.0    0.0
0.759  1.907  0.076500  4.054  0.001691      0.0    0.0    0.0
0.767  1.914  0.073800  4.054  0.001661      0.0    0.0    0.0
0.776  1.921  0.064100  4.054  0.001474      0.0    0.0    0.0
0.785  1.928  0.058900  4.054  0.001366      0.0    0.0    0.0
0.794  1.935  0.046100  4.054  0.002411      0.0    0.0    0.0
0.803  1.942  0.036300  4.054  0.001913      0.0    0.0    0.0
0.812  1.949  0.028100  4.054  0.001484      0.0    0.0    0.0
0.821  1.956  0.020200  4.054  0.001075      0.0    0.0    0.0
0.831  1.963  0.014900  4.054  0.000799      0.0    0.0    0.0
0.840  1.970  0.009820  4.054  0.000531      0.0    0.0    0.0
0.850  1.977  0.006970  4.054  0.000379      0.0    0.0    0.0
0.860  1.984  0.004500  4.054  0.000249      0.0    0.0    0.0
0.870  1.991  0.002570  4.054  0.000144      0.0    0.0    0.0
0.446  1.625  0.155000  2.445  0.003007      0.0    0.0    0.0
0.458  1.657  0.141000  2.445  0.001777      0.0    0.0    0.0
0.469  1.689  0.137000  2.445  0.001754      0.0    0.0    0.0
0.480  1.721  0.135000  2.445  0.001742      0.0    0.0    0.0
0.492  1.753  0.127000  2.445  0.001664      0.0    0.0    0.0
0.504  1.786  0.124000  2.445  0.001637      0.0    0.0    0.0
0.515  1.818  0.115000  2.445  0.001553      0.0    0.0    0.0
0.527  1.850  0.112000  2.445  0.001546      0.0    0.0    0.0
0.539  1.882  0.107000  2.445  0.001530      0.0    0.0    0.0
0.551  1.914  0.107000  2.445  0.002461      0.0    0.0    0.0
0.654  2.172  0.070300  2.445  0.001125      0.0    0.0    0.0
0.667  2.204  0.061600  2.445  0.000949      0.0    0.0    0.0
0.681  2.236  0.057000  2.445  0.000906      0.0    0.0    0.0
0.695  2.268  0.053800  2.445  0.000882      0.0    0.0    0.0
0.708  2.300  0.052100  2.445  0.000865      0.0    0.0    0.0
0.723  2.333  0.050100  2.445  0.000852      0.0    0.0    0.0
0.737  2.365  0.046600  2.445  0.000811      0.0    0.0    0.0
0.751  2.397  0.044500  2.445  0.000801      0.0    0.0    0.0
0.766  2.429  0.042300  2.445  0.000783      0.0    0.0    0.0
0.781  2.461  0.041500  2.445  0.000793      0.0    0.0    0.0
0.795  2.493  0.039700  2.445  0.000556      0.0    0.0    0.0
0.811  2.526  0.036300  2.445  0.000483      0.0    0.0    0.0
0.826  2.558  0.031600  2.445  0.000537      0.0    0.0    0.0
0.842  2.590  0.026200  2.445  0.001310      0.0    0.0    0.0
0.857  2.622  0.021000  2.445  0.001056      0.0    0.0    0.0
0.873  2.654  0.012900  2.445  0.000657      0.0    0.0    0.0
0.889  2.686  0.005320  2.445  0.000280      0.0    0.0    0.0
0.906  2.719  0.001850  2.445  0.000105      0.0    0.0    0.0
0.346  1.641  0.214000  4.045  0.003831      0.0    0.0    0.0
0.349  1.652  0.206000  4.045  0.003729      0.0    0.0    0.0
0.353  1.663  0.204000  4.045  0.003713      0.0    0.0    0.0
0.357  1.674  0.204000  4.045  0.003733      0.0    0.0    0.0
0.361  1.685  0.207000  4.045  0.003747      0.0    0.0    0.0
0.364  1.696  0.210000  4.045  0.003801      0.0    0.0    0.0
0.368  1.706  0.207000  4.045  0.003809      0.0    0.0    0.0
0.372  1.717  0.195000  4.045  0.003608      0.0    0.0    0.0
0.376  1.728  0.196000  4.045  0.002607      0.0    0.0    0.0
0.380  1.739  0.189000  4.045  0.002363      0.0    0.0    0.0
0.384  1.750  0.187000  4.045  0.002356      0.0    0.0    0.0
0.388  1.761  0.187000  4.045  0.002375      0.0    0.0    0.0
0.392  1.771  0.177000  4.045  0.002266      0.0    0.0    0.0
0.396  1.782  0.183000  4.045  0.002361      0.0    0.0    0.0
0.404  1.804  0.169000  4.045  0.002805      0.0    0.0    0.0
0.408  1.815  0.172000  4.045  0.002890      0.0    0.0    0.0
0.412  1.826  0.166000  4.045  0.002789      0.0    0.0    0.0
0.416  1.836  0.162000  4.045  0.002722      0.0    0.0    0.0
0.421  1.847  0.164000  4.045  0.002788      0.0    0.0    0.0
0.425  1.858  0.160000  4.045  0.002704      0.0    0.0    0.0
0.429  1.869  0.162000  4.045  0.002738      0.0    0.0    0.0
0.434  1.880  0.163000  4.045  0.002771      0.0    0.0    0.0
0.438  1.891  0.160000  4.045  0.002704      0.0    0.0    0.0
0.442  1.901  0.152000  4.045  0.002599      0.0    0.0    0.0
0.447  1.912  0.153000  4.045  0.002632      0.0    0.0    0.0
0.451  1.923  0.151000  4.045  0.002612      0.0    0.0    0.0
0.456  1.934  0.155000  4.045  0.002681      0.0    0.0    0.0
0.461  1.945  0.149000  4.045  0.002593      0.0    0.0    0.0
0.465  1.956  0.143000  4.045  0.002502      0.0    0.0    0.0
0.470  1.966  0.145000  4.045  0.002566      0.0    0.0    0.0
0.475  1.977  0.145000  4.045  0.002581      0.0    0.0    0.0
0.479  1.988  0.148000  4.045  0.002634      0.0    0.0    0.0
0.484  1.999  0.141000  4.045  0.002510      0.0    0.0    0.0
0.489  2.010  0.142000  4.045  0.002584      0.0    0.0    0.0
0.494  2.021  0.139000  4.045  0.002766      0.0    0.0    0.0
0.509  2.053  0.143000  4.045  0.003461      0.0    0.0    0.0
0.514  2.064  0.135000  4.045  0.002254      0.0    0.0    0.0
0.519  2.075  0.129000  4.045  0.002180      0.0    0.0    0.0
0.524  2.086  0.127000  4.045  0.002172      0.0    0.0    0.0
0.529  2.096  0.123000  4.045  0.002140      0.0    0.0    0.0
0.535  2.107  0.117000  4.045  0.002024      0.0    0.0    0.0
0.540  2.118  0.115000  4.045  0.002024      0.0    0.0    0.0
0.545  2.129  0.110000  4.045  0.001936      0.0    0.0    0.0
0.551  2.140  0.105000  4.045  0.001838      0.0    0.0    0.0
0.556  2.151  0.104000  4.045  0.001841      0.0    0.0    0.0
0.562  2.161  0.104000  4.045  0.001872      0.0    0.0    0.0
0.567  2.172  0.103000  4.045  0.001844      0.0    0.0    0.0
0.573  2.183  0.100000  4.045  0.001790      0.0    0.0    0.0
0.579  2.194  0.095100  4.045  0.001721      0.0    0.0    0.0
0.585  2.205  0.098300  4.045  0.001779      0.0    0.0    0.0
0.590  2.216  0.094000  4.045  0.001692      0.0    0.0    0.0
0.596  2.226  0.094400  4.045  0.001718      0.0    0.0    0.0
0.602  2.237  0.094300  4.045  0.001726      0.0    0.0    0.0
0.608  2.248  0.090800  4.045  0.001671      0.0    0.0    0.0
0.614  2.259  0.088400  4.045  0.001644      0.0    0.0    0.0
0.620  2.270  0.086900  4.045  0.001625      0.0    0.0    0.0
0.627  2.281  0.085500  4.045  0.001607      0.0    0.0    0.0
0.633  2.292  0.084400  4.045  0.001595      0.0    0.0    0.0
0.639  2.302  0.080900  4.045  0.001553      0.0    0.0    0.0
0.645  2.313  0.074400  4.045  0.001436      0.0    0.0    0.0
0.652  2.324  0.070100  4.045  0.001367      0.0    0.0    0.0
0.658  2.335  0.068100  4.045  0.001342      0.0    0.0    0.0
0.665  2.346  0.067200  4.045  0.001351      0.0    0.0    0.0
0.672  2.357  0.065600  4.045  0.000951      0.0    0.0    0.0
0.678  2.367  0.061400  4.045  0.000853      0.0    0.0    0.0
0.685  2.378  0.058800  4.045  0.000835      0.0    0.0    0.0
0.692  2.389  0.055800  4.045  0.000798      0.0    0.0    0.0
0.699  2.400  0.055600  4.045  0.000806      0.0    0.0    0.0
0.706  2.411  0.053000  4.045  0.000880      0.0    0.0    0.0
0.713  2.422  0.049400  4.045  0.000968      0.0    0.0    0.0
0.720  2.432  0.049000  4.045  0.000975      0.0    0.0    0.0
0.727  2.443  0.046500  4.045  0.000907      0.0    0.0    0.0
0.735  2.454  0.045000  4.045  0.000886      0.0    0.0    0.0
0.742  2.465  0.043700  4.045  0.000870      0.0    0.0    0.0
0.750  2.476  0.045200  4.045  0.000909      0.0    0.0    0.0
0.757  2.487  0.042800  4.045  0.000873      0.0    0.0    0.0
0.765  2.497  0.042400  4.045  0.000865      0.0    0.0    0.0
0.773  2.508  0.042500  4.045  0.000871      0.0    0.0    0.0
0.780  2.519  0.042800  4.045  0.000899      0.0    0.0    0.0
0.788  2.530  0.045700  4.045  0.000955      0.0    0.0    0.0
0.796  2.541  0.045400  4.045  0.000958      0.0    0.0    0.0
0.805  2.552  0.047100  4.045  0.000909      0.0    0.0    0.0
0.813  2.562  0.044500  4.045  0.000725      0.0    0.0    0.0
0.821  2.573  0.039900  4.045  0.000662      0.0    0.0    0.0
0.829  2.584  0.035100  4.045  0.000597      0.0    0.0    0.0
0.838  2.595  0.026400  4.045  0.001315      0.0    0.0    0.0
0.847  2.606  0.021400  4.045  0.001070      0.0    0.0    0.0
0.856  2.617  0.015600  4.045  0.000785      0.0    0.0    0.0
0.864  2.627  0.010600  4.045  0.000535      0.0    0.0    0.0
0.873  2.638  0.007010  4.045  0.000357      0.0    0.0    0.0
0.882  2.649  0.004460  4.045  0.000228      0.0    0.0    0.0
0.891  2.660  0.002910  4.045  0.000150      0.0    0.0    0.0
0.901  2.671  0.001530  4.045  0.000080      0.0    0.0    0.0
0.423  2.260  0.164000  4.045  0.002919      0.0    0.0    0.0
0.428  2.279  0.160000  4.045  0.002032      0.0    0.0    0.0
0.433  2.298  0.157000  4.045  0.002025      0.0    0.0    0.0
0.438  2.317  0.156000  4.045  0.002028      0.0    0.0    0.0
0.443  2.336  0.152000  4.045  0.002006      0.0    0.0    0.0
0.448  2.354  0.148000  4.045  0.001968      0.0    0.0    0.0
0.459  2.392  0.148000  4.045  0.002694      0.0    0.0    0.0
0.464  2.411  0.141000  4.045  0.002594      0.0    0.0    0.0
0.469  2.430  0.134000  4.045  0.002506      0.0    0.0    0.0
0.475  2.449  0.134000  4.045  0.002506      0.0    0.0    0.0
0.480  2.468  0.136000  4.045  0.002543      0.0    0.0    0.0
0.485  2.487  0.134000  4.045  0.002519      0.0    0.0    0.0
0.491  2.506  0.130000  4.045  0.002483      0.0    0.0    0.0
0.497  2.525  0.132000  4.045  0.002521      0.0    0.0    0.0
0.502  2.544  0.126000  4.045  0.001714      0.0    0.0    0.0
0.508  2.562  0.121000  4.045  0.001476      0.0    0.0    0.0
0.513  2.581  0.119000  4.045  0.001464      0.0    0.0    0.0
0.519  2.600  0.118000  4.045  0.001463      0.0    0.0    0.0
0.525  2.619  0.111000  4.045  0.001421      0.0    0.0    0.0
0.530  2.638  0.110000  4.045  0.001408      0.0    0.0    0.0
0.536  2.657  0.110000  4.045  0.001782      0.0    0.0    0.0
0.542  2.676  0.108000  4.045  0.001793      0.0    0.0    0.0
0.548  2.695  0.104000  4.045  0.001747      0.0    0.0    0.0
0.554  2.714  0.102000  4.045  0.001724      0.0    0.0    0.0
0.560  2.733  0.103000  4.045  0.001751      0.0    0.0    0.0
0.566  2.752  0.104000  4.045  0.001747      0.0    0.0    0.0
0.572  2.770  0.095100  4.045  0.001664      0.0    0.0    0.0
0.578  2.789  0.097300  4.045  0.001683      0.0    0.0    0.0
0.585  2.808  0.092900  4.045  0.001644      0.0    0.0    0.0
0.591  2.827  0.091400  4.045  0.001636      0.0    0.0    0.0
0.597  2.846  0.087300  4.045  0.001598      0.0    0.0    0.0
0.603  2.865  0.082100  4.045  0.001519      0.0    0.0    0.0
0.616  2.903  0.078500  4.045  0.001044      0.0    0.0    0.0
0.623  2.922  0.075800  4.045  0.001023      0.0    0.0    0.0
0.629  2.941  0.072600  4.045  0.000995      0.0    0.0    0.0
0.636  2.960  0.071200  4.045  0.000983      0.0    0.0    0.0
0.642  2.978  0.065500  4.045  0.000983      0.0    0.0    0.0
0.649  2.997  0.063600  4.045  0.001183      0.0    0.0    0.0
0.656  3.016  0.061900  4.045  0.001164      0.0    0.0    0.0
0.663  3.035  0.061500  4.045  0.001181      0.0    0.0    0.0
0.670  3.054  0.060600  4.045  0.001170      0.0    0.0    0.0
0.677  3.073  0.056600  4.045  0.001109      0.0    0.0    0.0
0.684  3.092  0.057100  4.045  0.001131      0.0    0.0    0.0
0.691  3.111  0.055500  4.045  0.001104      0.0    0.0    0.0
0.698  3.130  0.053500  4.045  0.001081      0.0    0.0    0.0
0.705  3.149  0.050700  4.045  0.001039      0.0    0.0    0.0
0.712  3.168  0.047100  4.045  0.000984      0.0    0.0    0.0
0.720  3.187  0.046000  4.045  0.000971      0.0    0.0    0.0
0.727  3.205  0.040800  4.045  0.000885      0.0    0.0    0.0
0.734  3.224  0.040300  4.045  0.000887      0.0    0.0    0.0
0.742  3.243  0.038800  4.045  0.000861      0.0    0.0    0.0
0.757  3.281  0.034600  4.045  0.000488      0.0    0.0    0.0
0.765  3.300  0.031300  4.045  0.000454      0.0    0.0    0.0
0.772  3.319  0.030700  4.045  0.000451      0.0    0.0    0.0
0.780  3.338  0.028900  4.045  0.000431      0.0    0.0    0.0
0.788  3.357  0.027200  4.045  0.000411      0.0    0.0    0.0
0.796  3.376  0.025000  4.045  0.000390      0.0    0.0    0.0
0.812  3.413  0.024100  4.045  0.000460      0.0    0.0    0.0
0.820  3.432  0.023400  4.045  0.000463      0.0    0.0    0.0
0.828  3.451  0.023100  4.045  0.000464      0.0    0.0    0.0
0.837  3.470  0.023800  4.045  0.000483      0.0    0.0    0.0
0.845  3.489  0.023900  4.045  0.000495      0.0    0.0    0.0
0.854  3.508  0.023100  4.045  0.000490      0.0    0.0    0.0
0.862  3.527  0.020100  4.045  0.000438      0.0    0.0    0.0
0.871  3.546  0.017200  4.045  0.000384      0.0    0.0    0.0
0.879  3.565  0.012100  4.045  0.000632      0.0    0.0    0.0
0.888  3.584  0.009060  4.045  0.000476      0.0    0.0    0.0
0.897  3.603  0.005720  4.045  0.000304      0.0    0.0    0.0
0.906  3.621  0.003810  4.045  0.000205      0.0    0.0    0.0
0.915  3.640  0.002410  4.045  0.000132      0.0    0.0    0.0
0.924  3.659  0.001130  4.045  0.000063      0.0    0.0    0.0
0.459  2.636  0.145000  4.045  0.003625      0.0    0.0    0.0
0.465  2.662  0.140000  4.045  0.003570      0.0    0.0    0.0
0.471  2.689  0.133000  4.045  0.003391      0.0    0.0    0.0
0.478  2.716  0.131000  4.045  0.003367      0.0    0.0    0.0
0.484  2.743  0.132000  4.045  0.003445      0.0    0.0    0.0
0.490  2.769  0.130000  4.045  0.002743      0.0    0.0    0.0
0.497  2.796  0.122000  4.045  0.002172      0.0    0.0    0.0
0.503  2.823  0.119000  4.045  0.002142      0.0    0.0    0.0
0.510  2.850  0.116000  4.045  0.002100      0.0    0.0    0.0
0.516  2.876  0.114000  4.045  0.002075      0.0    0.0    0.0
0.523  2.903  0.110000  4.045  0.002002      0.0    0.0    0.0
0.529  2.930  0.107000  4.045  0.001937      0.0    0.0    0.0
0.536  2.957  0.104000  4.045  0.001914      0.0    0.0    0.0
0.543  2.983  0.094700  4.045  0.002159      0.0    0.0    0.0
0.549  3.010  0.094000  4.045  0.002153      0.0    0.0    0.0
0.556  3.037  0.098900  4.045  0.002314      0.0    0.0    0.0
0.563  3.064  0.090100  4.045  0.002090      0.0    0.0    0.0
0.570  3.091  0.091500  4.045  0.002159      0.0    0.0    0.0
0.577  3.117  0.084600  4.045  0.002030      0.0    0.0    0.0
0.584  3.144  0.086300  4.045  0.002063      0.0    0.0    0.0
0.591  3.171  0.081500  4.045  0.002021      0.0    0.0    0.0
0.598  3.198  0.085100  4.045  0.002119      0.0    0.0    0.0
0.605  3.224  0.078300  4.045  0.001965      0.0    0.0    0.0
0.612  3.251  0.076300  4.045  0.001953      0.0    0.0    0.0
0.619  3.278  0.074800  4.045  0.001922      0.0    0.0    0.0
0.627  3.305  0.071700  4.045  0.001886      0.0    0.0    0.0
0.634  3.331  0.065200  4.045  0.001728      0.0    0.0    0.0
0.641  3.358  0.066300  4.045  0.001783      0.0    0.0    0.0
0.649  3.385  0.061200  4.045  0.001640      0.0    0.0    0.0
0.656  3.412  0.064100  4.045  0.001756      0.0    0.0    0.0
0.664  3.438  0.059400  4.045  0.001378      0.0    0.0    0.0
0.671  3.465  0.053700  4.045  0.000908      0.0    0.0    0.0
0.679  3.492  0.050000  4.045  0.000835      0.0    0.0    0.0
0.687  3.519  0.049300  4.045  0.000848      0.0    0.0    0.0
0.695  3.545  0.047800  4.045  0.000822      0.0    0.0    0.0
0.702  3.572  0.047000  4.045  0.000832      0.0    0.0    0.0
0.710  3.599  0.044000  4.045  0.000779      0.0    0.0    0.0
0.718  3.626  0.043000  4.045  0.000774      0.0    0.0    0.0
0.726  3.652  0.039800  4.045  0.000728      0.0    0.0    0.0
0.734  3.679  0.039400  4.045  0.000745      0.0    0.0    0.0
0.742  3.706  0.035600  4.045  0.000783      0.0    0.0    0.0
0.751  3.733  0.033700  4.045  0.000741      0.0    0.0    0.0
0.759  3.759  0.030200  4.045  0.000689      0.0    0.0    0.0
0.767  3.786  0.029500  4.045  0.000684      0.0    0.0    0.0
0.776  3.813  0.026700  4.045  0.000630      0.0    0.0    0.0
0.784  3.840  0.024200  4.045  0.000583      0.0    0.0    0.0
0.793  3.867  0.023500  4.045  0.000585      0.0    0.0    0.0
0.801  3.893  0.021300  4.045  0.000543      0.0    0.0    0.0
0.810  3.920  0.021500  4.045  0.000563      0.0    0.0    0.0
0.818  3.947  0.020000  4.045  0.000538      0.0    0.0    0.0
0.827  3.974  0.018900  4.045  0.000539      0.0    0.0    0.0
0.836  4.000  0.019500  4.045  0.000558      0.0    0.0    0.0
0.845  4.027  0.017100  4.045  0.000513      0.0    0.0    0.0
0.854  4.054  0.017200  4.045  0.000530      0.0    0.0    0.0
0.863  4.081  0.015700  4.045  0.000493      0.0    0.0    0.0
0.872  4.107  0.013000  4.045  0.000439      0.0    0.0    0.0
0.881  4.134  0.011400  4.045  0.000389      0.0    0.0    0.0
0.890  4.161  0.008760  4.045  0.000512      0.0    0.0    0.0
0.900  4.188  0.005680  4.045  0.000337      0.0    0.0    0.0
0.909  4.214  0.003450  4.045  0.000212      0.0    0.0    0.0
0.919  4.241  0.002120  4.045  0.000135      0.0    0.0    0.0
0.928  4.268  0.001070  4.045  0.000070      0.0    0.0    0.0
0.938  4.295  0.000685  4.045  0.000045      0.0    0.0    0.0