jlcee96,f2,p target
converted from 10072.xlsx
*
 0.0126  0
x    Q2        F2  Ebeam          stat       sys_tot  dummy  dummy
0.128293  0.45  0.259422    0.0  3.045998e-03  7.341640e-03    0.0    0.0
0.129092  0.45  0.248756    0.0  2.969823e-03  7.039809e-03    0.0    0.0
0.129900  0.45  0.259328    0.0  3.083071e-03  7.338977e-03    0.0    0.0
0.130718  0.45  0.256887    0.0  3.054182e-03  7.269902e-03    0.0    0.0
0.131547  0.45  0.249241    0.0  2.974578e-03  7.053520e-03    0.0    0.0
0.132387  0.45  0.265361    0.0  3.166601e-03  7.509722e-03    0.0    0.0
0.133237  0.45  0.257257    0.0  3.058773e-03  7.280379e-03    0.0    0.0
0.134098  0.45  0.267495    0.0  3.208444e-03  7.570123e-03    0.0    0.0
0.134971  0.45  0.258439    0.0  3.101481e-03  7.313835e-03    0.0    0.0
0.135854  0.45  0.252816    0.0  3.088576e-03  7.154701e-03    0.0    0.0
0.136750  0.45  0.261277    0.0  3.206955e-03  7.394133e-03    0.0    0.0
0.139509  0.45  0.254477    0.0  3.266966e-03  7.201710e-03    0.0    0.0
0.140453  0.45  0.253752    0.0  3.286431e-03  7.181182e-03    0.0    0.0
0.141411  0.45  0.250572    0.0  3.236102e-03  7.091202e-03    0.0    0.0
0.142381  0.45  0.255990    0.0  3.288080e-03  7.244520e-03    0.0    0.0
0.143365  0.45  0.247543    0.0  3.211427e-03  7.005478e-03    0.0    0.0
0.144363  0.45  0.259473    0.0  3.354270e-03  7.343077e-03    0.0    0.0
0.145374  0.45  0.254223    0.0  3.277107e-03  7.194502e-03    0.0    0.0
0.146400  0.45  0.257928    0.0  3.339131e-03  7.299354e-03    0.0    0.0
0.147441  0.45  0.259517    0.0  3.379772e-03  7.344328e-03    0.0    0.0
0.148496  0.45  0.255746    0.0  3.342063e-03  7.237606e-03    0.0    0.0
0.149567  0.45  0.239836    0.0  3.199970e-03  6.787345e-03    0.0    0.0
0.151755  0.45  0.260263    0.0  2.551047e-03  7.365434e-03    0.0    0.0
0.154008  0.45  0.250992    0.0  3.653337e-03  7.103071e-03    0.0    0.0
0.155160  0.45  0.245221    0.0  3.561482e-03  6.939746e-03    0.0    0.0
0.156329  0.45  0.242688    0.0  3.540176e-03  6.868079e-03    0.0    0.0
0.157516  0.45  0.243319    0.0  3.524820e-03  6.885933e-03    0.0    0.0
0.158721  0.45  0.252377    0.0  3.662213e-03  7.142269e-03    0.0    0.0
0.159945  0.45  0.252397    0.0  3.659608e-03  7.142827e-03    0.0    0.0
0.161188  0.45  0.248284    0.0  3.579562e-03  7.026432e-03    0.0    0.0
0.162450  0.45  0.248970    0.0  3.615304e-03  7.045840e-03    0.0    0.0
0.163732  0.45  0.258125    0.0  3.744611e-03  7.304929e-03    0.0    0.0
0.165034  0.45  0.255268    0.0  3.693632e-03  7.224084e-03    0.0    0.0
0.166358  0.45  0.256009    0.0  3.722171e-03  7.245066e-03    0.0    0.0
0.167703  0.45  0.259114    0.0  3.762283e-03  7.332938e-03    0.0    0.0
0.169069  0.45  0.271693    0.0  3.968632e-03  7.688926e-03    0.0    0.0
0.170459  0.45  0.277237    0.0  3.398110e-03  7.845816e-03    0.0    0.0
0.173307  0.45  0.268514    0.0  4.151283e-03  7.598960e-03    0.0    0.0
0.174766  0.45  0.281048    0.0  4.339248e-03  7.953664e-03    0.0    0.0
0.176251  0.45  0.280769    0.0  4.335961e-03  7.945771e-03    0.0    0.0
0.177761  0.45  0.288840    0.0  4.403004e-03  8.174175e-03    0.0    0.0
0.179298  0.45  0.297080    0.0  4.544214e-03  8.407361e-03    0.0    0.0
0.180861  0.45  0.303113    0.0  4.585372e-03  8.578092e-03    0.0    0.0
0.182451  0.45  0.321092    0.0  4.892645e-03  9.086909e-03    0.0    0.0
0.184070  0.45  0.333776    0.0  5.049707e-03  9.445875e-03    0.0    0.0
0.185718  0.45  0.331178    0.0  4.993877e-03  9.372329e-03    0.0    0.0
0.187396  0.45  0.332826    0.0  5.058296e-03  9.418979e-03    0.0    0.0
0.189104  0.45  0.340245    0.0  5.220566e-03  9.628931e-03    0.0    0.0
0.190843  0.45  0.319793    0.0  4.931453e-03  9.050148e-03    0.0    0.0
0.192615  0.45  0.313654    0.0  4.819118e-03  8.876414e-03    0.0    0.0
0.194420  0.45  0.300736    0.0  4.686848e-03  8.510820e-03    0.0    0.0
0.196260  0.45  0.290322    0.0  4.554817e-03  8.216121e-03    0.0    0.0
0.200045  0.45  0.280112    0.0  2.653862e-03  7.927181e-03    0.0    0.0
0.201992  0.45  0.278958    0.0  3.012162e-03  7.894506e-03    0.0    0.0
0.203979  0.45  0.252587    0.0  3.033384e-03  7.148206e-03    0.0    0.0
0.206004  0.45  0.253229    0.0  3.069287e-03  7.166384e-03    0.0    0.0
0.208070  0.45  0.247929    0.0  3.006756e-03  7.016396e-03    0.0    0.0
0.210178  0.45  0.243356    0.0  2.938148e-03  6.886986e-03    0.0    0.0
0.212329  0.45  0.247702    0.0  2.981833e-03  7.009978e-03    0.0    0.0
0.214525  0.45  0.240635    0.0  2.884684e-03  6.809956e-03    0.0    0.0
0.216767  0.45  0.242675    0.0  2.914840e-03  6.867714e-03    0.0    0.0
0.219055  0.45  0.253736    0.0  3.033193e-03  7.180740e-03    0.0    0.0
0.221393  0.45  0.251757    0.0  3.004972e-03  7.124717e-03    0.0    0.0
0.223781  0.45  0.255386    0.0  2.994895e-03  7.227421e-03    0.0    0.0
0.226221  0.45  0.264650    0.0  3.099707e-03  7.489595e-03    0.0    0.0
0.228715  0.45  0.275014    0.0  3.459982e-03  7.782910e-03    0.0    0.0
0.231265  0.45  0.281391    0.0  2.758982e-03  7.963371e-03    0.0    0.0
0.233872  0.45  0.290033    0.0  2.840619e-03  8.207942e-03    0.0    0.0
0.236539  0.45  0.298647    0.0  2.922653e-03  8.451716e-03    0.0    0.0
0.239267  0.45  0.317619    0.0  3.114606e-03  8.988626e-03    0.0    0.0
0.242059  0.45  0.331778    0.0  3.257125e-03  9.389315e-03    0.0    0.0
0.244916  0.45  0.346657    0.0  3.438000e-03  9.810399e-03    0.0    0.0
0.247842  0.45  0.341874    0.0  3.406873e-03  9.675046e-03    0.0    0.0
0.250839  0.45  0.343025    0.0  3.489091e-03  9.707602e-03    0.0    0.0
0.257055  0.45  0.275789    0.0  5.227246e-03  7.804817e-03    0.0    0.0
0.260280  0.45  0.264210    0.0  5.056602e-03  7.477143e-03    0.0    0.0
0.263587  0.45  0.251895    0.0  4.813139e-03  7.128629e-03    0.0    0.0
0.266979  0.45  0.227229    0.0  4.389061e-03  6.430578e-03    0.0    0.0
0.270460  0.45  0.217759    0.0  4.247468e-03  6.162588e-03    0.0    0.0
0.274032  0.45  0.214821    0.0  4.206806e-03  6.079446e-03    0.0    0.0
0.277701  0.45  0.206152    0.0  3.286664e-03  5.834116e-03    0.0    0.0
0.281468  0.45  0.193431    0.0  2.779747e-03  5.474083e-03    0.0    0.0
0.285340  0.45  0.183194    0.0  2.658280e-03  5.184402e-03    0.0    0.0
0.289319  0.45  0.179336    0.0  2.606373e-03  5.075214e-03    0.0    0.0
0.293411  0.45  0.173283    0.0  2.545425e-03  4.903912e-03    0.0    0.0
0.297620  0.45  0.170965    0.0  2.522832e-03  4.838298e-03    0.0    0.0
0.301952  0.45  0.168829    0.0  2.500680e-03  4.777849e-03    0.0    0.0
0.306412  0.45  0.165601    0.0  2.447349e-03  4.686511e-03    0.0    0.0
0.311005  0.45  0.170994    0.0  2.532284e-03  4.839125e-03    0.0    0.0
0.320618  0.45  0.166480    0.0  3.449948e-03  4.711373e-03    0.0    0.0
0.325651  0.45  0.156569    0.0  3.342318e-03  4.430911e-03    0.0    0.0
0.330844  0.45  0.170125    0.0  3.533343e-03  4.814523e-03    0.0    0.0
0.336206  0.45  0.178712    0.0  3.647037e-03  5.057564e-03    0.0    0.0
0.341744  0.45  0.170519    0.0  3.484781e-03  4.825702e-03    0.0    0.0
0.347468  0.45  0.179457    0.0  3.628578e-03  5.078627e-03    0.0    0.0
0.353387  0.45  0.190492    0.0  3.760394e-03  5.390912e-03    0.0    0.0
0.365851  0.45  0.216762    0.0  2.980330e-03  6.134362e-03    0.0    0.0
0.372419  0.45  0.231959    0.0  3.146194e-03  6.564451e-03    0.0    0.0
0.379226  0.45  0.241399    0.0  3.245900e-03  6.831592e-03    0.0    0.0
0.386288  0.45  0.264261    0.0  3.507461e-03  7.478589e-03    0.0    0.0
0.393617  0.45  0.289699    0.0  3.812689e-03  8.198476e-03    0.0    0.0
0.401229  0.45  0.315105    0.0  4.137155e-03  8.917466e-03    0.0    0.0
0.409143  0.45  0.344397    0.0  4.498594e-03  9.746446e-03    0.0    0.0
0.417374  0.45  0.368886    0.0  4.797641e-03  1.043947e-02    0.0    0.0
0.425943  0.45  0.393024    0.0  5.197231e-03  1.112259e-02    0.0    0.0
0.434872  0.45  0.410205    0.0  6.100752e-03  1.160881e-02    0.0    0.0
0.444183  0.45  0.365800    0.0  6.914593e-03  1.035213e-02    0.0    0.0
0.453901  0.45  0.324182    0.0  6.363357e-03  9.174342e-03    0.0    0.0
0.464054  0.45  0.269631    0.0  5.488512e-03  7.630554e-03    0.0    0.0
0.474672  0.45  0.202995    0.0  4.269237e-03  5.744747e-03    0.0    0.0
0.485787  0.45  0.152340    0.0  3.324097e-03  4.311219e-03    0.0    0.0
0.497435  0.45  0.092255    0.0  2.140214e-03  2.610815e-03    0.0    0.0
0.509656  0.45  0.058980    0.0  1.433316e-03  1.669139e-03    0.0    0.0
0.522491  0.45  0.033967    0.0  8.660716e-04  9.612737e-04    0.0    0.0
0.312213  1.40  0.289271    0.0  3.820616e-03  8.186381e-03    0.0    0.0
0.314018  1.40  0.287888    0.0  3.856248e-03  8.147216e-03    0.0    0.0
0.315845  1.40  0.285568    0.0  3.844274e-03  8.081563e-03    0.0    0.0
0.317692  1.40  0.290746    0.0  3.901729e-03  8.228103e-03    0.0    0.0
0.319562  1.40  0.283784    0.0  3.819741e-03  8.031084e-03    0.0    0.0
0.321454  1.40  0.280813    0.0  3.807313e-03  7.947014e-03    0.0    0.0
0.323368  1.40  0.283574    0.0  3.822301e-03  8.025136e-03    0.0    0.0
0.325305  1.40  0.280822    0.0  3.800632e-03  7.947277e-03    0.0    0.0
0.327266  1.40  0.292776    0.0  3.949710e-03  8.285566e-03    0.0    0.0
0.329250  1.40  0.285505    0.0  3.881321e-03  8.079792e-03    0.0    0.0
0.331258  1.40  0.282387    0.0  3.843686e-03  7.991541e-03    0.0    0.0
0.333292  1.40  0.281528    0.0  3.826586e-03  7.967234e-03    0.0    0.0
0.335350  1.40  0.287509    0.0  3.946849e-03  8.136499e-03    0.0    0.0
0.337433  1.40  0.274349    0.0  3.803029e-03  7.764085e-03    0.0    0.0
0.339543  1.40  0.271074    0.0  3.769658e-03  7.671380e-03    0.0    0.0
0.341680  1.40  0.278297    0.0  3.913789e-03  7.875791e-03    0.0    0.0
0.343843  1.40  0.275703    0.0  3.873596e-03  7.802381e-03    0.0    0.0
0.346034  1.40  0.278177    0.0  3.572647e-03  7.872415e-03    0.0    0.0
0.348253  1.40  0.272856    0.0  2.974176e-03  7.721833e-03    0.0    0.0
0.350501  1.40  0.263463    0.0  2.913030e-03  7.456000e-03    0.0    0.0
0.355085  1.40  0.251767    0.0  4.212013e-03  7.125012e-03    0.0    0.0
0.357422  1.40  0.248006    0.0  4.139039e-03  7.018564e-03    0.0    0.0
0.359790  1.40  0.246090    0.0  4.121489e-03  6.964355e-03    0.0    0.0
0.362190  1.40  0.245800    0.0  4.118134e-03  6.956129e-03    0.0    0.0
0.364622  1.40  0.243411    0.0  4.048181e-03  6.888537e-03    0.0    0.0
0.367087  1.40  0.250428    0.0  4.208331e-03  7.087127e-03    0.0    0.0
0.369585  1.40  0.245602    0.0  4.139980e-03  6.950537e-03    0.0    0.0
0.372118  1.40  0.245147    0.0  4.135129e-03  6.937654e-03    0.0    0.0
0.374686  1.40  0.248705    0.0  4.181691e-03  7.038354e-03    0.0    0.0
0.377289  1.40  0.241613    0.0  4.045582e-03  6.837634e-03    0.0    0.0
0.379928  1.40  0.253393    0.0  4.285069e-03  7.171033e-03    0.0    0.0
0.382605  1.40  0.241133    0.0  4.083714e-03  6.824070e-03    0.0    0.0
0.385320  1.40  0.249516    0.0  4.221442e-03  7.061294e-03    0.0    0.0
0.388074  1.40  0.244352    0.0  4.128865e-03  6.915162e-03    0.0    0.0
0.390867  1.40  0.264475    0.0  4.505103e-03  7.484634e-03    0.0    0.0
0.393701  1.40  0.262575    0.0  4.460931e-03  7.430867e-03    0.0    0.0
0.396576  1.40  0.273626    0.0  4.726337e-03  7.743613e-03    0.0    0.0
0.399494  1.40  0.270729    0.0  3.247277e-03  7.661636e-03    0.0    0.0
0.402454  1.40  0.281249    0.0  3.419718e-03  7.959333e-03    0.0    0.0
0.405459  1.40  0.284414    0.0  3.972967e-03  8.048916e-03    0.0    0.0
0.408509  1.40  0.285161    0.0  4.894784e-03  8.070051e-03    0.0    0.0
0.411606  1.40  0.293124    0.0  5.067349e-03  8.295418e-03    0.0    0.0
0.414749  1.40  0.289492    0.0  5.004642e-03  8.192629e-03    0.0    0.0
0.417942  1.40  0.276248    0.0  4.784569e-03  7.817807e-03    0.0    0.0
0.421183  1.40  0.269306    0.0  4.729626e-03  7.621371e-03    0.0    0.0
0.424476  1.40  0.252297    0.0  4.416376e-03  7.139997e-03    0.0    0.0
0.427820  1.40  0.242629    0.0  4.268734e-03  6.866395e-03    0.0    0.0
0.431217  1.40  0.227608    0.0  4.077627e-03  6.441312e-03    0.0    0.0
0.434669  1.40  0.225908    0.0  4.060664e-03  6.393194e-03    0.0    0.0
0.438176  1.40  0.211979    0.0  3.832013e-03  5.998997e-03    0.0    0.0
0.441740  1.40  0.206670    0.0  3.768941e-03  5.848758e-03    0.0    0.0
0.445363  1.40  0.198933    0.0  3.622131e-03  5.629812e-03    0.0    0.0
0.449046  1.40  0.197577    0.0  3.637817e-03  5.591443e-03    0.0    0.0
0.452790  1.40  0.194820    0.0  3.604480e-03  5.513414e-03    0.0    0.0
0.456597  1.40  0.191190    0.0  3.523452e-03  5.410685e-03    0.0    0.0
0.460469  1.40  0.190378    0.0  3.541735e-03  5.387695e-03    0.0    0.0
0.464407  1.40  0.183749    0.0  3.414447e-03  5.200105e-03    0.0    0.0
0.468413  1.40  0.195101    0.0  3.680032e-03  5.521353e-03    0.0    0.0
0.472489  1.40  0.193306    0.0  3.608154e-03  5.470568e-03    0.0    0.0
0.476636  1.40  0.195864    0.0  3.524782e-03  5.542965e-03    0.0    0.0
0.480857  1.40  0.194999    0.0  2.395373e-03  5.518460e-03    0.0    0.0
0.485153  1.40  0.203349    0.0  2.514357e-03  5.754782e-03    0.0    0.0
0.489526  1.40  0.213061    0.0  2.658896e-03  6.029638e-03    0.0    0.0
0.493979  1.40  0.226974    0.0  3.734103e-03  6.423378e-03    0.0    0.0
0.498514  1.40  0.236581    0.0  3.927006e-03  6.695248e-03    0.0    0.0
0.503133  1.40  0.253668    0.0  4.267368e-03  7.178804e-03    0.0    0.0
0.507838  1.40  0.254795    0.0  4.272783e-03  7.210696e-03    0.0    0.0
0.512632  1.40  0.235003    0.0  3.982626e-03  6.650593e-03    0.0    0.0
0.517518  1.40  0.223202    0.0  3.824713e-03  6.316608e-03    0.0    0.0
0.522497  1.40  0.196200    0.0  3.402549e-03  5.552452e-03    0.0    0.0
0.527573  1.40  0.170326    0.0  2.979937e-03  4.820234e-03    0.0    0.0
0.532749  1.40  0.159207    0.0  2.853336e-03  4.505564e-03    0.0    0.0
0.538027  1.40  0.151810    0.0  2.720039e-03  4.296229e-03    0.0    0.0
0.543412  1.40  0.139505    0.0  2.565269e-03  3.947986e-03    0.0    0.0
0.548904  1.40  0.132709    0.0  2.449247e-03  3.755676e-03    0.0    0.0
0.554509  1.40  0.127647    0.0  2.388491e-03  3.612402e-03    0.0    0.0
0.560230  1.40  0.123711    0.0  2.292302e-03  3.501027e-03    0.0    0.0
0.566070  1.40  0.114132    0.0  2.153558e-03  3.229936e-03    0.0    0.0
0.572033  1.40  0.118667    0.0  2.269760e-03  3.358279e-03    0.0    0.0
0.578123  1.40  0.112745    0.0  2.168537e-03  3.190675e-03    0.0    0.0
0.584344  1.40  0.108970    0.0  2.099854e-03  3.083845e-03    0.0    0.0
0.590700  1.40  0.105021    0.0  2.044610e-03  2.972106e-03    0.0    0.0
0.597197  1.40  0.106821    0.0  2.059830e-03  3.023046e-03    0.0    0.0
0.603837  1.40  0.108745    0.0  2.144210e-03  3.077498e-03    0.0    0.0
0.610627  1.40  0.105838    0.0  2.059360e-03  2.995218e-03    0.0    0.0
0.617572  1.40  0.103986    0.0  1.698059e-03  2.942818e-03    0.0    0.0
0.624676  1.40  0.103926    0.0  1.396433e-03  2.941109e-03    0.0    0.0
0.631945  1.40  0.104062    0.0  1.413457e-03  2.944955e-03    0.0    0.0
0.639386  1.40  0.107189    0.0  1.454137e-03  3.033460e-03    0.0    0.0
0.647004  1.40  0.110127    0.0  1.498583e-03  3.116605e-03    0.0    0.0
0.662798  1.40  0.121915    0.0  2.251864e-03  3.450186e-03    0.0    0.0
0.670988  1.40  0.134963    0.0  2.512526e-03  3.819447e-03    0.0    0.0
0.679383  1.40  0.146982    0.0  2.733652e-03  4.159599e-03    0.0    0.0
0.687990  1.40  0.168326    0.0  3.112345e-03  4.763637e-03    0.0    0.0
0.696818  1.40  0.173957    0.0  3.307500e-03  4.922977e-03    0.0    0.0
0.705876  1.40  0.163611    0.0  3.143426e-03  4.630197e-03    0.0    0.0
0.715173  1.40  0.141098    0.0  2.747515e-03  3.993079e-03    0.0    0.0
0.724717  1.40  0.114295    0.0  2.259432e-03  3.234554e-03    0.0    0.0
0.734520  1.40  0.079893    0.0  1.635621e-03  2.260982e-03    0.0    0.0
0.744591  1.40  0.051886    0.0  1.109762e-03  1.468385e-03    0.0    0.0
0.754943  1.40  0.030930    0.0  6.833571e-04  8.753278e-04    0.0    0.0
0.765586  1.40  0.019701    0.0  4.618341e-04  5.575519e-04    0.0    0.0
0.776534  1.40  0.010253    0.0  2.571180e-04  2.901639e-04    0.0    0.0
0.787799  1.40  0.004937    0.0  1.318413e-04  1.397229e-04    0.0    0.0
0.799397  1.40  0.002179    0.0  6.396457e-05  6.166995e-05    0.0    0.0
0.811340  1.40  0.000764    0.0  2.508690e-05  2.160920e-05    0.0    0.0
0.823646  1.40  0.000154    0.0  5.608630e-06  4.361084e-06    0.0    0.0
0.397968  1.20  0.233786    0.0  5.677761e-03  6.616147e-03    0.0    0.0
0.401877  1.20  0.215264    0.0  2.973778e-03  6.091980e-03    0.0    0.0
0.405863  1.20  0.205777    0.0  2.882213e-03  5.823483e-03    0.0    0.0
0.409930  1.20  0.205184    0.0  2.896245e-03  5.806716e-03    0.0    0.0
0.414078  1.20  0.196841    0.0  2.782206e-03  5.570597e-03    0.0    0.0
0.418312  1.20  0.196436    0.0  2.790650e-03  5.559142e-03    0.0    0.0
0.422632  1.20  0.200704    0.0  2.843594e-03  5.679923e-03    0.0    0.0
0.427043  1.20  0.194140    0.0  2.780730e-03  5.494168e-03    0.0    0.0
0.431547  1.20  0.201772    0.0  2.871646e-03  5.710142e-03    0.0    0.0
0.436148  1.20  0.206494    0.0  2.908645e-03  5.843772e-03    0.0    0.0
0.445648  1.20  0.220750    0.0  2.166145e-03  6.247228e-03    0.0    0.0
0.450555  1.20  0.227522    0.0  2.238330e-03  6.438884e-03    0.0    0.0
0.455572  1.20  0.246361    0.0  2.443893e-03  6.972022e-03    0.0    0.0
0.460702  1.20  0.253433    0.0  2.108276e-03  7.172154e-03    0.0    0.0
0.465948  1.20  0.266086    0.0  2.169481e-03  7.530239e-03    0.0    0.0
0.471315  1.20  0.252456    0.0  2.090939e-03  7.144499e-03    0.0    0.0
0.482429  1.20  0.193686    0.0  1.938424e-03  5.481308e-03    0.0    0.0
0.488185  1.20  0.177503    0.0  1.796048e-03  5.023346e-03    0.0    0.0
0.494080  1.20  0.155235    0.0  1.587942e-03  4.393148e-03    0.0    0.0
0.500120  1.20  0.142025    0.0  1.481624e-03  4.019319e-03    0.0    0.0
0.512652  1.20  0.132484    0.0  1.151338e-03  3.749306e-03    0.0    0.0
0.519156  1.20  0.125426    0.0  1.107762e-03  3.549550e-03    0.0    0.0
0.525828  1.20  0.124165    0.0  1.106780e-03  3.513884e-03    0.0    0.0
0.532674  1.20  0.119581    0.0  1.076481e-03  3.384145e-03    0.0    0.0
0.539700  1.20  0.115275    0.0  1.050362e-03  3.262274e-03    0.0    0.0
0.546914  1.20  0.114392    0.0  1.061741e-03  3.237302e-03    0.0    0.0
0.561936  1.20  0.109470    0.0  1.261265e-03  3.098001e-03    0.0    0.0
0.569761  1.20  0.110293    0.0  1.293648e-03  3.121303e-03    0.0    0.0
0.577807  1.20  0.113436    0.0  1.346651e-03  3.210230e-03    0.0    0.0
0.586084  1.20  0.113824    0.0  1.784487e-03  3.221233e-03    0.0    0.0
0.594601  1.20  0.116880    0.0  1.821475e-03  3.307704e-03    0.0    0.0
0.603369  1.20  0.125381    0.0  1.954533e-03  3.548294e-03    0.0    0.0
0.612399  1.20  0.130623    0.0  2.034168e-03  3.696637e-03    0.0    0.0
0.621705  1.20  0.140926    0.0  2.111011e-03  3.988209e-03    0.0    0.0
0.631297  1.20  0.155321    0.0  1.931706e-03  4.395584e-03    0.0    0.0
0.641190  1.20  0.164003    0.0  2.053963e-03  4.641274e-03    0.0    0.0
0.651398  1.20  0.182521    0.0  2.318006e-03  5.165336e-03    0.0    0.0
0.661936  1.20  0.187656    0.0  2.445536e-03  5.310665e-03    0.0    0.0
0.672821  1.20  0.192608    0.0  2.570390e-03  5.450821e-03    0.0    0.0
0.695701  1.20  0.121634    0.0  2.747982e-03  3.442251e-03    0.0    0.0
0.707734  1.20  0.079704    0.0  1.882294e-03  2.255631e-03    0.0    0.0
0.720191  1.20  0.047601    0.0  1.203356e-03  1.347095e-03    0.0    0.0
0.733095  1.20  0.026592    0.0  7.268581e-04  7.525417e-04    0.0    0.0
0.746469  1.20  0.014809    0.0  4.370454e-04  4.190955e-04    0.0    0.0
0.760340  1.20  0.005729    0.0  1.918187e-04  1.621246e-04    0.0    0.0
0.789690  1.20  0.000517    0.0  1.357015e-05  1.463657e-05    0.0    0.0
0.805231  1.20  0.000022    0.0  6.617489e-07  6.270349e-07    0.0    0.0
0.351343  1.70  0.278614    0.0  4.913867e-03  7.884779e-03    0.0    0.0
0.353222  1.70  0.268477    0.0  4.785342e-03  7.597905e-03    0.0    0.0
0.355122  1.70  0.262416    0.0  4.738710e-03  7.426359e-03    0.0    0.0
0.357042  1.70  0.264757    0.0  4.788809e-03  7.492620e-03    0.0    0.0
0.358983  1.70  0.258460    0.0  4.713328e-03  7.314424e-03    0.0    0.0
0.360945  1.70  0.262118    0.0  4.793343e-03  7.417951e-03    0.0    0.0
0.362929  1.70  0.248398    0.0  4.522958e-03  7.029652e-03    0.0    0.0
0.364934  1.70  0.254981    0.0  4.627666e-03  7.215968e-03    0.0    0.0
0.366963  1.70  0.268745    0.0  4.921094e-03  7.605472e-03    0.0    0.0
0.369013  1.70  0.261777    0.0  4.755134e-03  7.408281e-03    0.0    0.0
0.371087  1.70  0.264816    0.0  4.820668e-03  7.494284e-03    0.0    0.0
0.373184  1.70  0.255193    0.0  4.660088e-03  7.221965e-03    0.0    0.0
0.375305  1.70  0.252549    0.0  4.628773e-03  7.147148e-03    0.0    0.0
0.377451  1.70  0.261899    0.0  4.771361e-03  7.411730e-03    0.0    0.0
0.379621  1.70  0.261681    0.0  4.789850e-03  7.405561e-03    0.0    0.0
0.381816  1.70  0.246866    0.0  4.520985e-03  6.986299e-03    0.0    0.0
0.384036  1.70  0.253001    0.0  4.627374e-03  7.159937e-03    0.0    0.0
0.386283  1.70  0.256880    0.0  4.700424e-03  7.269701e-03    0.0    0.0
0.388556  1.70  0.253782    0.0  4.692892e-03  7.182019e-03    0.0    0.0
0.390856  1.70  0.249297    0.0  4.632330e-03  7.055116e-03    0.0    0.0
0.393183  1.70  0.243558    0.0  4.543751e-03  6.892683e-03    0.0    0.0
0.395538  1.70  0.239034    0.0  4.459281e-03  6.764665e-03    0.0    0.0
0.397922  1.70  0.239420    0.0  4.488094e-03  6.775575e-03    0.0    0.0
0.402776  1.70  0.235138    0.0  3.154053e-03  6.654400e-03    0.0    0.0
0.405248  1.70  0.229010    0.0  3.093213e-03  6.480991e-03    0.0    0.0
0.407750  1.70  0.231411    0.0  3.137244e-03  6.548926e-03    0.0    0.0
0.410284  1.70  0.224634    0.0  3.052987e-03  6.357154e-03    0.0    0.0
0.412849  1.70  0.225348    0.0  3.093709e-03  6.377343e-03    0.0    0.0
0.415446  1.70  0.224121    0.0  3.066886e-03  6.342619e-03    0.0    0.0
0.420741  1.70  0.210265    0.0  4.059193e-03  5.950497e-03    0.0    0.0
0.423439  1.70  0.215743    0.0  4.160277e-03  6.105524e-03    0.0    0.0
0.426171  1.70  0.219085    0.0  4.282312e-03  6.200114e-03    0.0    0.0
0.428940  1.70  0.217696    0.0  4.238853e-03  6.160788e-03    0.0    0.0
0.431744  1.70  0.226601    0.0  4.349994e-03  6.412817e-03    0.0    0.0
0.434586  1.70  0.220835    0.0  4.277281e-03  6.249633e-03    0.0    0.0
0.437465  1.70  0.215908    0.0  4.173352e-03  6.110182e-03    0.0    0.0
0.440383  1.70  0.232989    0.0  4.473306e-03  6.593600e-03    0.0    0.0
0.443339  1.70  0.230684    0.0  4.437312e-03  6.528366e-03    0.0    0.0
0.446336  1.70  0.234680    0.0  4.553324e-03  6.641447e-03    0.0    0.0
0.449373  1.70  0.240340    0.0  4.629770e-03  6.801625e-03    0.0    0.0
0.452452  1.70  0.248135    0.0  4.810933e-03  7.022209e-03    0.0    0.0
0.455574  1.70  0.258502    0.0  5.010892e-03  7.315598e-03    0.0    0.0
0.458739  1.70  0.260078    0.0  5.066324e-03  7.360210e-03    0.0    0.0
0.461948  1.70  0.267572    0.0  5.229446e-03  7.572279e-03    0.0    0.0
0.465203  1.70  0.255573    0.0  4.992590e-03  7.232719e-03    0.0    0.0
0.468503  1.70  0.247094    0.0  4.884144e-03  6.992763e-03    0.0    0.0
0.471851  1.70  0.222871    0.0  4.449719e-03  6.307261e-03    0.0    0.0
0.475247  1.70  0.214385    0.0  4.287806e-03  6.067084e-03    0.0    0.0
0.478692  1.70  0.204996    0.0  4.099124e-03  5.801381e-03    0.0    0.0
0.482188  1.70  0.197716    0.0  3.298448e-03  5.595371e-03    0.0    0.0
0.485735  1.70  0.188311    0.0  2.475125e-03  5.329198e-03    0.0    0.0
0.489334  1.70  0.181037    0.0  2.410718e-03  5.123350e-03    0.0    0.0
0.492988  1.70  0.175694    0.0  2.361512e-03  4.972143e-03    0.0    0.0
0.496696  1.70  0.167656    0.0  2.262240e-03  4.744662e-03    0.0    0.0
0.500460  1.70  0.170972    0.0  2.325058e-03  4.838510e-03    0.0    0.0
0.504282  1.70  0.164749    0.0  2.252645e-03  4.662411e-03    0.0    0.0
0.512104  1.70  0.159656    0.0  2.848202e-03  4.518251e-03    0.0    0.0
0.516106  1.70  0.157569    0.0  2.787865e-03  4.459194e-03    0.0    0.0
0.520172  1.70  0.155212    0.0  2.748514e-03  4.392500e-03    0.0    0.0
0.524302  1.70  0.165731    0.0  2.966431e-03  4.690199e-03    0.0    0.0
0.528498  1.70  0.163123    0.0  2.921866e-03  4.616367e-03    0.0    0.0
0.532762  1.70  0.169328    0.0  3.024661e-03  4.791974e-03    0.0    0.0
0.537096  1.70  0.169738    0.0  3.010293e-03  4.803594e-03    0.0    0.0
0.541500  1.70  0.180131    0.0  3.238242e-03  5.097707e-03    0.0    0.0
0.545977  1.70  0.198551    0.0  3.571951e-03  5.618985e-03    0.0    0.0
0.550529  1.70  0.211655    0.0  3.849412e-03  5.989845e-03    0.0    0.0
0.555158  1.70  0.224923    0.0  4.086316e-03  6.365310e-03    0.0    0.0
0.559865  1.70  0.221351    0.0  4.072333e-03  6.264228e-03    0.0    0.0
0.564652  1.70  0.199844    0.0  3.688464e-03  5.655580e-03    0.0    0.0
0.569522  1.70  0.187326    0.0  3.471926e-03  5.301312e-03    0.0    0.0
0.574477  1.70  0.168512    0.0  3.166214e-03  4.768895e-03    0.0    0.0
0.579519  1.70  0.146989    0.0  2.785376e-03  4.159780e-03    0.0    0.0
0.584650  1.70  0.137330    0.0  2.667799e-03  3.886436e-03    0.0    0.0
0.589873  1.70  0.126177    0.0  2.490850e-03  3.570812e-03    0.0    0.0
0.595190  1.70  0.113391    0.0  2.275282e-03  3.208962e-03    0.0    0.0
0.600603  1.70  0.112155    0.0  2.280014e-03  3.173972e-03    0.0    0.0
0.606116  1.70  0.106966    0.0  2.181984e-03  3.027132e-03    0.0    0.0
0.611731  1.70  0.104294    0.0  2.146367e-03  2.951529e-03    0.0    0.0
0.617451  1.70  0.099352    0.0  2.075595e-03  2.811660e-03    0.0    0.0
0.629218  1.70  0.098065    0.0  1.483349e-03  2.775249e-03    0.0    0.0
0.635272  1.70  0.092270    0.0  1.404119e-03  2.611249e-03    0.0    0.0
0.641443  1.70  0.089369    0.0  1.373536e-03  2.529156e-03    0.0    0.0
0.647735  1.70  0.090783    0.0  1.406185e-03  2.569171e-03    0.0    0.0
0.654152  1.70  0.083857    0.0  1.306654e-03  2.373161e-03    0.0    0.0
0.660697  1.70  0.084130    0.0  1.315773e-03  2.380875e-03    0.0    0.0
0.667374  1.70  0.082392    0.0  1.292615e-03  2.331706e-03    0.0    0.0
0.674188  1.70  0.082747    0.0  1.438764e-03  2.341752e-03    0.0    0.0
0.681142  1.70  0.083136    0.0  1.777404e-03  2.352747e-03    0.0    0.0
0.688242  1.70  0.080924    0.0  1.712930e-03  2.290147e-03    0.0    0.0
0.695491  1.70  0.090333    0.0  1.919108e-03  2.556418e-03    0.0    0.0
0.702894  1.70  0.095643    0.0  2.037741e-03  2.706709e-03    0.0    0.0
0.710457  1.70  0.110572    0.0  2.394517e-03  3.129185e-03    0.0    0.0
0.718184  1.70  0.118969    0.0  2.584054e-03  3.366831e-03    0.0    0.0
0.726081  1.70  0.133529    0.0  2.913270e-03  3.778882e-03    0.0    0.0
0.734153  1.70  0.132116    0.0  2.883236e-03  3.738894e-03    0.0    0.0
0.742407  1.70  0.132027    0.0  2.940418e-03  3.736353e-03    0.0    0.0
0.750849  1.70  0.114529    0.0  2.602250e-03  3.241168e-03    0.0    0.0
0.759485  1.70  0.088040    0.0  2.016536e-03  2.491546e-03    0.0    0.0
0.768322  1.70  0.067002    0.0  1.575435e-03  1.896149e-03    0.0    0.0
0.777367  1.70  0.046616    0.0  1.117609e-03  1.319244e-03    0.0    0.0
0.786628  1.70  0.027954    0.0  7.023243e-04  7.911024e-04    0.0    0.0
0.796112  1.70  0.017531    0.0  4.506637e-04  4.961265e-04    0.0    0.0
0.805827  1.70  0.009853    0.0  2.709917e-04  2.788384e-04    0.0    0.0
0.815782  1.70  0.005772    0.0  1.648912e-04  1.633439e-04    0.0    0.0
0.825986  1.70  0.002827    0.0  8.671822e-05  7.999935e-05    0.0    0.0
0.836450  1.70  0.001161    0.0  3.842394e-05  3.284532e-05    0.0    0.0
0.847181  1.70  0.000346    0.0  1.230861e-05  9.802223e-06    0.0    0.0
0.509358  2.10  0.210605    0.0  4.770676e-03  5.960107e-03    0.0    0.0
0.515709  2.10  0.195322    0.0  2.867982e-03  5.527624e-03    0.0    0.0
0.522220  2.10  0.179675    0.0  2.714041e-03  5.084800e-03    0.0    0.0
0.528898  2.10  0.169194    0.0  2.621808e-03  4.788185e-03    0.0    0.0
0.535748  2.10  0.159329    0.0  2.525649e-03  4.508997e-03    0.0    0.0
0.542779  2.10  0.144546    0.0  2.388009e-03  4.090640e-03    0.0    0.0
0.549996  2.10  0.140377    0.0  2.377002e-03  3.972683e-03    0.0    0.0
0.557408  2.10  0.136108    0.0  2.346744e-03  3.851856e-03    0.0    0.0
0.565023  2.10  0.137470    0.0  1.973581e-03  3.890409e-03    0.0    0.0
0.572848  2.10  0.142872    0.0  2.146576e-03  4.043286e-03    0.0    0.0
0.580894  2.10  0.142330    0.0  2.295171e-03  4.027939e-03    0.0    0.0
0.589168  2.10  0.145314    0.0  2.376979e-03  4.112378e-03    0.0    0.0
0.597682  2.10  0.162829    0.0  2.663023e-03  4.608064e-03    0.0    0.0
0.606445  2.10  0.175323    0.0  2.946394e-03  4.961632e-03    0.0    0.0
0.615469  2.10  0.162231    0.0  2.868369e-03  4.591134e-03    0.0    0.0
0.624766  2.10  0.131459    0.0  2.500412e-03  3.720287e-03    0.0    0.0
0.634347  2.10  0.108620    0.0  2.198434e-03  3.073943e-03    0.0    0.0
0.644228  2.10  0.096882    0.0  1.217592e-03  2.741756e-03    0.0    0.0
0.654421  2.10  0.088126    0.0  1.149056e-03  2.493975e-03    0.0    0.0
0.664941  2.10  0.080410    0.0  1.190451e-03  2.275608e-03    0.0    0.0
0.675806  2.10  0.076966    0.0  1.164007e-03  2.178147e-03    0.0    0.0
0.698636  2.10  0.071304    0.0  8.163712e-04  2.017901e-03    0.0    0.0
0.710639  2.10  0.068305    0.0  8.044087e-04  1.933032e-03    0.0    0.0
0.723063  2.10  0.067661    0.0  8.059928e-04  1.914794e-03    0.0    0.0
0.735928  2.10  0.072111    0.0  8.648206e-04  2.040747e-03    0.0    0.0
0.749259  2.10  0.078410    0.0  9.436911e-04  2.219012e-03    0.0    0.0
0.763082  2.10  0.089280    0.0  9.761756e-04  2.526616e-03    0.0    0.0
0.777425  2.10  0.096584    0.0  1.070825e-03  2.733325e-03    0.0    0.0
0.792317  2.10  0.083146    0.0  1.210868e-03  2.353041e-03    0.0    0.0
0.807791  2.10  0.057683    0.0  9.319048e-04  1.632425e-03    0.0    0.0
0.823882  2.10  0.026136    0.0  4.960802e-04  7.396539e-04    0.0    0.0
0.840626  2.10  0.009358    0.0  2.129703e-04  2.648210e-04    0.0    0.0
0.876243  2.10  0.000032    0.0  1.980620e-06  8.937887e-07    0.0    0.0
0.412169  2.40  0.236277    0.0  3.886406e-03  6.686628e-03    0.0    0.0
0.414272  2.40  0.236061    0.0  3.960685e-03  6.680523e-03    0.0    0.0
0.416396  2.40  0.228937    0.0  3.872782e-03  6.478914e-03    0.0    0.0
0.418543  2.40  0.225379    0.0  3.847259e-03  6.378237e-03    0.0    0.0
0.420711  2.40  0.222818    0.0  3.825131e-03  6.305744e-03    0.0    0.0
0.422903  2.40  0.220895    0.0  3.733593e-03  6.251320e-03    0.0    0.0
0.425117  2.40  0.223070    0.0  3.813197e-03  6.312875e-03    0.0    0.0
0.427354  2.40  0.225899    0.0  3.874621e-03  6.392930e-03    0.0    0.0
0.429615  2.40  0.223818    0.0  3.846643e-03  6.334038e-03    0.0    0.0
0.431901  2.40  0.220245    0.0  3.815151e-03  6.232928e-03    0.0    0.0
0.434210  2.40  0.221730    0.0  3.830016e-03  6.274970e-03    0.0    0.0
0.436545  2.40  0.222231    0.0  3.836471e-03  6.289140e-03    0.0    0.0
0.438904  2.40  0.218506    0.0  3.794750e-03  6.183720e-03    0.0    0.0
0.441290  2.40  0.222359    0.0  3.867219e-03  6.292751e-03    0.0    0.0
0.443701  2.40  0.222589    0.0  3.831903e-03  6.299266e-03    0.0    0.0
0.446139  2.40  0.216963    0.0  3.793399e-03  6.140053e-03    0.0    0.0
0.448604  2.40  0.212559    0.0  3.741138e-03  6.015425e-03    0.0    0.0
0.451096  2.40  0.214328    0.0  3.753138e-03  6.065477e-03    0.0    0.0
0.453616  2.40  0.210150    0.0  2.765615e-03  5.947242e-03    0.0    0.0
0.456165  2.40  0.205834    0.0  2.574826e-03  5.825088e-03    0.0    0.0
0.458742  2.40  0.201927    0.0  2.564212e-03  5.714523e-03    0.0    0.0
0.461349  2.40  0.204315    0.0  2.590655e-03  5.782106e-03    0.0    0.0
0.463985  2.40  0.199262    0.0  2.550861e-03  5.639117e-03    0.0    0.0
0.466652  2.40  0.196498    0.0  2.532511e-03  5.560905e-03    0.0    0.0
0.472078  2.40  0.174991    0.0  3.185585e-03  4.952248e-03    0.0    0.0
0.474838  2.40  0.178382    0.0  3.256205e-03  5.048225e-03    0.0    0.0
0.477632  2.40  0.179380    0.0  3.278639e-03  5.076460e-03    0.0    0.0
0.480458  2.40  0.176082    0.0  3.219851e-03  4.983112e-03    0.0    0.0
0.483318  2.40  0.176634    0.0  3.238574e-03  4.998739e-03    0.0    0.0
0.486212  2.40  0.172725    0.0  3.186967e-03  4.888109e-03    0.0    0.0
0.489141  2.40  0.168373    0.0  3.118322e-03  4.764945e-03    0.0    0.0
0.492106  2.40  0.175640    0.0  3.234054e-03  4.970612e-03    0.0    0.0
0.495106  2.40  0.168597    0.0  3.140663e-03  4.771292e-03    0.0    0.0
0.498144  2.40  0.161178    0.0  3.016256e-03  4.561343e-03    0.0    0.0
0.501219  2.40  0.158853    0.0  2.972277e-03  4.495546e-03    0.0    0.0
0.504332  2.40  0.163873    0.0  3.089492e-03  4.637617e-03    0.0    0.0
0.507484  2.40  0.155736    0.0  2.963285e-03  4.407343e-03    0.0    0.0
0.510676  2.40  0.160682    0.0  3.026162e-03  4.547306e-03    0.0    0.0
0.513908  2.40  0.162844    0.0  3.059191e-03  4.608482e-03    0.0    0.0
0.517181  2.40  0.159308    0.0  3.025954e-03  4.508405e-03    0.0    0.0
0.520497  2.40  0.166575    0.0  3.165832e-03  4.714073e-03    0.0    0.0
0.523855  2.40  0.167076    0.0  3.199505e-03  4.728248e-03    0.0    0.0
0.527256  2.40  0.170284    0.0  3.252844e-03  4.819023e-03    0.0    0.0
0.530703  2.40  0.166188    0.0  3.255569e-03  4.703120e-03    0.0    0.0
0.534194  2.40  0.178825    0.0  3.773673e-03  5.060739e-03    0.0    0.0
0.544950  2.40  0.199203    0.0  5.136921e-03  5.637456e-03    0.0    0.0
0.548632  2.40  0.183245    0.0  3.276690e-03  5.185825e-03    0.0    0.0
0.552364  2.40  0.171096    0.0  3.136343e-03  4.842017e-03    0.0    0.0
0.556148  2.40  0.158597    0.0  2.935264e-03  4.488298e-03    0.0    0.0
0.559983  2.40  0.149415    0.0  2.797303e-03  4.228456e-03    0.0    0.0
0.563872  2.40  0.141442    0.0  2.674127e-03  4.002800e-03    0.0    0.0
0.567815  2.40  0.129754    0.0  2.493009e-03  3.672027e-03    0.0    0.0
0.571814  2.40  0.128319    0.0  2.473097e-03  3.631428e-03    0.0    0.0
0.575869  2.40  0.121389    0.0  2.325831e-03  3.435297e-03    0.0    0.0
0.579983  2.40  0.123772    0.0  2.391751e-03  3.502733e-03    0.0    0.0
0.584155  2.40  0.124201    0.0  2.425903e-03  3.514897e-03    0.0    0.0
0.588388  2.40  0.115141    0.0  2.279749e-03  3.258485e-03    0.0    0.0
0.592683  2.40  0.119499    0.0  2.340063e-03  3.381827e-03    0.0    0.0
0.597042  2.40  0.114985    0.0  2.290453e-03  3.254076e-03    0.0    0.0
0.601464  2.40  0.117957    0.0  2.318207e-03  3.338194e-03    0.0    0.0
0.605953  2.40  0.109991    0.0  2.178222e-03  3.112748e-03    0.0    0.0
0.610509  2.40  0.112883    0.0  2.240715e-03  3.194586e-03    0.0    0.0
0.615134  2.40  0.111228    0.0  2.229639e-03  3.147744e-03    0.0    0.0
0.619830  2.40  0.118402    0.0  2.359062e-03  3.350774e-03    0.0    0.0
0.624598  2.40  0.123039    0.0  2.471152e-03  3.481992e-03    0.0    0.0
0.629439  2.40  0.133658    0.0  2.671725e-03  3.782530e-03    0.0    0.0
0.634357  2.40  0.145887    0.0  2.940486e-03  4.128588e-03    0.0    0.0
0.639352  2.40  0.150187    0.0  3.088078e-03  4.250284e-03    0.0    0.0
0.644426  2.40  0.148551    0.0  3.078930e-03  4.203979e-03    0.0    0.0
0.649582  2.40  0.135710    0.0  2.850328e-03  3.840599e-03    0.0    0.0
0.654820  2.40  0.121701    0.0  2.576034e-03  3.444127e-03    0.0    0.0
0.660144  2.40  0.103088    0.0  2.233970e-03  2.917390e-03    0.0    0.0
0.665555  2.40  0.096883    0.0  2.123874e-03  2.741780e-03    0.0    0.0
0.671056  2.40  0.088125    0.0  1.380061e-03  2.493941e-03    0.0    0.0
0.676648  2.40  0.078844    0.0  1.181702e-03  2.231282e-03    0.0    0.0
0.682334  2.40  0.075639    0.0  1.158349e-03  2.140587e-03    0.0    0.0
0.688117  2.40  0.071379    0.0  1.109881e-03  2.020017e-03    0.0    0.0
0.693998  2.40  0.067315    0.0  1.063320e-03  1.905003e-03    0.0    0.0
0.699981  2.40  0.064111    0.0  1.138446e-03  1.814328e-03    0.0    0.0
0.706068  2.40  0.062443    0.0  1.270119e-03  1.767126e-03    0.0    0.0
0.712262  2.40  0.059873    0.0  1.232022e-03  1.694406e-03    0.0    0.0
0.718565  2.40  0.056048    0.0  1.149262e-03  1.586157e-03    0.0    0.0
0.724981  2.40  0.054858    0.0  9.526624e-04  1.552477e-03    0.0    0.0
0.731513  2.40  0.054417    0.0  8.961231e-04  1.539997e-03    0.0    0.0
0.738163  2.40  0.053457    0.0  8.921846e-04  1.512838e-03    0.0    0.0
0.744935  2.40  0.052018    0.0  8.803562e-04  1.472116e-03    0.0    0.0
0.751833  2.40  0.052291    0.0  8.893154e-04  1.479840e-03    0.0    0.0
0.758859  2.40  0.053981    0.0  9.192607e-04  1.527655e-03    0.0    0.0
0.766018  2.40  0.056699    0.0  9.833589e-04  1.604579e-03    0.0    0.0
0.773314  2.40  0.061458    0.0  1.074269e-03  1.739249e-03    0.0    0.0
0.780750  2.40  0.066703    0.0  1.173381e-03  1.887685e-03    0.0    0.0
0.788330  2.40  0.072570    0.0  1.225401e-03  2.053737e-03    0.0    0.0
0.796059  2.40  0.073613    0.0  8.926538e-04  2.083261e-03    0.0    0.0
0.803941  2.40  0.071749    0.0  8.859460e-04  2.030503e-03    0.0    0.0
0.811980  2.40  0.060581    0.0  7.686605e-04  1.714449e-03    0.0    0.0
0.820182  2.40  0.042996    0.0  5.546605e-04  1.216779e-03    0.0    0.0
0.828552  2.40  0.029626    0.0  3.919918e-04  8.384266e-04    0.0    0.0
0.837094  2.40  0.018462    0.0  2.516679e-04  5.224610e-04    0.0    0.0
0.845813  2.40  0.011011    0.0  1.556220e-04  3.116031e-04    0.0    0.0
0.854717  2.40  0.006293    0.0  9.304043e-05  1.781014e-04    0.0    0.0
0.863810  2.40  0.003089    0.0  4.784786e-05  8.741946e-05    0.0    0.0
0.873098  2.40  0.001568    0.0  2.549112e-05  4.436625e-05    0.0    0.0
0.882589  2.40  0.000505    0.0  8.995914e-06  1.427835e-05    0.0    0.0
0.480887  3.30  0.184290    0.0  2.961940e-03  5.215410e-03    0.0    0.0
0.483537  3.30  0.178370    0.0  2.925501e-03  5.047871e-03    0.0    0.0
0.486216  3.30  0.175478    0.0  2.907214e-03  4.966016e-03    0.0    0.0
0.488925  3.30  0.173695    0.0  2.893418e-03  4.915557e-03    0.0    0.0
0.491665  3.30  0.172112    0.0  2.859121e-03  4.870781e-03    0.0    0.0
0.494436  3.30  0.174648    0.0  2.941903e-03  4.942536e-03    0.0    0.0
0.497237  3.30  0.171100    0.0  2.879892e-03  4.842122e-03    0.0    0.0
0.500071  3.30  0.163456    0.0  2.819444e-03  4.625802e-03    0.0    0.0
0.502938  3.30  0.171234    0.0  2.911097e-03  4.845931e-03    0.0    0.0
0.505837  3.30  0.174894    0.0  2.976639e-03  4.949497e-03    0.0    0.0
0.508770  3.30  0.170815    0.0  2.933445e-03  4.834073e-03    0.0    0.0
0.511737  3.30  0.163622    0.0  2.849626e-03  4.630514e-03    0.0    0.0
0.514739  3.30  0.165607    0.0  2.799889e-03  4.686681e-03    0.0    0.0
0.517776  3.30  0.163756    0.0  1.985020e-03  4.634283e-03    0.0    0.0
0.520850  3.30  0.156523    0.0  1.936255e-03  4.429595e-03    0.0    0.0
0.523960  3.30  0.160641    0.0  1.986913e-03  4.546149e-03    0.0    0.0
0.527108  3.30  0.153607    0.0  1.934691e-03  4.347087e-03    0.0    0.0
0.530293  3.30  0.152967    0.0  1.929042e-03  4.328972e-03    0.0    0.0
0.536782  3.30  0.154597    0.0  2.675999e-03  4.375106e-03    0.0    0.0
0.540086  3.30  0.145175    0.0  2.541445e-03  4.108455e-03    0.0    0.0
0.543431  3.30  0.150352    0.0  2.635322e-03  4.254959e-03    0.0    0.0
0.546817  3.30  0.146604    0.0  2.579967e-03  4.148882e-03    0.0    0.0
0.550246  3.30  0.141366    0.0  2.541380e-03  4.000649e-03    0.0    0.0
0.553719  3.30  0.140243    0.0  2.528862e-03  3.968891e-03    0.0    0.0
0.557235  3.30  0.140382    0.0  2.534864e-03  3.972825e-03    0.0    0.0
0.560797  3.30  0.133993    0.0  2.456632e-03  3.792002e-03    0.0    0.0
0.564404  3.30  0.134754    0.0  1.952896e-03  3.813547e-03    0.0    0.0
0.568058  3.30  0.130152    0.0  1.650242e-03  3.683293e-03    0.0    0.0
0.571759  3.30  0.124158    0.0  1.609557e-03  3.513674e-03    0.0    0.0
0.575509  3.30  0.126321    0.0  1.632831e-03  3.574887e-03    0.0    0.0
0.579309  3.30  0.123345    0.0  1.617290e-03  3.490652e-03    0.0    0.0
0.583159  3.30  0.121807    0.0  1.603697e-03  3.447141e-03    0.0    0.0
0.587061  3.30  0.119377    0.0  1.948709e-03  3.378361e-03    0.0    0.0
0.591015  3.30  0.121058    0.0  2.152890e-03  3.425936e-03    0.0    0.0
0.595023  3.30  0.119237    0.0  2.120537e-03  3.374413e-03    0.0    0.0
0.599086  3.30  0.117504    0.0  2.108159e-03  3.325363e-03    0.0    0.0
0.603204  3.30  0.124540    0.0  2.231681e-03  3.524488e-03    0.0    0.0
0.607379  3.30  0.127607    0.0  2.297820e-03  3.611275e-03    0.0    0.0
0.611613  3.30  0.133944    0.0  2.423443e-03  3.790621e-03    0.0    0.0
0.615906  3.30  0.131028    0.0  2.398984e-03  3.708081e-03    0.0    0.0
0.620260  3.30  0.128224    0.0  2.369631e-03  3.628751e-03    0.0    0.0
0.624676  3.30  0.122870    0.0  2.287367e-03  3.477210e-03    0.0    0.0
0.629155  3.30  0.114257    0.0  2.151914e-03  3.233470e-03    0.0    0.0
0.633699  3.30  0.104815    0.0  2.011908e-03  2.966276e-03    0.0    0.0
0.642986  3.30  0.092131    0.0  1.222967e-03  2.607298e-03    0.0    0.0
0.647733  3.30  0.089424    0.0  1.215415e-03  2.530705e-03    0.0    0.0
0.652550  3.30  0.084186    0.0  1.159058e-03  2.382475e-03    0.0    0.0
0.657439  3.30  0.082710    0.0  1.153473e-03  2.340698e-03    0.0    0.0
0.662402  3.30  0.079380    0.0  1.195900e-03  2.246442e-03    0.0    0.0
0.667441  3.30  0.077555    0.0  1.427881e-03  2.194802e-03    0.0    0.0
0.672557  3.30  0.074266    0.0  1.366844e-03  2.101720e-03    0.0    0.0
0.677752  3.30  0.076904    0.0  1.439546e-03  2.176388e-03    0.0    0.0
0.683027  3.30  0.073542    0.0  1.376388e-03  2.081243e-03    0.0    0.0
0.688386  3.30  0.071768    0.0  1.347626e-03  2.031028e-03    0.0    0.0
0.693829  3.30  0.072878    0.0  1.391295e-03  2.062434e-03    0.0    0.0
0.699360  3.30  0.082338    0.0  1.566258e-03  2.330171e-03    0.0    0.0
0.704978  3.30  0.090111    0.0  1.735742e-03  2.550134e-03    0.0    0.0
0.710688  3.30  0.095733    0.0  1.887881e-03  2.709239e-03    0.0    0.0
0.716491  3.30  0.091508    0.0  1.827471e-03  2.589669e-03    0.0    0.0
0.722390  3.30  0.084904    0.0  1.713103e-03  2.402788e-03    0.0    0.0
0.728387  3.30  0.069768    0.0  1.440962e-03  1.974438e-03    0.0    0.0
0.734484  3.30  0.059606    0.0  1.266532e-03  1.686852e-03    0.0    0.0
0.740684  3.30  0.051063    0.0  1.126395e-03  1.445089e-03    0.0    0.0
0.753404  3.30  0.045529    0.0  6.059571e-04  1.288460e-03    0.0    0.0
0.759929  3.30  0.041822    0.0  5.706421e-04  1.183551e-03    0.0    0.0
0.766568  3.30  0.041208    0.0  5.711296e-04  1.166193e-03    0.0    0.0
0.773324  3.30  0.031360    0.0  4.470143e-04  8.874744e-04    0.0    0.0
0.780200  3.30  0.029872    0.0  4.314616e-04  8.453773e-04    0.0    0.0
0.787199  3.30  0.029220    0.0  4.294627e-04  8.269152e-04    0.0    0.0
0.801582  3.30  0.025465    0.0  4.485377e-04  7.206493e-04    0.0    0.0
0.808972  3.30  0.028421    0.0  4.933409e-04  8.043072e-04    0.0    0.0
0.816500  3.30  0.030067    0.0  5.158483e-04  8.508853e-04    0.0    0.0
0.824170  3.30  0.031964    0.0  5.524182e-04  9.045798e-04    0.0    0.0
0.831984  3.30  0.037146    0.0  6.489384e-04  1.051240e-03    0.0    0.0
0.839948  3.30  0.038013    0.0  6.895225e-04  1.075767e-03    0.0    0.0
0.848067  3.30  0.039148    0.0  7.285784e-04  1.107899e-03    0.0    0.0
0.856343  3.30  0.029673    0.0  5.918349e-04  8.397465e-04    0.0    0.0
0.864783  3.30  0.018416    0.0  3.980682e-04  5.211799e-04    0.0    0.0
0.873391  3.30  0.009772    0.0  2.351983e-04  2.765418e-04    0.0    0.0
0.882172  3.30  0.006610    0.0  1.750183e-04  1.870723e-04    0.0    0.0
0.891131  3.30  0.003258    0.0  9.423999e-05  9.218742e-05    0.0    0.0
0.900275  3.30  0.001528    0.0  4.898876e-05  4.323816e-05    0.0    0.0
0.909607  3.30  0.000458    0.0  1.693766e-05  1.295525e-05    0.0    0.0
0.441138  3.00  0.226431    0.0  5.490567e-03  6.407983e-03    0.0    0.0
0.444101  3.00  0.227749    0.0  4.948858e-03  6.445302e-03    0.0    0.0
0.447103  3.00  0.215186    0.0  4.610176e-03  6.089775e-03    0.0    0.0
0.450147  3.00  0.214311    0.0  4.529551e-03  6.065001e-03    0.0    0.0
0.453232  3.00  0.211316    0.0  4.390516e-03  5.980251e-03    0.0    0.0
0.456359  3.00  0.202050    0.0  4.149937e-03  5.718018e-03    0.0    0.0
0.459530  3.00  0.199407    0.0  4.057505e-03  5.643221e-03    0.0    0.0
0.462746  3.00  0.195822    0.0  3.953486e-03  5.541760e-03    0.0    0.0
0.466006  3.00  0.190109    0.0  3.816675e-03  5.380088e-03    0.0    0.0
0.469313  3.00  0.193953    0.0  3.876675e-03  5.488861e-03    0.0    0.0
0.472668  3.00  0.186966    0.0  3.763284e-03  5.291126e-03    0.0    0.0
0.476070  3.00  0.186935    0.0  3.770544e-03  5.290266e-03    0.0    0.0
0.479522  3.00  0.173245    0.0  3.527490e-03  4.902836e-03    0.0    0.0
0.483025  3.00  0.177689    0.0  3.625095e-03  5.028590e-03    0.0    0.0
0.486579  3.00  0.178930    0.0  3.687640e-03  5.063730e-03    0.0    0.0
0.490185  3.00  0.177308    0.0  3.678710e-03  5.017816e-03    0.0    0.0
0.493845  3.00  0.176111    0.0  3.698841e-03  4.983953e-03    0.0    0.0
0.497561  3.00  0.179979    0.0  3.871247e-03  5.093397e-03    0.0    0.0
0.501333  3.00  0.177455    0.0  3.883589e-03  5.021982e-03    0.0    0.0
0.505162  3.00  0.180937    0.0  3.983667e-03  5.120528e-03    0.0    0.0
0.509051  3.00  0.176059    0.0  3.672207e-03  4.982478e-03    0.0    0.0
0.513000  3.00  0.173653    0.0  3.054842e-03  4.914383e-03    0.0    0.0
0.517010  3.00  0.168373    0.0  2.910727e-03  4.764942e-03    0.0    0.0
0.521084  3.00  0.165557    0.0  2.826740e-03  4.685257e-03    0.0    0.0
0.525222  3.00  0.166087    0.0  2.839558e-03  4.700273e-03    0.0    0.0
0.529427  3.00  0.154506    0.0  2.664994e-03  4.372523e-03    0.0    0.0
0.533699  3.00  0.157244    0.0  2.684370e-03  4.450014e-03    0.0    0.0
0.538042  3.00  0.148744    0.0  2.580743e-03  4.209467e-03    0.0    0.0
0.542455  3.00  0.146626    0.0  3.119191e-03  4.149513e-03    0.0    0.0
0.546941  3.00  0.137231    0.0  2.930849e-03  3.883646e-03    0.0    0.0
0.551502  3.00  0.134065    0.0  2.854870e-03  3.794048e-03    0.0    0.0
0.556140  3.00  0.132928    0.0  2.848879e-03  3.761857e-03    0.0    0.0
0.560857  3.00  0.130456    0.0  2.771396e-03  3.691891e-03    0.0    0.0
0.565654  3.00  0.131213    0.0  2.823882e-03  3.713328e-03    0.0    0.0
0.570534  3.00  0.136907    0.0  2.918354e-03  3.874457e-03    0.0    0.0
0.575499  3.00  0.129336    0.0  2.780308e-03  3.660217e-03    0.0    0.0
0.580551  3.00  0.132073    0.0  2.889681e-03  3.737669e-03    0.0    0.0
0.585692  3.00  0.146976    0.0  3.181746e-03  4.159426e-03    0.0    0.0
0.590926  3.00  0.153714    0.0  3.379051e-03  4.350106e-03    0.0    0.0
0.596253  3.00  0.142019    0.0  3.227063e-03  4.019141e-03    0.0    0.0
0.601678  3.00  0.132481    0.0  3.053369e-03  3.749212e-03    0.0    0.0
0.607202  3.00  0.127962    0.0  3.020647e-03  3.621310e-03    0.0    0.0
0.612829  3.00  0.124154    0.0  2.937981e-03  3.513561e-03    0.0    0.0
0.618561  3.00  0.115441    0.0  2.780161e-03  3.266989e-03    0.0    0.0
0.624401  3.00  0.109263    0.0  2.734187e-03  3.092146e-03    0.0    0.0
0.636419  3.00  0.098399    0.0  1.410336e-03  2.784685e-03    0.0    0.0
0.642603  3.00  0.092462    0.0  1.316152e-03  2.616685e-03    0.0    0.0
0.648908  3.00  0.085997    0.0  1.233297e-03  2.433717e-03    0.0    0.0
0.655339  3.00  0.085325    0.0  1.207961e-03  2.414701e-03    0.0    0.0
0.661898  3.00  0.085439    0.0  1.202948e-03  2.417914e-03    0.0    0.0
0.668589  3.00  0.085828    0.0  1.226363e-03  2.428934e-03    0.0    0.0
0.675418  3.00  0.087875    0.0  1.250547e-03  2.486874e-03    0.0    0.0
0.682387  3.00  0.100457    0.0  1.414622e-03  2.842939e-03    0.0    0.0
0.689502  3.00  0.112943    0.0  1.635455e-03  3.196290e-03    0.0    0.0
0.696766  3.00  0.113523    0.0  1.775665e-03  3.212712e-03    0.0    0.0
0.704185  3.00  0.099463    0.0  1.559457e-03  2.814807e-03    0.0    0.0
0.711764  3.00  0.083741    0.0  1.321898e-03  2.369865e-03    0.0    0.0
0.719508  3.00  0.066999    0.0  1.071558e-03  1.896085e-03    0.0    0.0
0.727422  3.00  0.063231    0.0  1.011901e-03  1.789432e-03    0.0    0.0
0.735512  3.00  0.052206    0.0  8.663688e-04  1.477428e-03    0.0    0.0
0.743785  3.00  0.047836    0.0  8.035232e-04  1.353753e-03    0.0    0.0
0.752245  3.00  0.045429    0.0  7.738538e-04  1.285651e-03    0.0    0.0
0.760900  3.00  0.041839    0.0  7.429961e-04  1.184043e-03    0.0    0.0
0.769757  3.00  0.039418    0.0  6.999094e-04  1.115532e-03    0.0    0.0
0.778822  3.00  0.036841    0.0  6.829180e-04  1.042597e-03    0.0    0.0
0.788103  3.00  0.033231    0.0  6.437412e-04  9.404356e-04    0.0    0.0
0.797608  3.00  0.032594    0.0  6.555399e-04  9.224102e-04    0.0    0.0
0.807345  3.00  0.036523    0.0  7.449939e-04  1.033596e-03    0.0    0.0
0.817323  3.00  0.035214    0.0  7.553647e-04  9.965689e-04    0.0    0.0
0.827550  3.00  0.035990    0.0  8.011757e-04  1.018514e-03    0.0    0.0
0.838037  3.00  0.035206    0.0  8.166847e-04  9.963383e-04    0.0    0.0
0.848793  3.00  0.023374    0.0  5.698219e-04  6.614848e-04    0.0    0.0
0.859829  3.00  0.013161    0.0  3.415903e-04  3.724464e-04    0.0    0.0
0.871155  3.00  0.006780    0.0  1.840237e-04  1.918876e-04    0.0    0.0
0.882784  3.00  0.003114    0.0  9.159603e-05  8.811313e-05    0.0    0.0
0.894728  3.00  0.001187    0.0  3.685781e-05  3.359680e-05    0.0    0.0
0.906999  3.00  0.000137    0.0  4.641005e-06  3.871525e-06    0.0    0.0
0.214734  0.85  0.326817    0.0  6.675003e-03  9.248930e-03    0.0    0.0
0.216114  0.85  0.308571    0.0  6.204638e-03  8.732554e-03    0.0    0.0
0.217511  0.85  0.314489    0.0  6.290318e-03  8.900036e-03    0.0    0.0
0.218927  0.85  0.300756    0.0  5.898145e-03  8.511389e-03    0.0    0.0
0.220361  0.85  0.305179    0.0  5.996647e-03  8.636574e-03    0.0    0.0
0.221815  0.85  0.296731    0.0  5.823181e-03  8.397496e-03    0.0    0.0
0.223287  0.85  0.305598    0.0  6.009964e-03  8.648421e-03    0.0    0.0
0.224780  0.85  0.299119    0.0  5.891539e-03  8.465065e-03    0.0    0.0
0.226292  0.85  0.297202    0.0  5.976823e-03  8.410808e-03    0.0    0.0
0.227825  0.85  0.299472    0.0  6.082222e-03  8.475058e-03    0.0    0.0
0.229379  0.85  0.302681    0.0  6.175449e-03  8.565861e-03    0.0    0.0
0.230954  0.85  0.307549    0.0  6.311410e-03  8.703625e-03    0.0    0.0
0.232550  0.85  0.296243    0.0  6.185202e-03  8.383677e-03    0.0    0.0
0.234170  0.85  0.309574    0.0  5.819240e-03  8.760939e-03    0.0    0.0
0.235811  0.85  0.294643    0.0  4.715412e-03  8.338388e-03    0.0    0.0
0.237476  0.85  0.293963    0.0  4.639124e-03  8.319159e-03    0.0    0.0
0.239165  0.85  0.298871    0.0  4.780879e-03  8.458046e-03    0.0    0.0
0.240878  0.85  0.281493    0.0  4.476693e-03  7.966249e-03    0.0    0.0
0.242615  0.85  0.288950    0.0  4.597400e-03  8.177271e-03    0.0    0.0
0.246167  0.85  0.282798    0.0  6.573521e-03  8.003183e-03    0.0    0.0
0.247982  0.85  0.279360    0.0  6.532452e-03  7.905882e-03    0.0    0.0
0.249824  0.85  0.275323    0.0  6.464286e-03  7.791644e-03    0.0    0.0
0.251693  0.85  0.281432    0.0  6.677525e-03  7.964540e-03    0.0    0.0
0.253591  0.85  0.277542    0.0  6.632885e-03  7.854441e-03    0.0    0.0
0.255518  0.85  0.277099    0.0  6.683309e-03  7.841893e-03    0.0    0.0
0.257474  0.85  0.274396    0.0  6.698894e-03  7.765415e-03    0.0    0.0
0.259460  0.85  0.267353    0.0  6.608734e-03  7.566087e-03    0.0    0.0
0.261477  0.85  0.262183    0.0  6.577498e-03  7.419787e-03    0.0    0.0
0.263526  0.85  0.281471    0.0  6.903325e-03  7.965621e-03    0.0    0.0
0.265607  0.85  0.285223    0.0  5.699143e-03  8.071817e-03    0.0    0.0
0.267721  0.85  0.287709    0.0  5.212734e-03  8.142176e-03    0.0    0.0
0.269869  0.85  0.279920    0.0  5.077140e-03  7.921739e-03    0.0    0.0
0.272052  0.85  0.280226    0.0  5.086678e-03  7.930399e-03    0.0    0.0
0.274270  0.85  0.278102    0.0  4.993106e-03  7.870289e-03    0.0    0.0
0.276525  0.85  0.279204    0.0  4.968237e-03  7.901482e-03    0.0    0.0
0.278818  0.85  0.281031    0.0  5.017283e-03  7.953169e-03    0.0    0.0
0.283519  0.85  0.278572    0.0  6.852810e-03  7.883593e-03    0.0    0.0
0.285929  0.85  0.294211    0.0  7.164795e-03  8.326180e-03    0.0    0.0
0.288380  0.85  0.307618    0.0  7.502483e-03  8.705589e-03    0.0    0.0
0.290874  0.85  0.298375    0.0  7.343474e-03  8.444018e-03    0.0    0.0
0.293412  0.85  0.321802    0.0  7.945362e-03  9.106997e-03    0.0    0.0
0.295994  0.85  0.344415    0.0  8.471532e-03  9.746936e-03    0.0    0.0
0.298622  0.85  0.363447    0.0  8.637744e-03  1.028556e-02    0.0    0.0
0.301297  0.85  0.375384    0.0  6.911770e-03  1.062338e-02    0.0    0.0
0.304021  0.85  0.352685    0.0  6.478025e-03  9.981000e-03    0.0    0.0
0.306794  0.85  0.341695    0.0  6.239444e-03  9.669980e-03    0.0    0.0
0.309618  0.85  0.327234    0.0  6.004582e-03  9.260719e-03    0.0    0.0
0.312495  0.85  0.301710    0.0  5.522225e-03  8.538399e-03    0.0    0.0
0.315426  0.85  0.285835    0.0  5.243719e-03  8.089136e-03    0.0    0.0
0.318412  0.85  0.262737    0.0  4.802969e-03  7.435446e-03    0.0    0.0
0.321455  0.85  0.263715    0.0  4.903088e-03  7.463129e-03    0.0    0.0
0.324557  0.85  0.251032    0.0  4.660142e-03  7.104191e-03    0.0    0.0
0.327719  0.85  0.244824    0.0  4.584052e-03  6.928519e-03    0.0    0.0
0.330944  0.85  0.238440    0.0  4.506688e-03  6.747841e-03    0.0    0.0
0.334233  0.85  0.239512    0.0  4.541220e-03  6.778178e-03    0.0    0.0
0.337587  0.85  0.229141    0.0  4.396137e-03  6.484699e-03    0.0    0.0
0.341010  0.85  0.239267    0.0  4.559315e-03  6.771270e-03    0.0    0.0
0.344503  0.85  0.238135    0.0  5.188716e-03  6.739232e-03    0.0    0.0
0.348068  0.85  0.237428    0.0  6.258659e-03  6.719212e-03    0.0    0.0
0.351708  0.85  0.233379    0.0  5.185603e-03  6.604629e-03    0.0    0.0
0.355425  0.85  0.245214    0.0  4.744088e-03  6.939562e-03    0.0    0.0
0.359221  0.85  0.248073    0.0  4.725958e-03  7.020472e-03    0.0    0.0
0.363099  0.85  0.270206    0.0  5.113196e-03  7.646830e-03    0.0    0.0
0.367061  0.85  0.283223    0.0  5.314208e-03  8.015219e-03    0.0    0.0
0.371112  0.85  0.298948    0.0  5.611796e-03  8.460226e-03    0.0    0.0
0.375252  0.85  0.338521    0.0  6.282724e-03  9.580150e-03    0.0    0.0
0.379486  0.85  0.350178    0.0  6.462748e-03  9.910026e-03    0.0    0.0
0.383817  0.85  0.362357    0.0  6.631170e-03  1.025471e-02    0.0    0.0
0.388247  0.85  0.349721    0.0  6.550603e-03  9.897093e-03    0.0    0.0
0.392781  0.85  0.299254    0.0  5.619846e-03  8.468891e-03    0.0    0.0
0.397422  0.85  0.267127    0.0  5.074839e-03  7.559683e-03    0.0    0.0
0.402175  0.85  0.237308    0.0  4.557822e-03  6.715811e-03    0.0    0.0
0.407042  0.85  0.211369    0.0  4.123721e-03  5.981757e-03    0.0    0.0
0.412028  0.85  0.194663    0.0  3.866245e-03  5.508971e-03    0.0    0.0
0.417139  0.85  0.182527    0.0  3.639995e-03  5.165511e-03    0.0    0.0
0.422377  0.85  0.174262    0.0  3.539833e-03  4.931617e-03    0.0    0.0
0.427749  0.85  0.167418    0.0  3.781586e-03  4.737938e-03    0.0    0.0
0.433259  0.85  0.152514    0.0  4.227679e-03  4.316135e-03    0.0    0.0
0.438913  0.85  0.149627    0.0  4.522036e-03  4.234447e-03    0.0    0.0
0.444716  0.85  0.152769    0.0  3.153373e-03  4.323360e-03    0.0    0.0
0.450675  0.85  0.147564    0.0  3.044790e-03  4.176053e-03    0.0    0.0
0.456796  0.85  0.144594    0.0  2.946335e-03  4.092024e-03    0.0    0.0
0.463085  0.85  0.146241    0.0  2.991085e-03  4.138634e-03    0.0    0.0
0.469550  0.85  0.142691    0.0  2.894391e-03  4.038158e-03    0.0    0.0
0.476199  0.85  0.147142    0.0  2.966455e-03  4.164116e-03    0.0    0.0
0.483038  0.85  0.141057    0.0  2.856580e-03  3.991924e-03    0.0    0.0
0.490076  0.85  0.141506    0.0  2.832366e-03  4.004617e-03    0.0    0.0
0.497323  0.85  0.144779    0.0  2.865345e-03  4.097251e-03    0.0    0.0
0.504787  0.85  0.146483    0.0  2.867462e-03  4.145463e-03    0.0    0.0
0.512478  0.85  0.163335    0.0  3.224123e-03  4.622378e-03    0.0    0.0
0.520408  0.85  0.163716    0.0  3.173501e-03  4.633154e-03    0.0    0.0
0.528586  0.85  0.172270    0.0  3.344258e-03  4.875241e-03    0.0    0.0
0.537026  0.85  0.185778    0.0  3.601727e-03  5.257515e-03    0.0    0.0
0.545740  0.85  0.210987    0.0  4.096545e-03  5.970929e-03    0.0    0.0
0.554741  0.85  0.225033    0.0  4.378880e-03  6.368437e-03    0.0    0.0
0.564044  0.85  0.259355    0.0  5.047598e-03  7.339749e-03    0.0    0.0
0.573665  0.85  0.284601    0.0  5.500067e-03  8.054205e-03    0.0    0.0
0.583619  0.85  0.285092    0.0  5.606582e-03  8.068095e-03    0.0    0.0
0.593925  0.85  0.286455    0.0  5.700180e-03  8.106668e-03    0.0    0.0
0.615669  0.85  0.188139    0.0  5.153492e-03  5.324325e-03    0.0    0.0
0.627149  0.85  0.129538    0.0  3.567562e-03  3.665923e-03    0.0    0.0
0.639065  0.85  0.080674    0.0  2.274822e-03  2.283068e-03    0.0    0.0
0.651443  0.85  0.049292    0.0  1.412975e-03  1.394952e-03    0.0    0.0
0.664310  0.85  0.027503    0.0  8.344042e-04  7.783425e-04    0.0    0.0
0.677695  0.85  0.016448    0.0  5.080746e-04  4.654824e-04    0.0    0.0
0.691631  0.85  0.007766    0.0  2.522851e-04  2.197835e-04    0.0    0.0
0.706152  0.85  0.003127    0.0  1.111175e-04  8.850347e-05    0.0    0.0
0.721296  0.85  0.001169    0.0  4.422230e-05  3.307271e-05    0.0    0.0
0.737104  0.85  0.000249    0.0  1.065169e-05  7.054103e-06    0.0    0.0