nmc,sig,dp target
converted from 10021.xlsx
*
 0.0000  5
x     Q2      F2  Ebeam    stat   sys_tot  sys_u  dvx  dsm  drc   de  dep
0.0015   0.16  0.9815    0.0  0.0203  1.104536    0.0  0.1  0.0  1.1  0.0  0.0
0.0015   0.25  1.0030    0.0  0.0212  1.311488    0.0  0.1  0.0  1.3  0.1  0.1
0.0015   0.35  0.9675    0.0  0.0205  1.118034    0.0  0.2  0.0  1.1  0.0  0.0
0.0015   0.45  1.0330    0.0  0.0258  1.902630    0.0  0.1  0.0  1.9  0.0  0.0
0.0015   0.60  0.9912    0.0  0.0176  1.204159    0.0  0.1  0.0  1.2  0.0  0.0
0.0030   0.17  1.0080    0.0  0.0277  0.721110    0.0  0.1  0.0  0.7  0.1  0.1
0.0030   0.25  0.9824    0.0  0.0171  0.509902    0.0  0.1  0.0  0.5  0.0  0.0
0.0030   0.35  0.9825    0.0  0.0137  1.118034    0.0  0.2  0.0  1.1  0.0  0.0
0.0030   0.45  0.9736    0.0  0.0129  1.019804    0.0  0.2  0.0  1.0  0.0  0.0
0.0030   0.63  0.9704    0.0  0.0118  0.632456    0.0  0.2  0.0  0.6  0.0  0.0
0.0030   0.88  0.9921    0.0  0.0108  0.707107    0.0  0.1  0.0  0.7  0.0  0.0
0.0030   1.12  0.9959    0.0  0.0116  0.806226    0.0  0.1  0.0  0.8  0.0  0.0
0.0050   0.16  1.0050    0.0  0.0615  0.282843    0.0  0.2  0.0  0.2  0.0  0.0
0.0050   0.25  1.0000    0.0  0.0250  0.346410    0.0  0.1  0.0  0.3 -0.1 -0.1
0.0050   0.35  1.0140    0.0  0.0208  0.469042    0.0  0.2  0.0  0.4 -0.1 -0.1
0.0050   0.45  0.9945    0.0  0.0172  0.447214    0.0  0.2  0.0  0.4  0.0  0.0
0.0050   0.61  0.9795    0.0  0.0092  0.921954    0.0  0.2  0.0  0.9  0.0  0.0
0.0050   0.88  0.9966    0.0  0.0157  0.282843    0.0  0.2  0.0  0.2  0.0  0.0
0.0050   1.13  0.9893    0.0  0.0137  0.360555    0.0  0.2  0.0  0.3  0.0  0.0
0.0050   1.38  0.9959    0.0  0.0128  0.316228    0.0  0.1  0.0  0.3  0.0  0.0
0.0050   1.71  0.9842    0.0  0.0098  0.509902    0.0  0.1  0.0  0.5  0.0  0.0
0.0080   0.16  0.9817    0.0  0.0547  0.412311    0.0  0.2 -0.3  0.2  0.0  0.0
0.0080   0.25  1.0110    0.0  0.0250  0.264575    0.0  0.1  0.0  0.2  0.1  0.1
0.0080   0.35  0.9993    0.0  0.0213  0.282843    0.0  0.2  0.0  0.2  0.0  0.0
0.0080   0.45  1.0200    0.0  0.0180  0.387298    0.0  0.2  0.0  0.3 -0.1 -0.1
0.0080   0.64  0.9618    0.0  0.0091  0.360555    0.0  0.2  0.0  0.3  0.0  0.0
0.0080   0.86  0.9775    0.0  0.0083  0.538516    0.0  0.2  0.0  0.5  0.0  0.0
0.0080   1.12  0.9642    0.0  0.0088  0.538516    0.0  0.2  0.0  0.5  0.0  0.0
0.0080   1.37  0.9714    0.0  0.0100  0.447214    0.0  0.2  0.0  0.4  0.0  0.0
0.0080   1.75  0.9891    0.0  0.0083  0.223607    0.0  0.1  0.0  0.2  0.0  0.0
0.0080   2.24  0.9750    0.0  0.0086  0.223607    0.0  0.1  0.0  0.2  0.0  0.0
0.0080   2.73  0.9837    0.0  0.0097  0.447214    0.0  0.2  0.0  0.4  0.0  0.0
0.0080   3.46  0.9924    0.0  0.0122  0.854400    0.0  0.3  0.0  0.8  0.0  0.0
0.0125   0.16  0.9683    0.0  0.0543  0.663325    0.0  0.2 -0.6  0.2  0.0  0.0
0.0125   0.26  1.0080    0.0  0.0320  0.346410    0.0  0.2 -0.2  0.2  0.0  0.0
0.0125   0.35  0.9530    0.0  0.0233  0.300000    0.0  0.2 -0.1  0.2  0.0  0.0
0.0125   0.45  0.9690    0.0  0.0205  0.282843    0.0  0.2  0.0  0.2  0.0  0.0
0.0125   0.62  0.9872    0.0  0.0127  0.244949    0.0  0.2  0.1  0.1  0.0  0.0
0.0125   0.88  0.9680    0.0  0.0108  0.223607    0.0  0.2  0.0  0.1  0.0  0.0
0.0125   1.12  0.9624    0.0  0.0092  0.360555    0.0  0.2  0.0  0.3  0.0  0.0
0.0125   1.37  0.9797    0.0  0.0098  0.360555    0.0  0.2  0.0  0.3  0.0  0.0
0.0125   1.74  0.9747    0.0  0.0072  0.282843    0.0  0.2  0.0  0.2  0.0  0.0
0.0125   2.23  0.9738    0.0  0.0085  0.447214    0.0  0.2  0.0  0.4  0.0  0.0
0.0125   2.74  0.9813    0.0  0.0103  0.141421    0.0  0.1  0.0  0.1  0.0  0.0
0.0125   3.46  0.9844    0.0  0.0087  0.223607    0.0  0.1  0.0  0.2  0.0  0.0
0.0125   4.47  0.9734    0.0  0.0095  0.447214    0.0  0.2  0.0  0.4  0.0  0.0
0.0125   5.41  0.9821    0.0  0.0134  0.608276    0.0  0.1  0.0  0.6  0.0  0.0
0.0175   0.25  0.9573    0.0  0.0402  0.663325    0.0  0.2 -0.6  0.2  0.0  0.0
0.0175   0.35  0.9747    0.0  0.0301  0.346410    0.0  0.2 -0.2  0.2  0.0  0.0
0.0175   0.45  1.0070    0.0  0.0268  0.331662    0.0  0.2 -0.1  0.2 -0.1 -0.1
0.0175   0.62  0.9939    0.0  0.0161  0.244949    0.0  0.2  0.1  0.1  0.0  0.0
0.0175   0.88  0.9645    0.0  0.0155  0.223607    0.0  0.2  0.0  0.1  0.0  0.0
0.0175   1.12  0.9685    0.0  0.0129  0.223607    0.0  0.2  0.0  0.1  0.0  0.0
0.0175   1.37  0.9834    0.0  0.0119  0.223607    0.0  0.2  0.0  0.1  0.0  0.0
0.0175   1.75  0.9925    0.0  0.0084  0.282843    0.0  0.2  0.0  0.2  0.0  0.0
0.0175   2.24  0.9763    0.0  0.0087  0.223607    0.0  0.2  0.0  0.1  0.0  0.0
0.0175   2.73  0.9680    0.0  0.0098  0.141421    0.0  0.1  0.0  0.1  0.0  0.0
0.0175   3.48  0.9761    0.0  0.0092  0.223607    0.0  0.2  0.0  0.1  0.0  0.0
0.0175   4.47  0.9716    0.0  0.0100  0.316228    0.0  0.1  0.0  0.3  0.0  0.0
0.0175   5.49  0.9817    0.0  0.0143  0.282843    0.0  0.2  0.0  0.2  0.0  0.0
0.0175   6.83  0.9942    0.0  0.0107  0.412311    0.0  0.1  0.0  0.4  0.0  0.0
0.0250   0.26  0.9493    0.0  0.0375  0.640312    0.0  0.2 -0.6  0.1  0.0  0.0
0.0250   0.35  0.9601    0.0  0.0287  0.663325    0.0  0.2 -0.6  0.2  0.0  0.0
0.0250   0.45  0.9408    0.0  0.0313  0.412311    0.0  0.2 -0.3  0.2  0.0  0.0
0.0250   0.62  0.9620    0.0  0.0131  0.244949    0.0  0.2 -0.1  0.1  0.0  0.0
0.0250   0.86  0.9585    0.0  0.0154  0.223607    0.0  0.2  0.0  0.1  0.0  0.0
0.0250   1.13  0.9631    0.0  0.0124  0.223607    0.0  0.2  0.0  0.1  0.0  0.0
0.0250   1.37  0.9849    0.0  0.0107  0.316228    0.0  0.3  0.0  0.1  0.0  0.0
0.0250   1.74  0.9802    0.0  0.0076  0.223607    0.0  0.2  0.0  0.1  0.0  0.0
0.0250   2.24  0.9677    0.0  0.0071  0.223607    0.0  0.2  0.0  0.1  0.0  0.0
0.0250   2.74  0.9581    0.0  0.0074  0.223607    0.0  0.2  0.0  0.1  0.0  0.0
0.0250   3.45  0.9790    0.0  0.0065  0.223607    0.0  0.1  0.0  0.2  0.0  0.0
0.0250   4.47  0.9764    0.0  0.0085  0.223607    0.0  0.2  0.0  0.1  0.0  0.0
0.0250   5.48  0.9592    0.0  0.0097  0.223607    0.0  0.2  0.0  0.1  0.0  0.0
0.0250   6.92  0.9893    0.0  0.0085  0.360555    0.0  0.2  0.0  0.3  0.0  0.0
0.0250   8.92  0.9738    0.0  0.0100  0.412311    0.0  0.1  0.0  0.4  0.0  0.0
0.0350   0.36  0.9557    0.0  0.0375  0.678233    0.0  0.2 -0.6  0.2 -0.1  0.1
0.0350   0.45  0.9264    0.0  0.0340  0.640312    0.0  0.2 -0.6  0.1  0.0  0.0
0.0350   0.64  0.9308    0.0  0.0207  0.300000    0.0  0.2 -0.2  0.1  0.0  0.0
0.0350   0.86  0.9618    0.0  0.0179  0.244949    0.0  0.2 -0.1  0.1  0.0  0.0
0.0350   1.13  0.9723    0.0  0.0183  0.223607    0.0  0.2  0.0  0.1  0.0  0.0
0.0350   1.38  0.9633    0.0  0.0138  0.223607    0.0  0.2  0.0  0.1  0.0  0.0
0.0350   1.74  0.9554    0.0  0.0089  0.223607    0.0  0.2  0.0  0.1  0.0  0.0
0.0350   2.24  0.9572    0.0  0.0087  0.223607    0.0  0.2  0.0  0.1  0.0  0.0
0.0350   2.74  0.9766    0.0  0.0090  0.223607    0.0  0.2  0.0  0.1  0.0  0.0
0.0350   3.46  0.9565    0.0  0.0069  0.223607    0.0  0.2  0.0  0.1  0.0  0.0
0.0350   4.45  0.9611    0.0  0.0088  0.141421    0.0  0.1  0.0  0.1  0.0  0.0
0.0350   5.47  0.9669    0.0  0.0111  0.223607    0.0  0.2  0.0  0.1  0.0  0.0
0.0350   6.92  0.9817    0.0  0.0101  0.223607    0.0  0.2  0.0  0.1  0.0  0.0
0.0350   8.96  0.9686    0.0  0.0115  0.223607    0.0  0.2  0.0  0.1  0.0  0.0
0.0350  11.45  0.9572    0.0  0.0107  0.141421    0.0  0.1  0.0  0.1  0.0  0.0
0.0350  14.36  0.9439    0.0  0.0144  0.316228    0.0  0.1  0.0  0.3  0.0  0.0
0.0500   0.46  0.9101    0.0  0.0412  0.655744    0.0  0.2 -0.6  0.1 -0.1  0.1
0.0500   0.61  0.9539    0.0  0.0214  0.655744    0.0  0.2 -0.6  0.1 -0.1  0.1
0.0500   0.88  0.9204    0.0  0.0213  0.300000    0.0  0.2 -0.2  0.1  0.0  0.0
0.0500   1.13  0.9738    0.0  0.0167  0.244949    0.0  0.2 -0.1  0.1  0.0  0.0
0.0500   1.37  0.9400    0.0  0.0138  0.223607    0.0  0.2  0.0  0.1  0.0  0.0
0.0500   1.74  0.9532    0.0  0.0092  0.316228    0.0  0.3  0.0  0.1  0.0  0.0
0.0500   2.25  0.9526    0.0  0.0077  0.223607    0.0  0.2  0.0  0.1  0.0  0.0
0.0500   2.74  0.9642    0.0  0.0077  0.223607    0.0  0.2  0.0  0.1  0.0  0.0
0.0500   3.46  0.9597    0.0  0.0058  0.223607    0.0  0.2  0.0  0.1  0.0  0.0
0.0500   4.46  0.9551    0.0  0.0069  0.141421    0.0  0.1  0.0  0.1  0.0  0.0
0.0500   5.46  0.9577    0.0  0.0085  0.141421    0.0  0.1  0.0  0.1  0.0  0.0
0.0500   6.90  0.9682    0.0  0.0076  0.141421    0.0  0.1  0.0  0.1  0.0  0.0
0.0500   8.93  0.9578    0.0  0.0097  0.223607    0.0  0.2  0.0  0.1  0.0  0.0
0.0500  11.44  0.9532    0.0  0.0087  0.100000    0.0  0.1  0.0  0.0  0.0  0.0
0.0500  14.82  0.9698    0.0  0.0090  0.141421    0.0  0.1  0.0  0.1  0.0  0.0
0.0500  19.19  0.9635    0.0  0.0119  0.223607    0.0  0.1  0.0  0.2  0.0  0.0
0.0700   0.68  0.9488    0.0  0.0438  0.655744    0.0  0.2 -0.6  0.1 -0.1  0.1
0.0700   0.86  0.9595    0.0  0.0344  0.655744    0.0  0.2 -0.6  0.1 -0.1  0.1
0.0700   1.11  1.0010    0.0  0.0542  0.655744    0.0  0.2 -0.6  0.1 -0.1 -0.1
0.0700   1.38  0.9810    0.0  0.0197  0.264575    0.0  0.2 -0.1  0.1  0.0  0.1
0.0700   1.74  0.9710    0.0  0.0117  0.316228    0.0  0.3  0.0  0.1  0.0  0.0
0.0700   2.24  0.9477    0.0  0.0111  0.223607    0.0  0.2  0.0  0.1  0.0  0.0
0.0700   2.75  0.9449    0.0  0.0096  0.244949    0.0  0.2 -0.1  0.1  0.0  0.0
0.0700   3.47  0.9486    0.0  0.0069  0.223607    0.0  0.2  0.0  0.1  0.0  0.0
0.0700   4.47  0.9370    0.0  0.0079  0.200000    0.0  0.2  0.0  0.0  0.0  0.0
0.0700   5.47  0.9450    0.0  0.0095  0.100000    0.0  0.1  0.0  0.0  0.0  0.0
0.0700   6.91  0.9367    0.0  0.0082  0.200000    0.0  0.2  0.0  0.0  0.0  0.0
0.0700   8.91  0.9394    0.0  0.0105  0.200000    0.0  0.2  0.0  0.0  0.0  0.0
0.0700  11.40  0.9328    0.0  0.0105  0.200000    0.0  0.2  0.0  0.0  0.0  0.0
0.0700  14.89  0.9432    0.0  0.0103  0.141421    0.0  0.1  0.0  0.1  0.0  0.0
0.0700  19.63  0.9371    0.0  0.0103  0.141421    0.0  0.1  0.0  0.1  0.0  0.0
0.0700  26.07  0.9592    0.0  0.0157  0.223607    0.0  0.1  0.0  0.2  0.0  0.0
0.0900   0.90  0.9678    0.0  0.0540  0.655744    0.0  0.2 -0.6  0.1 -0.1  0.1
0.0900   1.11  0.9351    0.0  0.0537  0.655744    0.0  0.2 -0.6  0.1 -0.1  0.1
0.0900   1.38  0.9385    0.0  0.0281  0.360555    0.0  0.3 -0.1  0.1 -0.1  0.1
0.0900   1.76  0.9413    0.0  0.0140  0.346410    0.0  0.3  0.0  0.1 -0.1  0.1
0.0900   2.24  0.9313    0.0  0.0136  0.244949    0.0  0.2  0.0  0.1  0.0  0.1
0.0900   2.75  0.9445    0.0  0.0124  0.244949    0.0  0.2 -0.1  0.1  0.0  0.0
0.0900   3.49  0.9360    0.0  0.0082  0.244949    0.0  0.2 -0.1  0.1  0.0  0.0
0.0900   4.47  0.9397    0.0  0.0089  0.223607    0.0  0.2 -0.1  0.0  0.0  0.0
0.0900   5.46  0.9420    0.0  0.0106  0.141421    0.0  0.1 -0.1  0.0  0.0  0.0
0.0900   6.91  0.9245    0.0  0.0092  0.200000    0.0  0.2  0.0  0.0  0.0  0.0
0.0900   8.92  0.9218    0.0  0.0114  0.100000    0.0  0.1  0.0  0.0  0.0  0.0
0.0900  11.37  0.9254    0.0  0.0115  0.200000    0.0  0.2  0.0  0.0  0.0  0.0
0.0900  14.87  0.9291    0.0  0.0116  0.100000    0.0  0.1  0.0  0.0  0.0  0.0
0.0900  19.74  0.9319    0.0  0.0114  0.141421    0.0  0.1  0.0  0.1  0.0  0.0
0.0900  26.36  0.9554    0.0  0.0147  0.141421    0.0  0.1  0.0  0.1  0.0  0.0
0.0900  34.74  0.9233    0.0  0.0222  0.223607    0.0  0.1  0.0  0.2  0.0  0.0
0.1100   1.13  0.9264    0.0  0.0680  0.678233    0.0  0.2 -0.6  0.1 -0.1  0.2
0.1100   1.38  0.9005    0.0  0.0306  0.360555    0.0  0.3 -0.1  0.1 -0.1  0.1
0.1100   1.75  0.9227    0.0  0.0169  0.346410    0.0  0.3  0.0  0.1 -0.1  0.1
0.1100   2.24  0.9150    0.0  0.0151  0.346410    0.0  0.3  0.0  0.1 -0.1  0.1
0.1100   2.74  0.9292    0.0  0.0153  0.331662    0.0  0.3  0.0  0.1  0.0  0.1
0.1100   3.49  0.9205    0.0  0.0097  0.264575    0.0  0.2 -0.1  0.1  0.0  0.1
0.1100   4.47  0.9114    0.0  0.0098  0.264575    0.0  0.2 -0.1  0.0 -0.1  0.1
0.1100   5.46  0.9409    0.0  0.0117  0.244949    0.0  0.2 -0.1  0.0  0.0  0.1
0.1100   6.90  0.9291    0.0  0.0102  0.200000    0.0  0.2  0.0  0.0  0.0  0.0
0.1100   8.92  0.9266    0.0  0.0127  0.100000    0.0  0.1  0.0  0.0  0.0  0.0
0.1100  11.37  0.9263    0.0  0.0126  0.200000    0.0  0.2  0.0  0.0  0.0  0.0
0.1100  14.85  0.9272    0.0  0.0130  0.200000    0.0  0.2  0.0  0.0  0.0  0.0
0.1100  19.74  0.9123    0.0  0.0124  0.100000    0.0  0.1  0.0  0.0  0.0  0.0
0.1100  26.52  0.9272    0.0  0.0147  0.100000    0.0  0.1  0.0  0.0  0.0  0.0
0.1100  35.32  0.9050    0.0  0.0209  0.141421    0.0  0.1  0.0  0.1  0.0  0.0
0.1100  44.94  0.9039    0.0  0.0345  0.223607    0.0  0.1  0.0  0.2  0.0  0.0
0.1400   1.40  0.9140    0.0  0.0310  0.435890    0.0  0.3  0.1  0.1 -0.2  0.2
0.1400   1.75  0.9427    0.0  0.0143  0.424264    0.0  0.3  0.0  0.1 -0.2  0.2
0.1400   2.24  0.9056    0.0  0.0127  0.346410    0.0  0.3  0.0  0.1 -0.1  0.1
0.1400   2.74  0.9223    0.0  0.0125  0.346410    0.0  0.3  0.0  0.1 -0.1  0.1
0.1400   3.47  0.8966    0.0  0.0090  0.264575    0.0  0.2  0.0  0.1 -0.1  0.1
0.1400   4.48  0.9132    0.0  0.0087  0.264575    0.0  0.2 -0.1  0.0 -0.1  0.1
0.1400   5.47  0.9242    0.0  0.0095  0.264575    0.0  0.2 -0.1  0.0 -0.1  0.1
0.1400   6.90  0.9212    0.0  0.0081  0.264575    0.0  0.2 -0.1  0.0 -0.1  0.1
0.1400   8.92  0.9147    0.0  0.0100  0.141421    0.0  0.1  0.0  0.0  0.0  0.1
0.1400  11.37  0.8981    0.0  0.0097  0.200000    0.0  0.2  0.0  0.0  0.0  0.0
0.1400  14.84  0.9068    0.0  0.0101  0.200000    0.0  0.2  0.0  0.0  0.0  0.0
0.1400  19.76  0.9018    0.0  0.0098  0.100000    0.0  0.1  0.0  0.0  0.0  0.0
0.1400  26.55  0.8924    0.0  0.0110  0.100000    0.0  0.1  0.0  0.0  0.0  0.0
0.1400  35.28  0.9050    0.0  0.0149  0.100000    0.0  0.1  0.0  0.0  0.0  0.0
0.1400  46.95  0.8453    0.0  0.0191  0.141421    0.0  0.1  0.0  0.1  0.0  0.0
0.1800   1.82  0.8859    0.0  0.0193  0.565685    0.0  0.3  0.3  0.1 -0.2  0.3
0.1800   2.24  0.8781    0.0  0.0146  0.424264    0.0  0.3  0.1  0.0 -0.2  0.2
0.1800   2.75  0.9173    0.0  0.0150  0.412311    0.0  0.3  0.0  0.0 -0.2  0.2
0.1800   3.47  0.8983    0.0  0.0106  0.264575    0.0  0.2 -0.1  0.0 -0.1  0.1
0.1800   4.47  0.8811    0.0  0.0117  0.264575    0.0  0.2 -0.1  0.0 -0.1  0.1
0.1800   5.49  0.9134    0.0  0.0120  0.264575    0.0  0.2 -0.1  0.0 -0.1  0.1
0.1800   6.92  0.8869    0.0  0.0093  0.264575    0.0  0.2 -0.1  0.0 -0.1  0.1
0.1800   8.93  0.8622    0.0  0.0108  0.264575    0.0  0.2 -0.1  0.0 -0.1  0.1
0.1800  11.37  0.8676    0.0  0.0109  0.244949    0.0  0.2  0.0  0.0 -0.1  0.1
0.1800  14.85  0.8787    0.0  0.0114  0.244949    0.0  0.2  0.0  0.0 -0.1  0.1
0.1800  19.75  0.8620    0.0  0.0108  0.173205    0.0  0.1  0.0  0.0 -0.1  0.1
0.1800  26.61  0.8684    0.0  0.0122  0.141421    0.0  0.1  0.0  0.0  0.0  0.1
0.1800  35.37  0.8641    0.0  0.0153  0.141421    0.0  0.1  0.0  0.0  0.0  0.1
0.1800  47.01  0.8715    0.0  0.0202  0.100000    0.0  0.1  0.0  0.0  0.0  0.0
0.1800  63.04  0.8970    0.0  0.0297  0.141421    0.0  0.1  0.0  0.1  0.0  0.0
0.2250   2.28  0.8552    0.0  0.0172  0.600000    0.0  0.3  0.3  0.0 -0.3  0.3
0.2250   2.74  0.8761    0.0  0.0161  0.479583    0.0  0.2  0.1  0.0 -0.3  0.3
0.2250   3.48  0.8714    0.0  0.0109  0.346410    0.0  0.2  0.0  0.0 -0.2  0.2
0.2250   4.47  0.8702    0.0  0.0121  0.316228    0.0  0.2 -0.1  0.0 -0.1  0.2
0.2250   5.47  0.8445    0.0  0.0137  0.264575    0.0  0.2 -0.1  0.0 -0.1  0.1
0.2250   6.97  0.8607    0.0  0.0101  0.316228    0.0  0.2 -0.1  0.0 -0.1  0.2
0.2250   8.93  0.8464    0.0  0.0112  0.264575    0.0  0.2 -0.1  0.0 -0.1  0.1
0.2250  11.38  0.8534    0.0  0.0112  0.244949    0.0  0.2  0.0  0.0 -0.1  0.1
0.2250  14.85  0.8549    0.0  0.0116  0.244949    0.0  0.2  0.0  0.0 -0.1  0.1
0.2250  19.74  0.8617    0.0  0.0112  0.173205    0.0  0.1  0.0  0.0 -0.1  0.1
0.2250  26.64  0.8651    0.0  0.0126  0.173205    0.0  0.1  0.0  0.0 -0.1  0.1
0.2250  35.42  0.8670    0.0  0.0155  0.173205    0.0  0.1  0.0  0.0 -0.1  0.1
0.2250  46.95  0.8343    0.0  0.0186  0.141421    0.0  0.1  0.0  0.0  0.0  0.1
0.2250  63.23  0.8218    0.0  0.0248  0.141421    0.0  0.1  0.0  0.0  0.0  0.1
0.2750   2.78  0.8219    0.0  0.0203  0.836660    0.0  0.2  0.5  0.0 -0.4  0.5
0.2750   3.46  0.8637    0.0  0.0155  0.608276    0.0  0.2  0.1  0.0 -0.4  0.4
0.2750   4.47  0.8542    0.0  0.0141  0.346410    0.0  0.2  0.0  0.0 -0.2  0.2
0.2750   5.47  0.8505    0.0  0.0163  0.360555    0.0  0.2 -0.1  0.0 -0.2  0.2
0.2750   6.89  0.8302    0.0  0.0142  0.316228    0.0  0.2 -0.1  0.0 -0.1  0.2
0.2750   8.94  0.8377    0.0  0.0134  0.346410    0.0  0.2  0.0  0.0 -0.2  0.2
0.2750  11.37  0.8202    0.0  0.0128  0.244949    0.0  0.2  0.0  0.0 -0.1  0.1
0.2750  14.87  0.8459    0.0  0.0135  0.244949    0.0  0.2  0.0  0.0 -0.1  0.1
0.2750  19.74  0.8269    0.0  0.0127  0.173205    0.0  0.1  0.0  0.0 -0.1  0.1
0.2750  26.60  0.8334    0.0  0.0140  0.173205    0.0  0.1  0.0  0.0 -0.1  0.1
0.2750  35.43  0.8320    0.0  0.0169  0.173205    0.0  0.1  0.0  0.0 -0.1  0.1
0.2750  46.98  0.8444    0.0  0.0214  0.173205    0.0  0.1  0.0  0.0 -0.1  0.1
0.2750  63.48  0.8104    0.0  0.0265  0.141421    0.0  0.1  0.0  0.0  0.0  0.1
0.2750  90.68  0.8027    0.0  0.0349  0.141421    0.0  0.1  0.0  0.1  0.0  0.0
0.3500   3.57  0.8205    0.0  0.0158  1.004988    0.0  0.2  0.5  0.0 -0.6  0.6
0.3500   4.51  0.7953    0.0  0.0134  0.574456    0.0  0.2  0.2  0.0 -0.3  0.4
0.3500   5.48  0.8332    0.0  0.0143  0.469042    0.0  0.2  0.0  0.0 -0.3  0.3
0.3500   6.90  0.7939    0.0  0.0120  0.412311    0.0  0.2  0.0  0.0 -0.2  0.3
0.3500   8.91  0.8222    0.0  0.0165  0.300000    0.0  0.1  0.0  0.0 -0.2  0.2
0.3500  11.43  0.8188    0.0  0.0118  0.346410    0.0  0.2  0.0  0.0 -0.2  0.2
0.3500  14.85  0.7828    0.0  0.0113  0.346410    0.0  0.2  0.0  0.0 -0.2  0.2
0.3500  19.74  0.7920    0.0  0.0109  0.300000    0.0  0.1  0.0  0.0 -0.2  0.2
0.3500  26.63  0.8055    0.0  0.0120  0.244949    0.0  0.1  0.0  0.0 -0.1  0.2
0.3500  35.45  0.8197    0.0  0.0147  0.173205    0.0  0.1  0.0  0.0 -0.1  0.1
0.3500  47.12  0.7620    0.0  0.0162  0.173205    0.0  0.1  0.0  0.0 -0.1  0.1
0.3500  63.52  0.7732    0.0  0.0213  0.141421    0.0  0.1  0.0  0.0  0.0  0.1
0.3500  96.35  0.7614    0.0  0.0253  0.173205    0.0  0.1  0.0  0.1  0.0  0.1
0.4500   4.54  0.7771    0.0  0.0242  1.228821    0.0  0.2  0.7  0.0 -0.7  0.7
0.4500   5.47  0.7608    0.0  0.0245  0.900000    0.0  0.2  0.4  0.0 -0.5  0.6
0.4500   6.93  0.7698    0.0  0.0161  0.574456    0.0  0.2  0.2  0.0 -0.3  0.4
0.4500   8.92  0.7793    0.0  0.0211  0.447214    0.0  0.1  0.1  0.0 -0.3  0.3
0.4500  11.34  0.7754    0.0  0.0227  0.316228    0.0  0.1  0.1  0.0 -0.2  0.2
0.4500  14.89  0.7626    0.0  0.0158  0.509902    0.0  0.2  0.2  0.0 -0.3  0.3
0.4500  19.77  0.7529    0.0  0.0146  0.316228    0.0  0.1  0.1  0.0 -0.2  0.2
0.4500  26.64  0.7705    0.0  0.0160  0.316228    0.0  0.1  0.1  0.0 -0.2  0.2
0.4500  35.50  0.7474    0.0  0.0187  0.264575    0.0  0.1  0.1  0.0 -0.1  0.2
0.4500  47.26  0.7575    0.0  0.0222  0.173205    0.0  0.1  0.0  0.0 -0.1  0.1
0.4500  63.65  0.7632    0.0  0.0281  0.173205    0.0  0.1  0.0  0.0 -0.1  0.1
0.4500  98.05  0.7254    0.0  0.0296  0.173205    0.0  0.1  0.0  0.1  0.0  0.1
0.5500   5.53  0.7209    0.0  0.0356  1.004988    0.0  0.2  0.8  0.1 -0.4  0.4
0.5500   6.88  0.7323    0.0  0.0296  0.741620    0.0  0.2  0.5  0.1 -0.3  0.4
0.5500   8.91  0.7442    0.0  0.0280  0.556776    0.0  0.1  0.4  0.1 -0.2  0.3
0.5500  11.34  0.7280    0.0  0.0300  0.435890    0.0  0.1  0.3  0.1 -0.2  0.2
0.5500  14.85  0.7345    0.0  0.0282  0.538516    0.0  0.2  0.4  0.1 -0.2  0.2
0.5500  19.74  0.7419    0.0  0.0205  0.435890    0.0  0.1  0.3  0.1 -0.2  0.2
0.5500  26.64  0.7263    0.0  0.0216  0.360555    0.0  0.1  0.2  0.0 -0.2  0.2
0.5500  35.57  0.7281    0.0  0.0267  0.316228    0.0  0.1  0.1  0.0 -0.2  0.2
0.5500  47.16  0.7641    0.0  0.0331  0.264575    0.0  0.1  0.1  0.0 -0.1  0.2
0.5500  63.56  0.6626    0.0  0.0345  0.173205    0.0  0.1  0.0  0.0 -0.1  0.1
0.5500  98.82  0.7622    0.0  0.0458  0.173205    0.0  0.1  0.0  0.0 -0.1  0.1
0.6750   7.04  0.6989    0.0  0.0361  0.927362    0.0  0.1  0.7  0.2  0.4 -0.4
0.6750   8.88  0.7365    0.0  0.0465  0.768115    0.0  0.1  0.6  0.2  0.3 -0.3
0.6750  11.36  0.7418    0.0  0.0353  0.655744    0.0  0.1  0.6  0.2  0.1 -0.1
0.6750  14.85  0.7988    0.0  0.0395  0.648074    0.0  0.2  0.6  0.1  0.0 -0.1
0.6750  19.79  0.7357    0.0  0.0281  0.655744    0.0  0.2  0.6  0.1 -0.1  0.1
0.6750  26.49  0.6717    0.0  0.0235  0.500000    0.0  0.1  0.4  0.0 -0.2  0.2
0.6750  35.40  0.7194    0.0  0.0330  0.479583    0.0  0.1  0.3  0.0 -0.2  0.3
0.6750  47.03  0.6959    0.0  0.0373  0.400000    0.0  0.1  0.1  0.1 -0.2  0.3
0.6750  63.53  0.7020    0.0  0.0513  0.387298    0.0  0.1  0.0  0.1 -0.2  0.3
0.6750  99.03  0.7724    0.0  0.0645  0.424264    0.0  0.1  0.0  0.2 -0.2  0.3