nmc,f2,p target
converted from 10020.xlsx
*
 0.0250  11
x     Q2      F2  Ebeam    stat   sys_tot  sys_u  de1  de2  de3  de4  dep1  dep2  dep3  dep4   dac  drc  dre
0.0078   0.80  0.2720     90  0.0034  0.007944    0.0  0.5  0.0  0.0  0.0  -0.1   0.0   0.0   0.0   2.3  1.7  0.3
0.0092   1.09  0.2943     90  0.0082  0.008946    0.0  0.4  0.0  0.0  0.0   0.1   0.0   0.0   0.0   2.1  2.1  0.5
0.0120   0.90  0.2763     90  0.0064  0.005400    0.0  0.7  0.0  0.0  0.0  -0.3   0.0   0.0   0.0   1.6  0.8  0.2
0.0125   1.22  0.3022     90  0.0037  0.006744    0.0  0.6  0.0  0.0  0.0  -0.1   0.0   0.0   0.0   1.6  1.4  0.3
0.0139   1.62  0.3204     90  0.0101  0.007782    0.0  0.4  0.0  0.0  0.0   0.0   0.0   0.0   0.0   1.5  1.8  0.5
0.0173   1.27  0.2988     90  0.0048  0.004502    0.0  0.7  0.0  0.0  0.0  -0.2   0.0   0.0   0.0   1.1  0.7  0.2
0.0176   1.72  0.3316     90  0.0054  0.006060    0.0  0.6  0.0  0.0  0.0  -0.1   0.0   0.0   0.0   1.2  1.2  0.3
0.0185   2.16  0.3354     90  0.0118  0.006598    0.0  0.5  0.0  0.0  0.0   0.0   0.0   0.0   0.0   1.1  1.5  0.4
0.0246   1.28  0.3053     90  0.0056  0.003969    0.0  1.0  0.0  0.0  0.0  -0.4   0.0   0.0   0.0   0.4  0.6  0.1
0.0247   1.75  0.3268     90  0.0044  0.003894    0.0  0.7  0.0  0.0  0.0  -0.2   0.0   0.0   0.0   0.7  0.6  0.2
0.0254   2.35  0.3504     90  0.0046  0.004622    0.0  0.6  0.0  0.0  0.0  -0.1   0.0   0.0   0.0   0.8  0.8  0.3
0.0276   3.24  0.3415     90  0.0195  0.007163    0.0  0.5  0.0  0.0  0.0   0.1   0.0   0.0   0.0   1.0  1.7  0.5
0.0348   1.30  0.3082     90  0.0085  0.004434    0.0  1.2  0.0  0.0  0.0  -0.7   0.0   0.0   0.0   0.3  0.2  0.1
0.0348   1.76  0.3306     90  0.0059  0.003696    0.0  1.0  0.0  0.0  0.0  -0.4   0.0   0.0   0.0   0.2  0.2  0.1
0.0349   2.44  0.3541     90  0.0046  0.003611    0.0  0.8  0.0  0.0  0.0  -0.2   0.0   0.0   0.0   0.4  0.4  0.2
0.0355   3.34  0.3732     90  0.0092  0.005304    0.0  0.6  0.0  0.0  0.0   0.0   0.0   0.0   0.0   0.6  1.1  0.3
0.0364   4.26  0.3878     90  0.0317  0.010127    0.0  0.5  0.0  0.0  0.0   0.1   0.0   0.0   0.0   0.8  2.4  0.4
0.0495   1.33  0.3331     90  0.0098  0.006979    0.0  1.6  0.0  0.0  0.0  -1.0   0.0   0.0   0.0   0.9  0.1  0.1
0.0493   1.76  0.3314     90  0.0058  0.005091    0.0  1.3  0.0  0.0  0.0  -0.7   0.0   0.0   0.0   0.4  0.1  0.1
0.0494   2.48  0.3456     90  0.0040  0.003864    0.0  1.0  0.0  0.0  0.0  -0.4   0.0   0.0   0.0   0.2  0.2  0.1
0.0501   3.41  0.3721     90  0.0057  0.003938    0.0  0.8  0.0  0.0  0.0  -0.2   0.0   0.0   0.0   0.2  0.6  0.2
0.0509   4.39  0.3893     90  0.0122  0.005165    0.0  0.6  0.0  0.0  0.0  -0.1   0.0   0.0   0.0   0.3  1.1  0.3
0.0526   5.31  0.3895     90  0.0286  0.007266    0.0  0.5  0.0  0.0  0.0   0.0   0.0   0.0   0.0   0.5  1.7  0.3
0.0701   1.35  0.3156     90  0.0139  0.008865    0.0  2.1  0.0  0.0  0.0  -1.5   0.0   0.0   0.0   1.1  0.1  0.1
0.0699   1.77  0.3446     90  0.0084  0.007294    0.0  1.7  0.0  0.0  0.0  -1.1   0.0   0.0   0.0   0.6  0.1  0.1
0.0694   2.48  0.3503     90  0.0053  0.005301    0.0  1.3  0.0  0.0  0.0  -0.7   0.0   0.0   0.0   0.3  0.1  0.1
0.0696   3.45  0.3841     90  0.0065  0.004463    0.0  1.0  0.0  0.0  0.0  -0.4   0.0   0.0   0.0   0.3  0.3  0.1
0.0703   4.42  0.3832     90  0.0098  0.004091    0.0  0.8  0.0  0.0  0.0  -0.2   0.0   0.0   0.0   0.3  0.6  0.1
0.0703   5.38  0.3705     90  0.0174  0.004446    0.0  0.7  0.0  0.0  0.0  -0.1   0.0   0.0   0.0   0.3  0.9  0.2
0.0712   6.38  0.3785     90  0.0379  0.004803    0.0  0.6  0.0  0.0  0.0   0.0   0.0   0.0   0.0   0.4  1.0  0.3
0.0903   1.38  0.3384     90  0.0211  0.011234    0.0  2.6  0.0  0.0  0.0  -1.9   0.0   0.0   0.0   0.8  0.0  0.1
0.0900   1.76  0.3395     90  0.0107  0.008873    0.0  2.1  0.0  0.0  0.0  -1.5   0.0   0.0   0.0   0.4  0.0  0.1
0.0898   2.47  0.3599     90  0.0068  0.006357    0.0  1.5  0.0  0.0  0.0  -0.9   0.0   0.0   0.0   0.2  0.1  0.1
0.0898   3.46  0.3686     90  0.0072  0.005134    0.0  1.2  0.0  0.0  0.0  -0.6   0.0   0.0   0.0   0.3  0.2  0.1
0.0900   4.43  0.3739     90  0.0100  0.004456    0.0  1.0  0.0  0.0  0.0  -0.4   0.0   0.0   0.0   0.4  0.3  0.1
0.0903   5.44  0.3584     90  0.0155  0.003759    0.0  0.8  0.0  0.0  0.0  -0.2   0.0   0.0   0.0   0.4  0.5  0.1
0.0897   6.50  0.4020     90  0.0269  0.004548    0.0  0.7  0.0  0.0  0.0  -0.1   0.0   0.0   0.0   0.5  0.7  0.2
0.1091   1.78  0.3453     90  0.0133  0.010570    0.0  2.4  0.0  0.0  0.0  -1.8   0.0   0.0   0.0   0.6  0.0  0.1
0.1097   2.49  0.3615     90  0.0082  0.007862    0.0  1.8  0.0  0.0  0.0  -1.2   0.0   0.0   0.0   0.2  0.0  0.1
0.1099   3.48  0.3674     90  0.0083  0.006048    0.0  1.4  0.0  0.0  0.0  -0.8   0.0   0.0   0.0   0.3  0.1  0.1
0.1100   4.45  0.3676     90  0.0104  0.004750    0.0  1.1  0.0  0.0  0.0  -0.5   0.0   0.0   0.0   0.4  0.2  0.1
0.1105   5.44  0.3575     90  0.0148  0.004184    0.0  1.0  0.0  0.0  0.0  -0.4   0.0   0.0   0.0   0.4  0.2  0.1
0.1096   6.60  0.3740     90  0.0217  0.003993    0.0  0.8  0.0  0.0  0.0  -0.2   0.0   0.0   0.0   0.6  0.3  0.1
0.1284   1.86  0.3673     90  0.0219  0.013972    0.0  2.9  0.0  0.0  0.0  -2.2   0.0   0.0   0.0   1.1  0.0  0.1
0.1385   2.49  0.3631     90  0.0071  0.010003    0.0  2.2  0.0  0.0  0.0  -1.5   0.0   0.0   0.0   0.7  0.0  0.1
0.1398   3.48  0.3705     90  0.0071  0.007098    0.0  1.6  0.0  0.0  0.0  -1.0   0.0   0.0   0.0   0.3  0.1  0.1
0.1396   4.45  0.3653     90  0.0083  0.005467    0.0  1.3  0.0  0.0  0.0  -0.7   0.0   0.0   0.0   0.2  0.1  0.1
0.1399   5.46  0.3601     90  0.0115  0.004512    0.0  1.1  0.0  0.0  0.0  -0.5   0.0   0.0   0.0   0.3  0.1  0.1
0.1409   6.69  0.3768     90  0.0144  0.004442    0.0  1.0  0.0  0.0  0.0  -0.3   0.0   0.0   0.0   0.5  0.2  0.1
0.1741   2.67  0.3630     90  0.0109  0.011536    0.0  2.4  0.0  0.0  0.0  -1.7   0.0   0.0   0.0   1.2  0.0  0.1
0.1807   3.47  0.3386     90  0.0081  0.007977    0.0  1.9  0.0  0.0  0.0  -1.2   0.0   0.0   0.0   0.7  0.0  0.1
0.1802   4.46  0.3727     90  0.0102  0.006625    0.0  1.5  0.0  0.0  0.0  -0.9   0.0   0.0   0.0   0.3  0.0  0.1
0.1808   5.46  0.3337     90  0.0119  0.004813    0.0  1.3  0.0  0.0  0.0  -0.6   0.0   0.0   0.0   0.1  0.1  0.1
0.1804   6.77  0.3616     90  0.0141  0.004502    0.0  1.1  0.0  0.0  0.0  -0.4   0.0   0.0   0.0   0.4  0.1  0.1
0.1771   8.50  0.3921     90  0.0380  0.004944    0.0  0.9  0.0  0.0  0.0  -0.3   0.0   0.0   0.0   0.8  0.2  0.1
0.2051   2.90  0.3346     90  0.0316  0.010143    0.0  2.3  0.0  0.0  0.0  -1.7   0.0   0.0   0.0   1.0  0.0  0.1
0.2210   3.51  0.3310     90  0.0088  0.008235    0.0  2.0  0.0  0.0  0.0  -1.3   0.0   0.0   0.0   0.7  0.0  0.1
0.2262   4.47  0.3240     90  0.0092  0.006035    0.0  1.6  0.0  0.0  0.0  -0.9   0.0   0.0   0.0   0.3  0.0  0.1
0.2263   5.47  0.3498     90  0.0126  0.005531    0.0  1.4  0.0  0.0  0.0  -0.7   0.0   0.0   0.0   0.2  0.0  0.1
0.2280   6.81  0.3205     90  0.0125  0.004216    0.0  1.1  0.0  0.0  0.0  -0.5   0.0   0.0   0.0   0.5  0.1  0.1
0.2215   8.64  0.3062     90  0.0265  0.004051    0.0  1.0  0.0  0.0  0.0  -0.3   0.0   0.0   0.0   0.8  0.1  0.1
0.2657   3.75  0.3029     90  0.0147  0.007699    0.0  1.7  0.0  0.0  0.0  -1.0   0.0   0.0   0.0   1.6  0.0  0.1
0.2736   4.47  0.3045     90  0.0102  0.006173    0.0  1.5  0.0  0.0  0.0  -0.8   0.0   0.0   0.0   1.1  0.0  0.1
0.2758   5.44  0.3058     90  0.0128  0.004921    0.0  1.3  0.0  0.0  0.0  -0.5   0.0   0.0   0.0   0.8  0.0  0.1
0.2803   6.85  0.3200     90  0.0139  0.004659    0.0  1.1  0.0  0.0  0.0  -0.3   0.0   0.0   0.0   0.9  0.0  0.1
0.2737   8.70  0.3237     90  0.0270  0.004668    0.0  0.9  0.0  0.0  0.0  -0.2   0.0   0.0   0.0   1.1  0.1  0.1
0.3166   4.62  0.2884     90  0.0123  0.013422    0.0  0.7  0.0  0.0  0.0   0.0   0.0   0.0   0.0   4.6  0.0  0.1
0.3397   5.46  0.2584     90  0.0095  0.009438    0.0  0.6  0.0  0.0  0.0   0.1   0.0   0.0   0.0   3.6  0.0  0.1
0.3511   6.87  0.2759     90  0.0103  0.006587    0.0  0.6  0.0  0.0  0.0   0.2   0.0   0.0   0.0   2.3  0.0  0.1
0.3450   8.73  0.2398     90  0.0163  0.005232    0.0  0.5  0.0  0.0  0.0   0.3   0.0   0.0   0.0   2.1  0.0  0.1
0.3973   5.73  0.2086     90  0.0211  0.024417    0.0 -2.4  0.0  0.0  0.0   3.2   0.0   0.0   0.0  11.0  0.0  0.1
0.4425   6.97  0.2024     90  0.0094  0.019751    0.0 -2.0  0.0  0.0  0.0   2.9   0.0   0.0   0.0   9.1  0.0  0.1
0.4653   8.75  0.1817     90  0.0118  0.013649    0.0 -1.7  0.0  0.0  0.0   2.7   0.0   0.0   0.0   6.8  0.0  0.1
0.0087   1.18  0.2987    120  0.0090  0.008224    0.0  0.0  0.5  0.0  0.0   0.0   0.0   0.0   0.0   2.1  1.6  0.6
0.0117   1.37  0.3030    120  0.0097  0.006399    0.0  0.0  0.7  0.0  0.0   0.0  -0.2   0.0   0.0   1.6  1.1  0.4
0.0129   1.70  0.3200    120  0.0071  0.006550    0.0  0.0  0.5  0.0  0.0   0.0   0.0   0.0   0.0   1.5  1.2  0.5
0.0172   1.77  0.3274    120  0.0100  0.005299    0.0  0.0  0.7  0.0  0.0   0.0  -0.2   0.0   0.0   1.2  0.7  0.4
0.0178   2.34  0.3519    120  0.0072  0.005909    0.0  0.0  0.6  0.0  0.0   0.0   0.0   0.0   0.0   1.1  1.0  0.5
0.0241   1.82  0.3219    120  0.0122  0.004122    0.0  0.0  0.9  0.0  0.0   0.0  -0.4   0.0   0.0   0.7  0.3  0.3
0.0245   2.50  0.3440    120  0.0054  0.004324    0.0  0.0  0.7  0.0  0.0   0.0  -0.2   0.0   0.0   0.8  0.5  0.4
0.0260   3.36  0.3732    120  0.0077  0.006518    0.0  0.0  0.6  0.0  0.0   0.0   0.0   0.0   0.0   1.0  1.2  0.5
0.0348   2.51  0.3733    120  0.0094  0.004190    0.0  0.0  0.9  0.0  0.0   0.0  -0.4   0.0   0.0   0.4  0.2  0.3
0.0348   3.48  0.3825    120  0.0076  0.004747    0.0  0.0  0.7  0.0  0.0   0.0  -0.2   0.0   0.0   0.6  0.7  0.4
0.0354   4.41  0.3825    120  0.0103  0.007156    0.0  0.0  0.6  0.0  0.0   0.0   0.0   0.0   0.0   0.8  1.5  0.5
0.0374   5.32  0.4031    120  0.0278  0.009548    0.0  0.0  0.5  0.0  0.0   0.0   0.0   0.0   0.0   1.0  2.0  0.6
0.0497   2.54  0.3394    120  0.0087  0.004666    0.0  0.0  1.2  0.0  0.0   0.0  -0.6   0.0   0.0   0.2  0.1  0.2
0.0494   3.49  0.3785    120  0.0070  0.004129    0.0  0.0  0.9  0.0  0.0   0.0  -0.4   0.0   0.0   0.2  0.3  0.3
0.0495   4.47  0.3681    120  0.0073  0.004277    0.0  0.0  0.8  0.0  0.0   0.0  -0.2   0.0   0.0   0.3  0.7  0.3
0.0504   5.43  0.3705    120  0.0099  0.005120    0.0  0.0  0.7  0.0  0.0   0.0  -0.1   0.0   0.0   0.5  1.0  0.4
0.0524   6.61  0.4086    120  0.0162  0.006512    0.0  0.0  0.6  0.0  0.0   0.0   0.0   0.0   0.0   0.7  1.2  0.5
0.0707   2.56  0.3426    120  0.0129  0.006129    0.0  0.0  1.5  0.0  0.0   0.0  -0.9   0.0   0.0   0.3  0.1  0.2
0.0702   3.50  0.3584    120  0.0089  0.005030    0.0  0.0  1.2  0.0  0.0   0.0  -0.6   0.0   0.0   0.3  0.2  0.2
0.0698   4.48  0.3659    120  0.0089  0.004298    0.0  0.0  1.0  0.0  0.0   0.0  -0.4   0.0   0.0   0.3  0.3  0.2
0.0700   5.47  0.3867    120  0.0106  0.004306    0.0  0.0  0.9  0.0  0.0   0.0  -0.3   0.0   0.0   0.3  0.4  0.3
0.0700   6.86  0.3902    120  0.0130  0.004466    0.0  0.0  0.7  0.0  0.0   0.0  -0.1   0.0   0.0   0.4  0.7  0.4
0.0718   8.62  0.4555    120  0.0308  0.006725    0.0  0.0  0.6  0.0  0.0   0.0   0.0   0.0   0.0   0.6  1.1  0.5
0.0915   2.61  0.3948    120  0.0202  0.008614    0.0  0.0  1.8  0.0  0.0   0.0  -1.2   0.0   0.0   0.2  0.0  0.2
0.0909   3.50  0.3430    120  0.0109  0.005678    0.0  0.0  1.4  0.0  0.0   0.0  -0.8   0.0   0.0   0.3  0.1  0.2
0.0906   4.47  0.3645    120  0.0108  0.005206    0.0  0.0  1.2  0.0  0.0   0.0  -0.6   0.0   0.0   0.4  0.2  0.2
0.0904   5.48  0.3807    120  0.0120  0.004505    0.0  0.0  1.0  0.0  0.0   0.0  -0.4   0.0   0.0   0.4  0.2  0.2
0.0904   6.81  0.3814    120  0.0112  0.004513    0.0  0.0  0.9  0.0  0.0   0.0  -0.3   0.0   0.0   0.5  0.4  0.3
0.0905   8.77  0.4158    120  0.0221  0.005325    0.0  0.0  0.7  0.0  0.0   0.0  -0.1   0.0   0.0   0.7  0.7  0.4
0.1126   2.62  0.3174    120  0.0196  0.008499    0.0  0.0  2.2  0.0  0.0   0.0  -1.5   0.0   0.0   0.2  0.0  0.2
0.1120   3.48  0.3721    120  0.0165  0.007662    0.0  0.0  1.7  0.0  0.0   0.0  -1.1   0.0   0.0   0.3  0.1  0.2
0.1111   4.48  0.3654    120  0.0132  0.006125    0.0  0.0  1.4  0.0  0.0   0.0  -0.8   0.0   0.0   0.4  0.1  0.2
0.1109   5.49  0.3718    120  0.0134  0.005271    0.0  0.0  1.2  0.0  0.0   0.0  -0.6   0.0   0.0   0.4  0.1  0.2
0.1109   6.83  0.3646    120  0.0117  0.004612    0.0  0.0  1.0  0.0  0.0   0.0  -0.4   0.0   0.0   0.6  0.2  0.2
0.1106   8.87  0.4145    120  0.0209  0.005194    0.0  0.0  0.8  0.0  0.0   0.0  -0.2   0.0   0.0   0.8  0.4  0.3
0.1112  10.76  0.3462    120  0.0357  0.005170    0.0  0.0  0.7  0.0  0.0   0.0  -0.1   0.0   0.0   1.1  0.6  0.4
0.1435   3.48  0.3610    120  0.0134  0.008909    0.0  0.0  2.0  0.0  0.0   0.0  -1.4   0.0   0.0   0.3  0.0  0.2
0.1421   4.49  0.3364    120  0.0102  0.006418    0.0  0.0  1.6  0.0  0.0   0.0  -1.0   0.0   0.0   0.2  0.0  0.2
0.1411   5.48  0.3258    120  0.0101  0.005393    0.0  0.0  1.4  0.0  0.0   0.0  -0.8   0.0   0.0   0.3  0.1  0.2
0.1413   6.87  0.3459    120  0.0087  0.004880    0.0  0.0  1.2  0.0  0.0   0.0  -0.5   0.0   0.0   0.5  0.1  0.2
0.1407   8.90  0.3682    120  0.0147  0.004954    0.0  0.0  1.0  0.0  0.0   0.0  -0.3   0.0   0.0   0.8  0.2  0.2
0.1423  11.01  0.3925    120  0.0215  0.005647    0.0  0.0  0.8  0.0  0.0   0.0  -0.2   0.0   0.0   1.1  0.3  0.3
0.1821   3.62  0.3116    120  0.0180  0.009020    0.0  0.0  2.3  0.0  0.0   0.0  -1.6   0.0   0.0   0.7  0.0  0.2
0.1866   4.50  0.3403    120  0.0126  0.007745    0.0  0.0  1.9  0.0  0.0   0.0  -1.2   0.0   0.0   0.3  0.0  0.2
0.1845   5.49  0.3198    120  0.0119  0.005914    0.0  0.0  1.6  0.0  0.0   0.0  -0.9   0.0   0.0   0.1  0.0  0.2
0.1837   6.87  0.3461    120  0.0101  0.005351    0.0  0.0  1.3  0.0  0.0   0.0  -0.7   0.0   0.0   0.4  0.1  0.2
0.1813   8.94  0.3361    120  0.0159  0.004824    0.0  0.0  1.1  0.0  0.0   0.0  -0.4   0.0   0.0   0.8  0.1  0.2
0.1816  11.15  0.3692    120  0.0196  0.005464    0.0  0.0  0.9  0.0  0.0   0.0  -0.3   0.0   0.0   1.1  0.2  0.2
0.2292   4.56  0.3112    120  0.0149  0.007252    0.0  0.0  1.9  0.0  0.0   0.0  -1.3   0.0   0.0   0.3  0.0  0.2
0.2312   5.47  0.3104    120  0.0126  0.006185    0.0  0.0  1.7  0.0  0.0   0.0  -1.0   0.0   0.0   0.2  0.0  0.2
0.2311   6.92  0.3188    120  0.0099  0.005277    0.0  0.0  1.4  0.0  0.0   0.0  -0.7   0.0   0.0   0.5  0.0  0.2
0.2276   8.84  0.3082    120  0.0129  0.004519    0.0  0.0  1.1  0.0  0.0   0.0  -0.5   0.0   0.0   0.8  0.1  0.2
0.2276  11.24  0.3664    120  0.0184  0.005617    0.0  0.0  1.0  0.0  0.0   0.0  -0.3   0.0   0.0   1.1  0.1  0.2
0.2801   5.54  0.2960    120  0.0161  0.005593    0.0  0.0  1.5  0.0  0.0   0.0  -0.8   0.0   0.0   0.8  0.0  0.2
0.2853   6.93  0.2866    120  0.0106  0.004568    0.0  0.0  1.2  0.0  0.0   0.0  -0.5   0.0   0.0   0.9  0.0  0.2
0.2808   8.86  0.2946    120  0.0140  0.004507    0.0  0.0  1.0  0.0  0.0   0.0  -0.3   0.0   0.0   1.1  0.0  0.2
0.2790  11.27  0.2814    120  0.0164  0.004529    0.0  0.0  0.9  0.0  0.0   0.0  -0.2   0.0   0.0   1.3  0.1  0.2
0.2792  14.19  0.2971    120  0.0295  0.005094    0.0  0.0  0.8  0.0  0.0   0.0   0.0   0.0   0.0   1.5  0.1  0.2
0.3411   7.08  0.2675    120  0.0104  0.006341    0.0  0.0  0.5  0.0  0.0   0.0   0.2   0.0   0.0   2.3  0.0  0.2
0.3527   8.86  0.2532    120  0.0104  0.005542    0.0  0.0  0.5  0.0  0.0   0.0   0.3   0.0   0.0   2.1  0.0  0.2
0.3528  11.33  0.2340    120  0.0117  0.004942    0.0  0.0  0.5  0.0  0.0   0.0   0.4   0.0   0.0   2.0  0.1  0.2
0.3521  14.32  0.2631    120  0.0197  0.005308    0.0  0.0  0.5  0.0  0.0   0.0   0.4   0.0   0.0   1.9  0.1  0.2
0.4334   9.02  0.1610    120  0.0103  0.012889    0.0  0.0 -2.5  0.0  0.0   0.0   3.4   0.0   0.0   6.8  0.0  0.2
0.4626  11.36  0.1692    120  0.0095  0.010029    0.0  0.0 -2.0  0.0  0.0   0.0   3.0   0.0   0.0   4.7  0.0  0.2
0.4722  14.39  0.1535    120  0.0115  0.006273    0.0  0.0 -1.5  0.6  0.0   0.0   2.6   0.0   0.0   2.7  0.0  0.2
0.0035   0.83  0.2890    200  0.0107  0.014305    0.0  0.0  0.0  0.5  0.0   0.0   0.0  -0.2   0.0   2.2  1.6  4.1
0.0051   1.18  0.3027    200  0.0085  0.013665    0.0  0.0  0.0  0.7  0.0   0.0   0.0   0.0   0.0   1.7  1.6  3.8
0.0075   1.32  0.3158    200  0.0083  0.012157    0.0  0.0  0.0  0.6  0.0   0.0   0.0  -0.2   0.0   1.7  0.8  3.3
0.0081   1.72  0.3516    200  0.0085  0.012938    0.0  0.0  0.0  0.8  0.0   0.0   0.0  -0.1   0.0   1.2  1.1  3.2
0.0122   1.76  0.3445    200  0.0095  0.011611    0.0  0.0  0.0  0.6  0.0   0.0   0.0  -0.3   0.0   1.5  0.5  2.9
0.0124   2.45  0.3786    200  0.0074  0.011276    0.0  0.0  0.0  0.5  0.0   0.0   0.0  -0.1   0.0   1.1  0.8  2.6
0.0138   3.25  0.3684    200  0.0183  0.009906    0.0  0.0  0.0  1.1  0.0   0.0   0.0   0.0   0.0   1.7  1.2  1.3
0.0174   1.77  0.3166    200  0.0134  0.010298    0.0  0.0  0.0  0.8  0.0   0.0   0.0  -0.5   0.0   1.7  0.2  2.6
0.0174   2.48  0.3675    200  0.0090  0.010865    0.0  0.0  0.0  0.6  0.0   0.0   0.0  -0.3   0.0   1.2  0.3  2.6
0.0169   3.62  0.3863    200  0.0134  0.008775    0.0  0.0  0.0  0.5  0.0   0.0   0.0  -0.1   0.0   1.5  1.2  1.1
0.0185   4.34  0.4076    200  0.0163  0.012296    0.0  0.0  0.0  1.4  0.0   0.0   0.0   0.0   0.0   1.6  1.7  1.3
0.0244   1.79  0.3062    200  0.0182  0.010261    0.0  0.0  0.0  1.1  0.0   0.0   0.0  -0.8   0.0   1.9  0.1  2.4
0.0246   2.50  0.3494    200  0.0081  0.009827    0.0  0.0  0.0  0.8  0.0   0.0   0.0  -0.5   0.0   1.3  0.2  2.3
0.0248   3.45  0.3848    200  0.0096  0.010064    0.0  0.0  0.0  0.7  0.0   0.0   0.0  -0.3   0.0   0.9  0.4  2.3
0.0240   4.54  0.3946    200  0.0113  0.008371    0.0  0.0  0.0  0.6  0.0   0.0   0.0  -0.1   0.0   1.3  1.2  1.0
0.0252   5.45  0.3957    200  0.0113  0.009908    0.0  0.0  0.0  0.5  0.0   0.0   0.0   0.0   0.0   1.5  1.6  1.1
0.0277   6.51  0.4177    200  0.0159  0.012827    0.0  0.0  0.0  1.4  0.0   0.0   0.0   0.0   0.0   1.7  1.7  1.3
0.0347   2.53  0.3482    200  0.0128  0.009824    0.0  0.0  0.0  1.1  0.0   0.0   0.0  -0.8   0.0   1.3  0.1  2.1
0.0349   3.46  0.3703    200  0.0115  0.009309    0.0  0.0  0.0  0.9  0.0   0.0   0.0  -0.5   0.0   0.9  0.2  2.1
0.0350   4.43  0.3967    200  0.0157  0.009546    0.0  0.0  0.0  0.7  0.0   0.0   0.0  -0.3   0.0   0.8  0.4  2.1
0.0346   5.50  0.3885    200  0.0135  0.006559    0.0  0.0  0.0  0.6  0.0   0.0   0.0  -0.2   0.0   0.9  0.8  1.0
0.0347   6.96  0.4245    200  0.0102  0.008616    0.0  0.0  0.0  0.5  0.0   0.0   0.0  -0.1   0.0   1.2  1.1  1.1
0.0368   8.65  0.3915    200  0.0161  0.011387    0.0  0.0  0.0  1.4  0.0   0.0   0.0   0.0   0.0   1.5  1.6  1.3
0.0484   3.52  0.3298    200  0.0115  0.008145    0.0  0.0  0.0  1.1  0.0   0.0   0.0  -0.8   0.0   1.0  0.1  1.8
0.0493   4.46  0.3764    200  0.0122  0.008417    0.0  0.0  0.0  1.0  0.0   0.0   0.0  -0.6   0.0   0.6  0.2  1.8
0.0490   5.47  0.3992    200  0.0131  0.006608    0.0  0.0  0.0  0.8  0.0   0.0   0.0  -0.4   0.0   0.4  0.3  1.3
0.0489   6.99  0.3851    200  0.0089  0.005554    0.0  0.0  0.0  0.7  0.0   0.0   0.0  -0.2   0.0   0.7  0.5  0.9
0.0494   8.96  0.3939    200  0.0094  0.006811    0.0  0.0  0.0  0.6  0.0   0.0   0.0  -0.1   0.0   0.9  0.9  1.0
0.0516  11.12  0.4282    200  0.0118  0.011182    0.0  0.0  0.0  1.5  0.0   0.0   0.0   0.0   0.0   1.2  1.3  1.2
0.0695   4.50  0.3414    200  0.0184  0.007642    0.0  0.0  0.0  1.2  0.0   0.0   0.0  -0.8   0.0   0.6  0.1  1.6
0.0690   5.48  0.3644    200  0.0192  0.007261    0.0  0.0  0.0  1.0  0.0   0.0   0.0  -0.6   0.0   0.2  0.1  1.6
0.0698   6.94  0.4126    200  0.0135  0.005979    0.0  0.0  0.0  0.9  0.0   0.0   0.0  -0.4   0.0   0.3  0.2  1.0
0.0695   8.99  0.3942    200  0.0120  0.005200    0.0  0.0  0.0  0.7  0.0   0.0   0.0  -0.3   0.0   0.6  0.4  0.8
0.0696  11.39  0.4245    200  0.0112  0.006452    0.0  0.0  0.0  0.6  0.0   0.0   0.0  -0.1   0.0   0.8  0.7  0.9
0.0707  14.46  0.3920    200  0.0141  0.009886    0.0  0.0  0.0  1.5  0.0   0.0   0.0   0.0   0.0   1.1  1.3  1.1
0.0893   5.50  0.3589    200  0.0283  0.008270    0.0  0.0  0.0  1.2  0.0   0.0   0.0  -0.9   0.0   0.4  0.1  1.7
0.0897   6.96  0.4048    200  0.0169  0.007219    0.0  0.0  0.0  1.0  0.0   0.0   0.0  -0.6   0.0   0.9  0.1  1.0
0.0899   8.96  0.3614    200  0.0139  0.006771    0.0  0.0  0.0  0.9  0.0   0.0   0.0  -0.4   0.0   1.3  0.2  0.9
0.0899  11.45  0.3804    200  0.0121  0.005807    0.0  0.0  0.0  0.7  0.0   0.0   0.0  -0.2   0.0   1.0  0.4  0.8
0.0901  14.66  0.4190    200  0.0140  0.007389    0.0  0.0  0.0  0.6  0.0   0.0   0.0  -0.1   0.0   1.2  0.7  0.9
0.0907  19.02  0.3856    200  0.0242  0.010475    0.0  0.0  0.0  1.4  0.0   0.0   0.0   0.0   0.0   1.5  1.4  1.1
0.1102   6.97  0.3479    200  0.0181  0.006358    0.0  0.0  0.0  1.2  0.0   0.0   0.0  -0.8   0.0   0.5  0.1  1.0
0.1101   8.99  0.3522    200  0.0161  0.006437    0.0  0.0  0.0  1.0  0.0   0.0   0.0  -0.5   0.0   1.2  0.1  0.8
0.1103  11.45  0.3731    200  0.0137  0.006119    0.0  0.0  0.0  0.8  0.0   0.0   0.0  -0.4   0.0   1.1  0.2  0.8
0.1100  14.76  0.3734    200  0.0136  0.006489    0.0  0.0  0.0  0.7  0.0   0.0   0.0  -0.2   0.0   1.3  0.4  0.8
0.1102  19.38  0.4567    200  0.0248  0.012040    0.0  0.0  0.0  1.6  0.0   0.0   0.0  -0.1   0.0   1.7  0.7  1.0
0.1395   7.15  0.3502    200  0.0195  0.006969    0.0  0.0  0.0  1.4  0.0   0.0   0.0  -1.0   0.0   0.6  0.0  0.8
0.1402   9.01  0.3904    200  0.0178  0.006579    0.0  0.0  0.0  1.1  0.0   0.0   0.0  -0.7   0.0   0.8  0.1  0.7
0.1398  11.43  0.3713    200  0.0115  0.006180    0.0  0.0  0.0  0.9  0.0   0.0   0.0  -0.5   0.0   1.1  0.1  0.7
0.1398  14.83  0.3537    200  0.0104  0.006493    0.0  0.0  0.0  0.8  0.0   0.0   0.0  -0.3   0.0   1.4  0.2  0.8
0.1400  19.32  0.3616    200  0.0128  0.007286    0.0  0.0  0.0  0.6  0.0   0.0   0.0  -0.1   0.0   1.7  0.4  0.8
0.1418  25.37  0.3794    200  0.0278  0.011564    0.0  0.0  0.0  1.8  0.0   0.0   0.0   0.0   0.0   2.1  0.8  1.0
0.1789   7.38  0.2916    200  0.0243  0.006288    0.0  0.0  0.0  1.6  0.0   0.0   0.0  -1.2   0.0   0.4  0.0  0.7
0.1803   8.97  0.3504    200  0.0202  0.006676    0.0  0.0  0.0  1.3  0.0   0.0   0.0  -0.9   0.0   0.8  0.0  0.7
0.1818  11.44  0.3437    200  0.0133  0.006225    0.0  0.0  0.0  1.1  0.0   0.0   0.0  -0.6   0.0   1.1  0.1  0.7
0.1804  14.86  0.3505    200  0.0123  0.006491    0.0  0.0  0.0  0.9  0.0   0.0   0.0  -0.4   0.0   1.4  0.1  0.7
0.1804  19.42  0.3552    200  0.0131  0.007493    0.0  0.0  0.0  0.7  0.0   0.0   0.0  -0.2   0.0   1.8  0.2  0.8
0.1805  25.90  0.3750    200  0.0237  0.010633    0.0  0.0  0.0  1.6  0.0   0.0   0.0  -0.1   0.0   2.1  0.5  0.9
0.2226   9.15  0.3263    200  0.0233  0.006217    0.0  0.0  0.0  1.3  0.0   0.0   0.0  -0.9   0.0   0.8  0.0  0.7
0.2264  11.47  0.3361    200  0.0141  0.006078    0.0  0.0  0.0  1.1  0.0   0.0   0.0  -0.6   0.0   1.1  0.0  0.7
0.2263  14.90  0.3083    200  0.0114  0.005710    0.0  0.0  0.0  0.9  0.0   0.0   0.0  -0.4   0.0   1.4  0.1  0.7
0.2254  19.53  0.3206    200  0.0119  0.006468    0.0  0.0  0.0  0.8  0.0   0.0   0.0  -0.2   0.0   1.7  0.1  0.7
0.2258  26.32  0.3309    200  0.0196  0.008065    0.0  0.0  0.0  1.1  0.0   0.0   0.0   0.0   0.0   2.0  0.3  0.8
0.2776  11.62  0.2730    200  0.0153  0.004989    0.0  0.0  0.0  1.0  0.0   0.0   0.0  -0.4   0.0   1.3  0.0  0.7
0.2755  14.82  0.2885    200  0.0133  0.005335    0.0  0.0  0.0  0.8  0.0   0.0   0.0  -0.2   0.0   1.5  0.0  0.7
0.2760  19.59  0.2804    200  0.0122  0.005530    0.0  0.0  0.0  0.7  0.0   0.0   0.0  -0.1   0.0   1.7  0.1  0.7
0.2764  26.49  0.2705    200  0.0184  0.005839    0.0  0.0  0.0  0.6  0.0   0.0   0.0   0.1   0.0   1.9  0.2  0.8
0.2763  33.92  0.3336    200  0.0377  0.007687    0.0  0.0  0.0  0.3  0.0   0.0   0.0   0.1   0.0   2.1  0.4  0.8
0.3421  15.02  0.2152    200  0.0091  0.004524    0.0  0.0  0.0  0.4  0.0   0.0   0.0   0.4   0.0   1.9  0.0  0.7
0.3467  19.65  0.2214    200  0.0086  0.004510    0.0  0.0  0.0  0.4  0.0   0.0   0.0   0.5   0.0   1.8  0.1  0.7
0.3473  26.20  0.2070    200  0.0112  0.004587    0.0  0.0  0.0  0.4  0.0   0.0   0.0   0.5   0.0   2.0  0.1  0.7
0.3494  34.49  0.2410    200  0.0206  0.008015    0.0  0.0  0.0 -2.2  0.0   0.0   0.0   0.5   0.0   2.3  0.2  0.8
0.4554  20.05  0.1462    200  0.0072  0.005706    0.0  0.0  0.0 -1.5  0.0   0.0   0.0   3.2   0.0   1.5  0.0  0.7
0.4745  26.22  0.1268    200  0.0075  0.004398    0.0  0.0  0.0 -1.0  0.0   0.0   0.0   2.7   0.0   1.8  0.1  0.7
0.4769  34.80  0.1077    200  0.0103  0.004129    0.0  0.0  0.0  0.0  0.6   0.0   0.0   2.2   0.0   3.0  0.1  0.7
0.0037   1.27  0.3389    280  0.0069  0.016285    0.0  0.0  0.0  0.0  0.5   0.0   0.0   0.0  -0.1   2.5  1.7  3.7
0.0050   1.71  0.3606    280  0.0069  0.014661    0.0  0.0  0.0  0.0  0.4   0.0   0.0   0.0   0.0   1.6  1.5  3.4
0.0056   2.15  0.3984    280  0.0151  0.014965    0.0  0.0  0.0  0.0  0.7   0.0   0.0   0.0   0.1   0.9  1.6  3.2
0.0073   1.81  0.3484    280  0.0091  0.012668    0.0  0.0  0.0  0.0  0.6   0.0   0.0   0.0  -0.2   1.2  0.7  3.3
0.0079   2.44  0.3849    280  0.0050  0.013614    0.0  0.0  0.0  0.0  0.5   0.0   0.0   0.0  -0.1   1.5  1.0  3.0
0.0090   3.37  0.4113    280  0.0080  0.013899    0.0  0.0  0.0  0.0  0.8   0.0   0.0   0.0   0.1   1.4  1.6  2.5
0.0121   2.55  0.3689    280  0.0071  0.011677    0.0  0.0  0.0  0.0  0.6   0.0   0.0   0.0  -0.3   1.0  0.4  2.9
0.0123   3.47  0.4012    280  0.0062  0.012301    0.0  0.0  0.0  0.0  0.5   0.0   0.0   0.0  -0.1   0.7  0.9  2.8
0.0125   4.45  0.4154    280  0.0063  0.013921    0.0  0.0  0.0  0.0  0.4   0.0   0.0   0.0   0.0   1.5  2.1  2.1
0.0139   5.38  0.4469    280  0.0112  0.017713    0.0  0.0  0.0  0.0  1.0   0.0   0.0   0.0   0.1   2.2  2.5  1.9
0.0173   2.59  0.3523    280  0.0109  0.010950    0.0  0.0  0.0  0.0  0.8   0.0   0.0   0.0  -0.5   1.2  0.2  2.7
0.0173   3.49  0.3804    280  0.0079  0.010853    0.0  0.0  0.0  0.0  0.7   0.0   0.0   0.0  -0.3   0.8  0.4  2.6
0.0174   4.46  0.4125    280  0.0085  0.011948    0.0  0.0  0.0  0.0  0.5   0.0   0.0   0.0  -0.1   0.4  1.1  2.6
0.0168   5.60  0.4242    280  0.0105  0.014037    0.0  0.0  0.0  0.0  0.5   0.0   0.0   0.0   0.0   1.9  2.2  1.5
0.0180   6.73  0.4240    280  0.0072  0.015757    0.0  0.0  0.0  0.0  1.1   0.0   0.0   0.0   0.1   2.1  2.3  1.7
0.0245   3.49  0.3716    280  0.0084  0.010615    0.0  0.0  0.0  0.0  0.9   0.0   0.0   0.0  -0.5   0.9  0.2  2.5
0.0245   4.48  0.3910    280  0.0076  0.010419    0.0  0.0  0.0  0.0  0.8   0.0   0.0   0.0  -0.3   0.6  0.5  2.4
0.0246   5.47  0.4107    280  0.0082  0.010780    0.0  0.0  0.0  0.0  0.6   0.0   0.0   0.0  -0.2   0.3  0.8  2.4
0.0236   7.22  0.4210    280  0.0068  0.010970    0.0  0.0  0.0  0.0  0.5   0.0   0.0   0.0   0.0   1.7  1.4  1.3
0.0253   8.88  0.4441    280  0.0064  0.013551    0.0  0.0  0.0  0.0  0.4   0.0   0.0   0.0   0.1   2.0  1.7  1.5
0.0279  10.79  0.4713    280  0.0117  0.017413    0.0  0.0  0.0  0.0  1.1   0.0   0.0   0.0   0.1   2.1  2.1  1.9
0.0347   4.48  0.4139    280  0.0109  0.010649    0.0  0.0  0.0  0.0  1.0   0.0   0.0   0.0  -0.5   0.7  0.2  2.2
0.0348   5.49  0.3969    280  0.0102  0.009706    0.0  0.0  0.0  0.0  0.8   0.0   0.0   0.0  -0.4   0.5  0.3  2.2
0.0348   6.86  0.4027    280  0.0091  0.009572    0.0  0.0  0.0  0.0  0.6   0.0   0.0   0.0  -0.2   0.4  0.5  2.2
0.0345   9.03  0.4221    280  0.0079  0.008904    0.0  0.0  0.0  0.0  0.5   0.0   0.0   0.0  -0.1   1.3  0.9  1.3
0.0348  11.44  0.4406    280  0.0063  0.012194    0.0  0.0  0.0  0.0  0.5   0.0   0.0   0.0   0.0   1.7  1.6  1.4
0.0369  14.10  0.4566    280  0.0109  0.016577    0.0  0.0  0.0  0.0  1.2   0.0   0.0   0.0   0.1   2.0  2.2  1.7
0.0469   5.53  0.3872    280  0.0110  0.009532    0.0  0.0  0.0  0.0  1.0   0.0   0.0   0.0  -0.6   0.5  0.2  2.1
0.0493   6.93  0.3940    280  0.0072  0.008959    0.0  0.0  0.0  0.0  0.9   0.0   0.0   0.0  -0.4   0.4  0.2  2.0
0.0490   8.99  0.4008    280  0.0076  0.007336    0.0  0.0  0.0  0.0  0.7   0.0   0.0   0.0  -0.3   0.6  0.4  1.5
0.0487  11.57  0.4257    280  0.0060  0.007907    0.0  0.0  0.0  0.0  0.6   0.0   0.0   0.0  -0.1   1.2  0.8  1.0
0.0494  14.87  0.4317    280  0.0053  0.010450    0.0  0.0  0.0  0.0  0.5   0.0   0.0   0.0   0.0   1.4  1.4  1.3
0.0529  18.90  0.4567    280  0.0081  0.015528    0.0  0.0  0.0  0.0  1.3   0.0   0.0   0.0   0.1   1.7  2.1  1.6
0.0663   7.32  0.3753    280  0.0137  0.008681    0.0  0.0  0.0  0.0  1.1   0.0   0.0   0.0  -0.6   0.4  0.1  1.9
0.0699   8.93  0.3900    280  0.0110  0.008686    0.0  0.0  0.0  0.0  0.9   0.0   0.0   0.0  -0.5   0.5  0.2  1.9
0.0696  11.47  0.4086    280  0.0085  0.006383    0.0  0.0  0.0  0.0  0.7   0.0   0.0   0.0  -0.3   0.7  0.4  1.1
0.0694  15.01  0.4135    280  0.0066  0.007017    0.0  0.0  0.0  0.0  0.6   0.0   0.0   0.0  -0.1   1.1  0.7  0.9
0.0699  19.65  0.4269    280  0.0061  0.009865    0.0  0.0  0.0  0.0  0.5   0.0   0.0   0.0   0.0   1.4  1.3  1.2
0.0716  25.56  0.4746    280  0.0139  0.016045    0.0  0.0  0.0  0.0  1.2   0.0   0.0   0.0   0.1   1.7  2.2  1.5
0.0863   9.35  0.3505    280  0.0188  0.008353    0.0  0.0  0.0  0.0  1.1   0.0   0.0   0.0  -0.6   0.7  0.1  1.9
0.0897  11.49  0.4088    280  0.0103  0.007381    0.0  0.0  0.0  0.0  0.9   0.0   0.0   0.0  -0.4   0.9  0.2  1.2
0.0897  14.97  0.3964    280  0.0084  0.006477    0.0  0.0  0.0  0.0  0.7   0.0   0.0   0.0  -0.3   1.2  0.4  0.7
0.0895  19.88  0.4020    280  0.0067  0.007959    0.0  0.0  0.0  0.0  0.6   0.0   0.0   0.0  -0.1   1.5  0.7  0.9
0.0903  26.07  0.4068    280  0.0084  0.011825    0.0  0.0  0.0  0.0  1.2   0.0   0.0   0.0   0.0   1.9  1.4  1.2
0.1095  11.80  0.3664    280  0.0132  0.006933    0.0  0.0  0.0  0.0  1.0   0.0   0.0   0.0  -0.6   1.1  0.1  1.0
0.1097  14.93  0.3908    280  0.0103  0.006958    0.0  0.0  0.0  0.0  0.8   0.0   0.0   0.0  -0.4   1.3  0.2  0.8
0.1097  19.86  0.3832    280  0.0074  0.007731    0.0  0.0  0.0  0.0  0.7   0.0   0.0   0.0  -0.2   1.7  0.4  0.7
0.1100  26.38  0.3760    280  0.0078  0.009102    0.0  0.0  0.0  0.0  0.6   0.0   0.0   0.0  -0.1   2.0  0.7  1.0
0.1106  34.50  0.4316    280  0.0170  0.014256    0.0  0.0  0.0  0.0  1.4   0.0   0.0   0.0   0.1   2.3  1.4  1.3
0.1391  11.77  0.3620    280  0.0219  0.007688    0.0  0.0  0.0  0.0  1.2   0.0   0.0   0.0  -0.8   1.1  0.1  1.1
0.1374  15.03  0.3834    280  0.0089  0.007193    0.0  0.0  0.0  0.0  0.9   0.0   0.0   0.0  -0.5   1.4  0.1  0.7
0.1389  19.89  0.3664    280  0.0060  0.007346    0.0  0.0  0.0  0.0  0.8   0.0   0.0   0.0  -0.3   1.7  0.2  0.6
0.1394  26.63  0.3746    280  0.0060  0.008849    0.0  0.0  0.0  0.0  0.6   0.0   0.0   0.0  -0.1   2.1  0.4  0.8
0.1401  35.24  0.3639    280  0.0100  0.011074    0.0  0.0  0.0  0.0  1.3   0.0   0.0   0.0   0.0   2.4  0.9  1.0
0.1790  15.07  0.3294    280  0.0107  0.006413    0.0  0.0  0.0  0.0  1.1   0.0   0.0   0.0  -0.6   1.4  0.1  0.5
0.1796  19.99  0.3349    280  0.0070  0.007081    0.0  0.0  0.0  0.0  0.9   0.0   0.0   0.0  -0.4   1.8  0.1  0.5
0.1793  26.74  0.3392    280  0.0065  0.007838    0.0  0.0  0.0  0.0  0.7   0.0   0.0   0.0  -0.2   2.1  0.2  0.6
0.1800  35.13  0.3548    280  0.0083  0.009401    0.0  0.0  0.0  0.0  0.6   0.0   0.0   0.0  -0.1   2.4  0.5  0.8
0.1807  45.79  0.3708    280  0.0156  0.012186    0.0  0.0  0.0  0.0  1.3   0.0   0.0   0.0   0.1   2.7  0.9  1.0
0.2245  15.14  0.3210    280  0.0114  0.006241    0.0  0.0  0.0  0.0  1.1   0.0   0.0   0.0  -0.6   1.4  0.0  0.5
0.2245  19.97  0.3042    280  0.0069  0.006175    0.0  0.0  0.0  0.0  0.9   0.0   0.0   0.0  -0.4   1.7  0.1  0.5
0.2244  26.77  0.3154    280  0.0064  0.007031    0.0  0.0  0.0  0.0  0.8   0.0   0.0   0.0  -0.2   2.0  0.2  0.5
0.2242  35.28  0.3038    280  0.0071  0.007583    0.0  0.0  0.0  0.0  0.7   0.0   0.0   0.0   0.0   2.3  0.3  0.6
0.2250  46.62  0.3167    280  0.0121  0.009217    0.0  0.0  0.0  0.0  1.1   0.0   0.0   0.0   0.1   2.5  0.6  0.8
0.2654  16.07  0.3154    280  0.0288  0.005607    0.0  0.0  0.0  0.0  0.9   0.0   0.0   0.0  -0.3   1.5  0.0  0.1
0.2744  19.99  0.2840    280  0.0079  0.005558    0.0  0.0  0.0  0.0  0.8   0.0   0.0   0.0  -0.2   1.7  0.1  0.5
0.2742  26.76  0.2644    280  0.0065  0.005521    0.0  0.0  0.0  0.0  0.7   0.0   0.0   0.0   0.0   1.9  0.1  0.5
0.2749  35.44  0.2800    280  0.0074  0.006305    0.0  0.0  0.0  0.0  0.6   0.0   0.0   0.0   0.1   2.1  0.2  0.5
0.2745  47.03  0.2769    280  0.0113  0.006900    0.0  0.0  0.0  0.0  0.6   0.0   0.0   0.0   0.2   2.3  0.4  0.6
0.2772  59.81  0.1879    280  0.0288  0.005338    0.0  0.0  0.0  0.0  0.3   0.0   0.0   0.0   0.2   2.4  0.7  1.3
0.3293  20.74  0.2465    280  0.0085  0.004767    0.0  0.0  0.0  0.0  0.3   0.0   0.0   0.0   0.5   1.8  0.0  0.4
0.3447  26.74  0.2216    280  0.0049  0.004753    0.0  0.0  0.0  0.0  0.3   0.0   0.0   0.0   0.5   2.0  0.1  0.5
0.3453  35.49  0.2187    280  0.0051  0.005339    0.0  0.0  0.0  0.0  0.4   0.0   0.0   0.0   0.5   2.3  0.1  0.5
0.3461  46.63  0.2242    280  0.0066  0.006124    0.0  0.0  0.0  0.0  0.4   0.0   0.0   0.0   0.5   2.6  0.2  0.5
0.3501  61.21  0.2340    280  0.0193  0.009198    0.0  0.0  0.0  0.0 -2.4   0.0   0.0   0.0   0.5   2.8  0.4  1.2
0.4331  27.70  0.1653    280  0.0057  0.007135    0.0  0.0  0.0  0.0 -1.7   0.0   0.0   0.0   3.5   1.8  0.0  0.5
0.4652  35.55  0.1347    280  0.0035  0.005888    0.0  0.0  0.0  0.0 -1.2   0.0   0.0   0.0   2.9   3.0  0.1  0.5
0.4701  46.57  0.1220    280  0.0040  0.005674    0.0  0.0  0.0  0.0 -0.7   0.0   0.0   0.0   2.4   3.9  0.1  0.4
0.4790  62.34  0.1227    280  0.0099  0.006265    0.0  0.0  0.0  0.0  0.0   0.0   0.0   0.0   1.9   4.6  0.3  1.1