nmc,f2,d target
converted from 10039.xlsx
*
 0.0250  11
x     Q2      F2  Ebeam    stat    sys_tot  sys_u  de1  de2  de3  de4  dep1  dep2  dep3  dep4  dac  drc  dre
0.0078   0.80  0.2667     90  0.0027   2.765863    0.0  0.5  0.0  0.0  0.0  -0.1   0.0   0.0   0.0  2.1  1.7  0.3
0.0092   1.09  0.2901     90  0.0062   2.501999    0.0  0.4  0.0  0.0  0.0   0.1   0.0   0.0   0.0  1.0  2.2  0.5
0.0120   0.90  0.2694     90  0.0054   2.915476    0.0  0.7  0.0  0.0  0.0  -0.2   0.0   0.0   0.0  2.7  0.8  0.2
0.0125   1.22  0.2946     90  0.0029   2.304344    0.0  0.6  0.0  0.0  0.0  -0.1   0.0   0.0   0.0  1.7  1.4  0.3
0.0139   1.62  0.3102     90  0.0074   2.242766    0.0  0.4  0.0  0.0  0.0   0.1   0.0   0.0   0.0  1.0  1.9  0.5
0.0173   1.27  0.2978     90  0.0040   2.249444    0.0  0.7  0.0  0.0  0.0  -0.2   0.0   0.0   0.0  2.0  0.7  0.2
0.0176   1.72  0.3304     90  0.0041   1.894730    0.0  0.6  0.0  0.0  0.0  -0.1   0.0   0.0   0.0  1.3  1.2  0.3
0.0185   2.16  0.3238     90  0.0084   1.913113    0.0  0.5  0.0  0.0  0.0   0.0   0.0   0.0   0.0  1.0  1.5  0.4
0.0246   1.27  0.2967     90  0.0049   2.431049    0.0  0.9  0.0  0.0  0.0  -0.4   0.0   0.0   0.0  2.2  0.3  0.1
0.0247   1.75  0.3205     90  0.0035   1.667333    0.0  0.7  0.0  0.0  0.0  -0.2   0.0   0.0   0.0  1.4  0.5  0.2
0.0254   2.36  0.3409     90  0.0034   1.442221    0.0  0.6  0.0  0.0  0.0  -0.1   0.0   0.0   0.0  0.9  0.9  0.3
0.0276   3.24  0.3324     90  0.0133   2.051828    0.0  0.5  0.0  0.0  0.0   0.1   0.0   0.0   0.0  0.9  1.7  0.5
0.0348   1.30  0.3057     90  0.0077   2.634388    0.0  1.2  0.0  0.0  0.0  -0.7   0.0   0.0   0.0  2.2  0.4  0.1
0.0348   1.76  0.3155     90  0.0049   1.717556    0.0  1.0  0.0  0.0  0.0  -0.4   0.0   0.0   0.0  1.3  0.3  0.1
0.0349   2.45  0.3405     90  0.0036   1.170470    0.0  0.8  0.0  0.0  0.0  -0.2   0.0   0.0   0.0  0.7  0.4  0.2
0.0354   3.34  0.3624     90  0.0066   1.382027    0.0  0.6  0.0  0.0  0.0   0.0   0.0   0.0   0.0  0.5  1.1  0.3
0.0364   4.27  0.3541     90  0.0205   2.582634    0.0  0.5  0.0  0.0  0.0   0.1   0.0   0.0   0.0  0.7  2.4  0.4
0.0495   1.33  0.3233     90  0.0089   3.238827    0.0  1.6  0.0  0.0  0.0  -1.0   0.0   0.0   0.0  2.6  0.4  0.1
0.0493   1.76  0.3189     90  0.0050   1.946792    0.0  1.2  0.0  0.0  0.0  -0.7   0.0   0.0   0.0  1.3  0.4  0.1
0.0494   2.48  0.3375     90  0.0033   1.228821    0.0  1.0  0.0  0.0  0.0  -0.4   0.0   0.0   0.0  0.5  0.3  0.1
0.0501   3.41  0.3574     90  0.0042   1.058301    0.0  0.8  0.0  0.0  0.0  -0.2   0.0   0.0   0.0  0.2  0.6  0.2
0.0509   4.39  0.3589     90  0.0082   1.410674    0.0  0.6  0.0  0.0  0.0  -0.1   0.0   0.0   0.0  0.3  1.2  0.3
0.0526   5.31  0.3957     90  0.0198   1.749286    0.0  0.5  0.0  0.0  0.0   0.0   0.0   0.0   0.0  0.4  1.6  0.3
0.0700   1.35  0.3154     90  0.0132   4.297674    0.0  2.0  0.0  0.0  0.0  -1.4   0.0   0.0   0.0  3.5  0.5  0.1
0.0699   1.77  0.3229     90  0.0073   2.640076    0.0  1.6  0.0  0.0  0.0  -1.0   0.0   0.0   0.0  1.8  0.4  0.1
0.0694   2.48  0.3348     90  0.0044   1.489966    0.0  1.2  0.0  0.0  0.0  -0.6   0.0   0.0   0.0  0.5  0.4  0.1
0.0696   3.45  0.3608     90  0.0050   1.140175    0.0  1.0  0.0  0.0  0.0  -0.4   0.0   0.0   0.0  0.2  0.3  0.1
0.0702   4.42  0.3579     90  0.0070   1.048809    0.0  0.8  0.0  0.0  0.0  -0.2   0.0   0.0   0.0  0.4  0.5  0.1
0.0703   5.38  0.3654     90  0.0122   1.195826    0.0  0.7  0.0  0.0  0.0  -0.1   0.0   0.0   0.0  0.5  0.8  0.2
0.0711   6.38  0.3641     90  0.0253   1.382027    0.0  0.6  0.0  0.0  0.0   0.0   0.0   0.0   0.0  0.5  1.1  0.3
0.0902   1.38  0.3267     90  0.0195   5.387021    0.0  2.5  0.0  0.0  0.0  -1.8   0.0   0.0   0.0  4.4  0.4  0.1
0.0899   1.76  0.3222     90  0.0096   3.590265    0.0  2.0  0.0  0.0  0.0  -1.4   0.0   0.0   0.0  2.6  0.4  0.1
0.0897   2.47  0.3358     90  0.0057   2.009975    0.0  1.5  0.0  0.0  0.0  -0.9   0.0   0.0   0.0  0.9  0.4  0.1
0.0897   3.46  0.3416     90  0.0056   1.264911    0.0  1.1  0.0  0.0  0.0  -0.5   0.0   0.0   0.0  0.2  0.3  0.1
0.0900   4.44  0.3577     90  0.0075   1.118034    0.0  0.9  0.0  0.0  0.0  -0.3   0.0   0.0   0.0  0.5  0.3  0.1
0.0903   5.44  0.3801     90  0.0117   1.157584    0.0  0.8  0.0  0.0  0.0  -0.2   0.0   0.0   0.0  0.7  0.4  0.1
0.0897   6.50  0.3527     90  0.0173   1.240967    0.0  0.7  0.0  0.0  0.0  -0.1   0.0   0.0   0.0  0.8  0.6  0.2
0.1090   1.78  0.3220     90  0.0117   4.311612    0.0  2.3  0.0  0.0  0.0  -1.7   0.0   0.0   0.0  3.2  0.4  0.1
0.1096   2.49  0.3346     90  0.0069   2.495997    0.0  1.7  0.0  0.0  0.0  -1.1   0.0   0.0   0.0  1.4  0.4  0.1
0.1098   3.48  0.3353     90  0.0065   1.539480    0.0  1.3  0.0  0.0  0.0  -0.7   0.0   0.0   0.0  0.3  0.3  0.1
0.1100   4.45  0.3360     90  0.0077   1.311488    0.0  1.1  0.0  0.0  0.0  -0.5   0.0   0.0   0.0  0.4  0.3  0.1
0.1105   5.44  0.3314     90  0.0105   1.200000    0.0  0.9  0.0  0.0  0.0  -0.3   0.0   0.0   0.0  0.7  0.2  0.1
0.1096   6.60  0.3379     90  0.0144   1.260952    0.0  0.8  0.0  0.0  0.0  -0.2   0.0   0.0   0.0  0.9  0.3  0.1
0.1282   1.86  0.3479     90  0.0198   4.869292    0.0  2.7  0.0  0.0  0.0  -2.0   0.0   0.0   0.0  3.5  0.4  0.1
0.1383   2.49  0.3298     90  0.0060   3.182766    0.0  2.0  0.0  0.0  0.0  -1.4   0.0   0.0   0.0  2.0  0.4  0.1
0.1396   3.48  0.3328     90  0.0057   1.910497    0.0  1.5  0.0  0.0  0.0  -0.9   0.0   0.0   0.0  0.7  0.3  0.1
0.1394   4.45  0.3272     90  0.0062   1.410674    0.0  1.2  0.0  0.0  0.0  -0.6   0.0   0.0   0.0  0.3  0.3  0.1
0.1398   5.46  0.3411     90  0.0085   1.311488    0.0  1.1  0.0  0.0  0.0  -0.4   0.0   0.0   0.0  0.5  0.3  0.1
0.1407   6.69  0.3363     90  0.0097   1.260952    0.0  0.9  0.0  0.0  0.0  -0.3   0.0   0.0   0.0  0.8  0.2  0.1
0.1737   2.67  0.3277     90  0.0091   3.185906    0.0  2.2  0.0  0.0  0.0  -1.5   0.0   0.0   0.0  1.7  0.4  0.1
0.1803   3.46  0.3069     90  0.0066   2.280351    0.0  1.7  0.0  0.0  0.0  -1.0   0.0   0.0   0.0  1.1  0.3  0.1
0.1799   4.46  0.3197     90  0.0076   1.705872    0.0  1.4  0.0  0.0  0.0  -0.7   0.0   0.0   0.0  0.6  0.3  0.1
0.1806   5.46  0.3088     90  0.0088   1.396424    0.0  1.2  0.0  0.0  0.0  -0.5   0.0   0.0   0.0  0.4  0.3  0.1
0.1801   6.77  0.3203     90  0.0097   1.208305    0.0  1.0  0.0  0.0  0.0  -0.4   0.0   0.0   0.0  0.5  0.2  0.1
0.1769   8.50  0.3092     90  0.0232   1.240967    0.0  0.9  0.0  0.0  0.0  -0.2   0.0   0.0   0.0  0.8  0.2  0.1
0.2048   2.90  0.2970     90  0.0263   2.698148    0.0  2.1  0.0  0.0  0.0  -1.4   0.0   0.0   0.0  0.9  0.3  0.1
0.2203   3.51  0.2924     90  0.0070   2.278157    0.0  1.8  0.0  0.0  0.0  -1.1   0.0   0.0   0.0  0.8  0.3  0.1
0.2255   4.47  0.2820     90  0.0070   1.743560    0.0  1.4  0.0  0.0  0.0  -0.7   0.0   0.0   0.0  0.7  0.3  0.1
0.2259   5.47  0.2937     90  0.0090   1.466288    0.0  1.2  0.0  0.0  0.0  -0.5   0.0   0.0   0.0  0.6  0.3  0.1
0.2273   6.81  0.2789     90  0.0086   1.244990    0.0  1.0  0.0  0.0  0.0  -0.3   0.0   0.0   0.0  0.6  0.3  0.1
0.2211   8.64  0.2874     90  0.0182   1.122497    0.0  0.9  0.0  0.0  0.0  -0.2   0.0   0.0   0.0  0.6  0.2  0.1
0.2643   3.75  0.2690     90  0.0118   2.332381    0.0  1.4  0.0  0.0  0.0  -0.7   0.0   0.0   0.0  1.7  0.3  0.1
0.2723   4.47  0.2672     90  0.0079   1.931321    0.0  1.3  0.0  0.0  0.0  -0.5   0.0   0.0   0.0  1.3  0.3  0.1
0.2746   5.44  0.2562     90  0.0091   1.549193    0.0  1.1  0.0  0.0  0.0  -0.3   0.0   0.0   0.0  1.0  0.3  0.1
0.2792   6.84  0.2512     90  0.0090   1.200000    0.0  0.9  0.0  0.0  0.0  -0.2   0.0   0.0   0.0  0.7  0.3  0.1
0.2729   8.70  0.2550     90  0.0167   1.024695    0.0  0.8  0.0  0.0  0.0   0.0   0.0   0.0   0.0  0.6  0.2  0.1
0.3145   4.61  0.2286     90  0.0088   4.439595    0.0  0.4  0.0  0.0  0.0   0.3   0.0   0.0   0.0  4.4  0.3  0.1
0.3373   5.46  0.2267     90  0.0071   3.355592    0.0  0.4  0.0  0.0  0.0   0.4   0.0   0.0   0.0  3.3  0.2  0.1
0.3485   6.87  0.2195     90  0.0068   2.186321    0.0  0.4  0.0  0.0  0.0   0.4   0.0   0.0   0.0  2.1  0.2  0.1
0.3432   8.73  0.2074     90  0.0108   1.378405    0.0  0.4  0.0  0.0  0.0   0.5   0.0   0.0   0.0  1.2  0.2  0.1
0.3931   5.72  0.1680     90  0.0147  10.512374    0.0 -2.9  0.0  0.0  0.0   3.7   0.0   0.0   0.0  9.4  0.2  0.1
0.4379   6.96  0.1603     90  0.0061   8.176796    0.0 -2.5  0.0  0.0  0.0   3.4   0.0   0.0   0.0  7.0  0.2  0.1
0.4603   8.74  0.1310     90  0.0070   5.658622    0.0 -1.9  0.0  0.0  0.0   3.0   0.0   0.0   0.0  4.4  0.2  0.1
0.0087   1.19  0.2894    120  0.0070   2.042058    0.0  0.0  0.5  0.0  0.0   0.0   0.0   0.0   0.0  1.0  1.6  0.6
0.0117   1.37  0.2907    120  0.0077   2.158703    0.0  0.0  0.6  0.0  0.0   0.0  -0.2   0.0   0.0  1.7  1.1  0.4
0.0129   1.70  0.3247    120  0.0056   1.714643    0.0  0.0  0.5  0.0  0.0   0.0   0.0   0.0   0.0  1.0  1.2  0.5
0.0172   1.77  0.3279    120  0.0082   1.694107    0.0  0.0  0.7  0.0  0.0   0.0  -0.2   0.0   0.0  1.3  0.7  0.4
0.0178   2.34  0.3428    120  0.0054   1.615549    0.0  0.0  0.6  0.0  0.0   0.0   0.0   0.0   0.0  1.0  1.0  0.5
0.0241   1.82  0.3184    120  0.0102   1.763519    0.0  0.0  0.9  0.0  0.0   0.0  -0.4   0.0   0.0  1.4  0.3  0.3
0.0245   2.50  0.3351    120  0.0042   1.322876    0.0  0.0  0.7  0.0  0.0   0.0  -0.2   0.0   0.0  0.9  0.5  0.4
0.0260   3.36  0.3560    120  0.0056   1.691153    0.0  0.0  0.6  0.0  0.0   0.0   0.0   0.0   0.0  0.9  1.2  0.5
0.0347   2.51  0.3486    120  0.0075   1.280625    0.0  0.0  0.9  0.0  0.0   0.0  -0.4   0.0   0.0  0.7  0.3  0.3
0.0348   3.48  0.3579    120  0.0056   1.195826    0.0  0.0  0.7  0.0  0.0   0.0  -0.2   0.0   0.0  0.5  0.7  0.4
0.0354   4.41  0.3619    120  0.0072   1.749286    0.0  0.0  0.6  0.0  0.0   0.0   0.0   0.0   0.0  0.7  1.4  0.5
0.0374   5.32  0.4004    120  0.0195   2.204541    0.0  0.0  0.5  0.0  0.0   0.0   0.0   0.0   0.0  0.8  1.9  0.6
0.0496   2.54  0.3200    120  0.0072   1.500000    0.0  0.0  1.2  0.0  0.0   0.0  -0.6   0.0   0.0  0.5  0.4  0.2
0.0494   3.49  0.3544    120  0.0054   1.058301    0.0  0.0  0.9  0.0  0.0   0.0  -0.3   0.0   0.0  0.2  0.3  0.3
0.0495   4.47  0.3589    120  0.0055   1.161895    0.0  0.0  0.8  0.0  0.0   0.0  -0.2   0.0   0.0  0.3  0.7  0.3
0.0505   5.43  0.3689    120  0.0072   1.276715    0.0  0.0  0.7  0.0  0.0   0.0  -0.1   0.0   0.0  0.4  0.9  0.4
0.0524   6.61  0.3901    120  0.0111   1.552417    0.0  0.0  0.6  0.0  0.0   0.0   0.0   0.0   0.0  0.6  1.2  0.5
0.0707   2.56  0.3307    120  0.0112   1.873499    0.0  0.0  1.5  0.0  0.0   0.0  -0.9   0.0   0.0  0.5  0.4  0.2
0.0702   3.50  0.3408    120  0.0072   1.403567    0.0  0.0  1.2  0.0  0.0   0.0  -0.6   0.0   0.0  0.2  0.3  0.2
0.0698   4.48  0.3442    120  0.0068   1.204159    0.0  0.0  1.0  0.0  0.0   0.0  -0.4   0.0   0.0  0.4  0.3  0.2
0.0700   5.47  0.3606    120  0.0078   1.086278    0.0  0.0  0.8  0.0  0.0   0.0  -0.2   0.0   0.0  0.5  0.4  0.3
0.0700   6.86  0.3691    120  0.0091   1.183216    0.0  0.0  0.7  0.0  0.0   0.0  -0.1   0.0   0.0  0.5  0.7  0.4
0.0718   8.61  0.3976    120  0.0199   1.438749    0.0  0.0  0.6  0.0  0.0   0.0   0.0   0.0   0.0  0.5  1.1  0.5
0.0915   2.61  0.3587    120  0.0171   2.385372    0.0  0.0  1.8  0.0  0.0   0.0  -1.2   0.0   0.0  0.9  0.4  0.2
0.0909   3.50  0.3253    120  0.0090   1.664332    0.0  0.0  1.4  0.0  0.0   0.0  -0.8   0.0   0.0  0.2  0.3  0.2
0.0906   4.47  0.3487    120  0.0086   1.438749    0.0  0.0  1.2  0.0  0.0   0.0  -0.5   0.0   0.0  0.5  0.3  0.2
0.0904   5.48  0.3513    120  0.0089   1.315295    0.0  0.0  1.0  0.0  0.0   0.0  -0.4   0.0   0.0  0.7  0.2  0.2
0.0903   6.81  0.3618    120  0.0081   1.224745    0.0  0.0  0.8  0.0  0.0   0.0  -0.2   0.0   0.0  0.8  0.3  0.3
0.0905   8.77  0.3827    120  0.0149   1.288410    0.0  0.0  0.7  0.0  0.0   0.0  -0.1   0.0   0.0  0.8  0.6  0.4
0.1125   2.62  0.3078    120  0.0176   2.920616    0.0  0.0  2.1  0.0  0.0   0.0  -1.4   0.0   0.0  1.4  0.4  0.2
0.1120   3.48  0.3508    120  0.0140   1.962142    0.0  0.0  1.6  0.0  0.0   0.0  -1.0   0.0   0.0  0.3  0.4  0.2
0.1110   4.49  0.3390    120  0.0106   1.571623    0.0  0.0  1.3  0.0  0.0   0.0  -0.7   0.0   0.0  0.4  0.3  0.2
0.1108   5.49  0.3428    120  0.0102   1.442221    0.0  0.0  1.1  0.0  0.0   0.0  -0.5   0.0   0.0  0.7  0.3  0.2
0.1108   6.84  0.3487    120  0.0087   1.407125    0.0  0.0  1.0  0.0  0.0   0.0  -0.3   0.0   0.0  0.9  0.2  0.2
0.1105   8.86  0.3448    120  0.0134   1.363818    0.0  0.0  0.8  0.0  0.0   0.0  -0.2   0.0   0.0  1.0  0.3  0.3
0.1112  10.75  0.3544    120  0.0251   1.382027    0.0  0.0  0.7  0.0  0.0   0.0  -0.1   0.0   0.0  1.0  0.5  0.4
0.1432   3.48  0.3197    120  0.0109   2.395830    0.0  0.0  1.9  0.0  0.0   0.0  -1.2   0.0   0.0  0.7  0.4  0.2
0.1419   4.49  0.3105    120  0.0082   1.830301    0.0  0.0  1.5  0.0  0.0   0.0  -0.9   0.0   0.0  0.3  0.4  0.2
0.1409   5.48  0.3177    120  0.0081   1.558846    0.0  0.0  1.3  0.0  0.0   0.0  -0.6   0.0   0.0  0.5  0.3  0.2
0.1411   6.87  0.3180    120  0.0064   1.462874    0.0  0.0  1.1  0.0  0.0   0.0  -0.4   0.0   0.0  0.8  0.3  0.2
0.1405   8.90  0.3356    120  0.0101   1.407125    0.0  0.0  0.9  0.0  0.0   0.0  -0.3   0.0   0.0  1.0  0.2  0.2
0.1421  11.00  0.3345    120  0.0138   1.506652    0.0  0.0  0.8  0.0  0.0   0.0  -0.1   0.0   0.0  1.2  0.3  0.3
0.1814   3.62  0.3014    120  0.0158   2.776689    0.0  0.0  2.1  0.0  0.0   0.0  -1.4   0.0   0.0  1.1  0.3  0.2
0.1859   4.50  0.2968    120  0.0099   2.092845    0.0  0.0  1.7  0.0  0.0   0.0  -1.0   0.0   0.0  0.6  0.3  0.2
0.1840   5.49  0.2913    120  0.0092   1.783255    0.0  0.0  1.5  0.0  0.0   0.0  -0.8   0.0   0.0  0.4  0.3  0.2
0.1833   6.87  0.3012    120  0.0073   1.438749    0.0  0.0  1.2  0.0  0.0   0.0  -0.5   0.0   0.0  0.5  0.3  0.2
0.1810   8.93  0.2973    120  0.0109   1.345362    0.0  0.0  1.0  0.0  0.0   0.0  -0.3   0.0   0.0  0.8  0.2  0.2
0.1813  11.15  0.3418    120  0.0135   1.389244    0.0  0.0  0.9  0.0  0.0   0.0  -0.2   0.0   0.0  1.0  0.2  0.2
0.2282   4.55  0.2707    120  0.0118   2.123676    0.0  0.0  1.7  0.0  0.0   0.0  -1.0   0.0   0.0  0.7  0.3  0.2
0.2304   5.47  0.2722    120  0.0097   1.838478    0.0  0.0  1.5  0.0  0.0   0.0  -0.8   0.0   0.0  0.6  0.3  0.2
0.2304   6.92  0.2769    120  0.0073   1.476482    0.0  0.0  1.2  0.0  0.0   0.0  -0.5   0.0   0.0  0.6  0.3  0.2
0.2270   8.83  0.2783    120  0.0092   1.256981    0.0  0.0  1.0  0.0  0.0   0.0  -0.3   0.0   0.0  0.6  0.3  0.2
0.2271  11.23  0.3041    120  0.0119   1.191638    0.0  0.0  0.9  0.0  0.0   0.0  -0.2   0.0   0.0  0.7  0.2  0.2
0.2795   5.54  0.2598    120  0.0125   1.679286    0.0  0.0  1.2  0.0  0.0   0.0  -0.5   0.0   0.0  1.0  0.3  0.2
0.2849   6.93  0.2389    120  0.0075   1.307670    0.0  0.0  1.0  0.0  0.0   0.0  -0.3   0.0   0.0  0.7  0.3  0.2
0.2801   8.85  0.2423    120  0.0095   1.144552    0.0  0.0  0.9  0.0  0.0   0.0  -0.1   0.0   0.0  0.6  0.3  0.2
0.2783  11.26  0.2350    120  0.0106   1.100000    0.0  0.0  0.8  0.0  0.0   0.0   0.0   0.0   0.0  0.7  0.2  0.2
0.2788  14.18  0.2204    120  0.0173   1.104536    0.0  0.0  0.7  0.0  0.0   0.0   0.1   0.0   0.0  0.8  0.2  0.2
0.3421   7.08  0.2168    120  0.0073   2.197726    0.0  0.0  0.3  0.0  0.0   0.0   0.5   0.0   0.0  2.1  0.2  0.2
0.3535   8.86  0.1993    120  0.0068   1.363818    0.0  0.0  0.3  0.0  0.0   0.0   0.5   0.0   0.0  1.2  0.2  0.2
0.3526  11.32  0.1829    120  0.0073   0.953939    0.0  0.0  0.3  0.0  0.0   0.0   0.5   0.0   0.0  0.7  0.2  0.2
0.3516  14.31  0.1846    120  0.0112   1.109054    0.0  0.0  0.3  0.0  0.0   0.0   0.5   0.0   0.0  0.9  0.2  0.2
0.4383   9.03  0.1330    120  0.0068   6.503076    0.0  0.0 -2.9  0.0  0.0   0.0   3.8   0.0   0.0  4.4  0.2  0.2
0.4698  11.36  0.1189    120  0.0054   4.744470    0.0  0.0 -2.3  0.0  0.0   0.0   3.3   0.0   0.0  2.5  0.2  0.2
0.4780  14.38  0.1215    120  0.0069   3.659235    0.0  0.0 -1.7  0.6  0.0   0.0   2.8   0.0   0.0  1.5  0.1  0.2
0.0035   0.83  0.2756    200  0.0078   6.598485    0.0  0.0  0.0  0.5  0.0   0.0   0.0  -0.2   0.0  5.0  1.2  4.1
0.0051   1.18  0.3032    200  0.0064   5.394442    0.0  0.0  0.0  0.7  0.0   0.0   0.0   0.0   0.0  3.6  1.1  3.8
0.0075   1.32  0.2996    200  0.0062   4.036087    0.0  0.0  0.0  0.6  0.0   0.0   0.0  -0.2   0.0  2.2  0.4  3.3
0.0081   1.72  0.3364    200  0.0062   4.332436    0.0  0.0  0.0  0.8  0.0   0.0   0.0  -0.1   0.0  2.8  0.2  3.2
0.0122   1.76  0.3295    200  0.0073   3.380828    0.0  0.0  0.0  0.6  0.0   0.0   0.0  -0.3   0.0  1.6  0.1  2.9
0.0124   2.45  0.3662    200  0.0055   3.284814    0.0  0.0  0.0  0.5  0.0   0.0   0.0  -0.1   0.0  1.9  0.4  2.6
0.0138   3.25  0.3632    200  0.0146   2.364318    0.0  0.0  0.0  1.0  0.0   0.0   0.0   0.0   0.0  1.1  1.3  1.3
0.0175   1.77  0.3026    200  0.0107   3.196873    0.0  0.0  0.0  0.8  0.0   0.0   0.0  -0.5   0.0  1.6  0.1  2.6
0.0174   2.48  0.3532    200  0.0068   3.075711    0.0  0.0  0.0  0.6  0.0   0.0   0.0  -0.3   0.0  1.5  0.0  2.6
0.0169   3.62  0.3759    200  0.0106   2.029778    0.0  0.0  0.0  0.5  0.0   0.0   0.0  -0.1   0.0  1.1  1.2  1.1
0.0185   4.34  0.3948    200  0.0125   2.886174    0.0  0.0  0.0  1.4  0.0   0.0   0.0   0.0   0.0  1.2  1.8  1.3
0.0244   1.79  0.3058    200  0.0154   3.355592    0.0  0.0  0.0  1.1  0.0   0.0   0.0  -0.8   0.0  1.9  0.2  2.4
0.0247   2.50  0.3334    200  0.0063   2.958040    0.0  0.0  0.0  0.8  0.0   0.0   0.0  -0.5   0.0  1.6  0.1  2.3
0.0248   3.45  0.3709    200  0.0071   2.905168    0.0  0.0  0.0  0.7  0.0   0.0   0.0  -0.3   0.0  1.6  0.1  2.3
0.0239   4.54  0.3855    200  0.0090   1.892089    0.0  0.0  0.0  0.6  0.0   0.0   0.0  -0.1   0.0  1.0  1.1  1.0
0.0252   5.45  0.3864    200  0.0086   2.269361    0.0  0.0  0.0  0.5  0.0   0.0   0.0   0.0   0.0  1.2  1.5  1.1
0.0277   6.51  0.3930    200  0.0115   2.915476    0.0  0.0  0.0  1.4  0.0   0.0   0.0   0.0   0.0  1.4  1.7  1.3
0.0347   2.53  0.3290    200  0.0102   3.088689    0.0  0.0  0.0  1.1  0.0   0.0   0.0  -0.8   0.0  1.8  0.2  2.1
0.0349   3.46  0.3657    200  0.0090   2.835489    0.0  0.0  0.0  0.9  0.0   0.0   0.0  -0.5   0.0  1.6  0.1  2.1
0.0350   4.43  0.3692    200  0.0112   2.754995    0.0  0.0  0.0  0.7  0.0   0.0   0.0  -0.3   0.0  1.6  0.2  2.1
0.0345   5.49  0.3701    200  0.0104   1.705872    0.0  0.0  0.0  0.6  0.0   0.0   0.0  -0.2   0.0  0.9  0.7  1.1
0.0347   6.96  0.3931    200  0.0075   1.972308    0.0  0.0  0.0  0.5  0.0   0.0   0.0  -0.1   0.0  1.1  1.1  1.1
0.0368   8.66  0.3725    200  0.0114   2.754995    0.0  0.0  0.0  1.4  0.0   0.0   0.0   0.0   0.0  1.3  1.5  1.3
0.0486   3.52  0.3398    200  0.0094   2.826659    0.0  0.0  0.0  1.1  0.0   0.0   0.0  -0.8   0.0  1.7  0.1  1.8
0.0494   4.46  0.3619    200  0.0092   2.655184    0.0  0.0  0.0  1.0  0.0   0.0   0.0  -0.5   0.0  1.6  0.0  1.8
0.0491   5.46  0.3717    200  0.0099   2.002498    0.0  0.0  0.0  0.8  0.0   0.0   0.0  -0.4   0.0  1.1  0.2  1.4
0.0490   6.98  0.3808    200  0.0071   1.506652    0.0  0.0  0.0  0.7  0.0   0.0   0.0  -0.2   0.0  0.7  0.5  1.0
0.0494   8.96  0.3865    200  0.0070   1.679286    0.0  0.0  0.0  0.6  0.0   0.0   0.0  -0.1   0.0  0.9  0.8  1.0
0.0516  11.12  0.3954    200  0.0081   2.555386    0.0  0.0  0.0  1.4  0.0   0.0   0.0   0.0   0.0  1.2  1.3  1.2
0.0697   4.50  0.3316    200  0.0142   2.745906    0.0  0.0  0.0  1.2  0.0   0.0   0.0  -0.8   0.0  1.7  0.1  1.6
0.0691   5.47  0.3558    200  0.0145   2.485961    0.0  0.0  0.0  1.0  0.0   0.0   0.0  -0.6   0.0  1.5  0.1  1.6
0.0699   6.92  0.3788    200  0.0104   1.630951    0.0  0.0  0.0  0.8  0.0   0.0   0.0  -0.4   0.0  0.8  0.1  1.1
0.0695   8.99  0.3638    200  0.0090   1.256981    0.0  0.0  0.0  0.7  0.0   0.0   0.0  -0.2   0.0  0.5  0.4  0.8
0.0696  11.39  0.3868    200  0.0079   1.519868    0.0  0.0  0.0  0.6  0.0   0.0   0.0  -0.1   0.0  0.8  0.7  0.9
0.0707  14.46  0.3892    200  0.0100   2.412468    0.0  0.0  0.0  1.4  0.0   0.0   0.0   0.0   0.0  1.1  1.2  1.1
0.0895   5.50  0.3473    200  0.0215   2.634388    0.0  0.0  0.0  1.2  0.0   0.0   0.0  -0.8   0.0  1.4  0.1  1.7
0.0901   6.95  0.3629    200  0.0128   2.137756    0.0  0.0  0.0  1.0  0.0   0.0   0.0  -0.6   0.0  1.4  0.2  1.1
0.0900   8.96  0.3735    200  0.0114   1.513275    0.0  0.0  0.0  0.8  0.0   0.0   0.0  -0.4   0.0  0.8  0.2  0.9
0.0899  11.45  0.3655    200  0.0091   1.403567    0.0  0.0  0.0  0.7  0.0   0.0   0.0  -0.2   0.0  0.8  0.4  0.8
0.0900  14.68  0.3770    200  0.0096   1.519868    0.0  0.0  0.0  0.6  0.0   0.0   0.0  -0.1   0.0  0.8  0.7  0.9
0.0907  19.01  0.3765    200  0.0162   2.455606    0.0  0.0  0.0  1.3  0.0   0.0   0.0   0.0   0.0  1.2  1.3  1.1
0.1102   6.96  0.3308    200  0.0145   1.987461    0.0  0.0  0.0  1.1  0.0   0.0   0.0  -0.7   0.0  1.0  0.2  1.1
0.1101   8.99  0.3374    200  0.0128   1.936492    0.0  0.0  0.0  0.9  0.0   0.0   0.0  -0.5   0.0  1.4  0.3  0.8
0.1103  11.45  0.3527    200  0.0104   1.552417    0.0  0.0  0.0  0.8  0.0   0.0   0.0  -0.3   0.0  1.0  0.2  0.8
0.1100  14.77  0.3494    200  0.0097   1.516575    0.0  0.0  0.0  0.7  0.0   0.0   0.0  -0.1   0.0  1.0  0.4  0.8
0.1102  19.37  0.3768    200  0.0153   2.177154    0.0  0.0  0.0  1.5  0.0   0.0   0.0   0.0   0.0  1.0  0.7  1.0
0.1388   7.16  0.3291    200  0.0162   2.051828    0.0  0.0  0.0  1.3  0.0   0.0   0.0  -0.9   0.0  0.9  0.3  0.9
0.1400   9.01  0.3508    200  0.0141   1.774824    0.0  0.0  0.0  1.1  0.0   0.0   0.0  -0.6   0.0  1.0  0.3  0.7
0.1395  11.43  0.3370    200  0.0087   1.729162    0.0  0.0  0.0  0.9  0.0   0.0   0.0  -0.4   0.0  1.2  0.3  0.7
0.1396  14.84  0.3348    200  0.0076   1.702939    0.0  0.0  0.0  0.7  0.0   0.0   0.0  -0.2   0.0  1.3  0.2  0.8
0.1398  19.32  0.3413    200  0.0088   1.769181    0.0  0.0  0.0  0.6  0.0   0.0   0.0  -0.1   0.0  1.4  0.4  0.8
0.1417  25.36  0.3290    200  0.0173   2.547548    0.0  0.0  0.0  1.7  0.0   0.0   0.0   0.0   0.0  1.4  0.8  1.0
0.1785   7.38  0.2678    200  0.0201   1.946792    0.0  0.0  0.0  1.4  0.0   0.0   0.0  -1.0   0.0  0.5  0.3  0.7
0.1798   8.97  0.3060    200  0.0158   1.774824    0.0  0.0  0.0  1.2  0.0   0.0   0.0  -0.7   0.0  0.8  0.3  0.7
0.1815  11.44  0.2867    200  0.0096   1.682260    0.0  0.0  0.0  1.0  0.0   0.0   0.0  -0.5   0.0  1.0  0.3  0.7
0.1802  14.86  0.3107    200  0.0089   1.717556    0.0  0.0  0.0  0.8  0.0   0.0   0.0  -0.3   0.0  1.3  0.2  0.7
0.1802  19.43  0.3047    200  0.0087   1.852026    0.0  0.0  0.0  0.7  0.0   0.0   0.0  -0.1   0.0  1.5  0.2  0.8
0.1804  25.90  0.3020    200  0.0144   2.431049    0.0  0.0  0.0  1.4  0.0   0.0   0.0   0.0   0.0  1.7  0.5  0.9
0.2225   9.15  0.2781    200  0.0180   1.694107    0.0  0.0  0.0  1.2  0.0   0.0   0.0  -0.7   0.0  0.6  0.3  0.7
0.2261  11.47  0.2741    200  0.0101   1.493318    0.0  0.0  0.0  1.0  0.0   0.0   0.0  -0.4   0.0  0.7  0.3  0.7
0.2262  14.90  0.2569    200  0.0079   1.503330    0.0  0.0  0.0  0.8  0.0   0.0   0.0  -0.2   0.0  1.0  0.3  0.7
0.2253  19.56  0.2627    200  0.0078   1.649242    0.0  0.0  0.0  0.7  0.0   0.0   0.0  -0.1   0.0  1.3  0.2  0.7
0.2257  26.32  0.2840    200  0.0123   2.104757    0.0  0.0  0.0  0.9  0.0   0.0   0.0   0.0   0.0  1.7  0.3  0.8
0.2769  11.62  0.2428    200  0.0117   1.322876    0.0  0.0  0.0  0.8  0.0   0.0   0.0  -0.2   0.0  0.7  0.3  0.7
0.2756  14.82  0.2453    200  0.0094   1.288410    0.0  0.0  0.0  0.7  0.0   0.0   0.0   0.0   0.0  0.8  0.2  0.7
0.2759  19.60  0.2363    200  0.0082   1.307670    0.0  0.0  0.0  0.6  0.0   0.0   0.0   0.1   0.0  0.9  0.2  0.7
0.2763  26.49  0.2283    200  0.0114   1.587451    0.0  0.0  0.0  0.6  0.0   0.0   0.0   0.2   0.0  1.2  0.2  0.8
0.2761  33.94  0.2110    200  0.0197   2.004994    0.0  0.0  0.0  0.1  0.0   0.0   0.0   0.2   0.0  1.8  0.3  0.8
0.3410  15.01  0.1733    200  0.0062   1.367479    0.0  0.0  0.0  0.2  0.0   0.0   0.0   0.7   0.0  0.9  0.2  0.7
0.3460  19.65  0.1825    200  0.0057   1.596872    0.0  0.0  0.0  0.3  0.0   0.0   0.0   0.7   0.0  1.2  0.2  0.7
0.3469  26.24  0.1774    200  0.0072   1.705872    0.0  0.0  0.0  0.3  0.0   0.0   0.0   0.6   0.0  1.4  0.1  0.7
0.3493  34.49  0.1610    200  0.0110   3.088689    0.0  0.0  0.0 -2.5  0.0   0.0   0.0   0.6   0.0  1.5  0.2  0.8
0.4516  20.02  0.1152    200  0.0047   4.553021    0.0  0.0  0.0 -1.8  0.0   0.0   0.0   3.6   0.0  2.0  0.2  0.7
0.4710  26.12  0.0957    200  0.0042   4.264974    0.0  0.0  0.0 -1.2  0.0   0.0   0.0   2.9   0.0  2.8  0.1  0.7
0.4737  34.79  0.0969    200  0.0065   4.184495    0.0  0.0  0.0  0.0  0.6   0.0   0.0   2.4   0.0  3.3  0.1  0.7
0.0037   1.27  0.3363    280  0.0055   4.519956    0.0  0.0  0.0  0.0  0.5   0.0   0.0   0.0  -0.1  1.8  1.8  3.7
0.0050   1.71  0.3531    280  0.0053   4.029888    0.0  0.0  0.0  0.0  0.4   0.0   0.0   0.0   0.0  1.4  1.6  3.4
0.0056   2.15  0.3841    280  0.0111   3.908964    0.0  0.0  0.0  0.0  0.7   0.0   0.0   0.0   0.1  1.0  1.7  3.3
0.0073   1.81  0.3370    280  0.0073   3.574913    0.0  0.0  0.0  0.0  0.6   0.0   0.0   0.0  -0.2  1.0  0.7  3.3
0.0079   2.44  0.3655    280  0.0038   3.524202    0.0  0.0  0.0  0.0  0.4   0.0   0.0   0.0  -0.1  1.5  1.0  3.0
0.0090   3.37  0.3963    280  0.0060   3.388215    0.0  0.0  0.0  0.0  0.8   0.0   0.0   0.0   0.1  1.3  1.7  2.5
0.0121   2.55  0.3585    280  0.0058   3.135283    0.0  0.0  0.0  0.0  0.6   0.0   0.0   0.0  -0.3  0.9  0.4  2.9
0.0123   3.47  0.3912    280  0.0048   3.181195    0.0  0.0  0.0  0.0  0.5   0.0   0.0   0.0  -0.1  1.1  0.9  2.8
0.0126   4.45  0.4014    280  0.0047   3.228002    0.0  0.0  0.0  0.0  0.4   0.0   0.0   0.0   0.0  1.2  2.1  2.1
0.0139   5.38  0.4314    280  0.0084   3.615245    0.0  0.0  0.0  0.0  1.0   0.0   0.0   0.0   0.1  1.3  2.6  1.9
0.0173   2.59  0.3427    280  0.0092   3.127299    0.0  0.0  0.0  0.0  0.8   0.0   0.0   0.0  -0.5  1.2  0.4  2.7
0.0173   3.49  0.3674    280  0.0063   2.915476    0.0  0.0  0.0  0.0  0.7   0.0   0.0   0.0  -0.3  1.0  0.4  2.6
0.0174   4.46  0.3991    280  0.0064   2.884441    0.0  0.0  0.0  0.0  0.5   0.0   0.0   0.0  -0.1  0.9  1.0  2.5
0.0168   5.60  0.4051    280  0.0079   2.861818    0.0  0.0  0.0  0.0  0.5   0.0   0.0   0.0   0.0  1.3  2.0  1.5
0.0180   6.73  0.4233    280  0.0055   3.271085    0.0  0.0  0.0  0.0  1.0   0.0   0.0   0.0   0.1  1.4  2.2  1.7
0.0245   3.49  0.3630    280  0.0071   3.014963    0.0  0.0  0.0  0.0  0.9   0.0   0.0   0.0  -0.5  1.3  0.3  2.5
0.0245   4.48  0.3883    280  0.0061   2.817801    0.0  0.0  0.0  0.0  0.7   0.0   0.0   0.0  -0.3  1.2  0.4  2.4
0.0246   5.47  0.4009    280  0.0063   2.803569    0.0  0.0  0.0  0.0  0.6   0.0   0.0   0.0  -0.2  1.1  0.7  2.4
0.0235   7.22  0.4043    280  0.0051   2.420744    0.0  0.0  0.0  0.0  0.5   0.0   0.0   0.0   0.0  1.4  1.4  1.3
0.0253   8.88  0.4314    280  0.0047   2.805352    0.0  0.0  0.0  0.0  0.4   0.0   0.0   0.0   0.1  1.5  1.7  1.6
0.0279  10.78  0.4436    280  0.0083   3.482815    0.0  0.0  0.0  0.0  1.1   0.0   0.0   0.0   0.1  1.7  2.1  1.9
0.0347   4.48  0.3877    280  0.0088   2.930870    0.0  0.0  0.0  0.0  1.0   0.0   0.0   0.0  -0.5  1.4  0.3  2.3
0.0348   5.49  0.3794    280  0.0080   2.723968    0.0  0.0  0.0  0.0  0.8   0.0   0.0   0.0  -0.4  1.3  0.3  2.2
0.0348   6.86  0.4019    280  0.0070   2.632489    0.0  0.0  0.0  0.0  0.6   0.0   0.0   0.0  -0.2  1.2  0.5  2.2
0.0345   9.01  0.4080    280  0.0059   2.109502    0.0  0.0  0.0  0.0  0.5   0.0   0.0   0.0  -0.1  1.3  0.9  1.3
0.0348  11.44  0.4227    280  0.0046   2.649528    0.0  0.0  0.0  0.0  0.5   0.0   0.0   0.0   0.0  1.6  1.5  1.4
0.0369  14.09  0.4346    280  0.0076   3.524202    0.0  0.0  0.0  0.0  1.2   0.0   0.0   0.0   0.1  1.8  2.2  1.7
0.0469   5.53  0.3696    280  0.0089   2.847806    0.0  0.0  0.0  0.0  1.0   0.0   0.0   0.0  -0.6  1.5  0.3  2.1
0.0493   6.93  0.3858    280  0.0057   2.640076    0.0  0.0  0.0  0.0  0.9   0.0   0.0   0.0  -0.4  1.4  0.2  2.0
0.0491   8.99  0.3888    280  0.0058   2.032240    0.0  0.0  0.0  0.0  0.7   0.0   0.0   0.0  -0.3  1.1  0.3  1.5
0.0487  11.57  0.4067    280  0.0045   1.816590    0.0  0.0  0.0  0.0  0.6   0.0   0.0   0.0  -0.1  1.2  0.7  1.0
0.0494  14.87  0.4133    280  0.0038   2.424871    0.0  0.0  0.0  0.0  0.5   0.0   0.0   0.0   0.0  1.5  1.3  1.3
0.0529  18.90  0.4244    280  0.0055   3.408812    0.0  0.0  0.0  0.0  1.2   0.0   0.0   0.0   0.1  1.9  2.0  1.6
0.0663   7.32  0.3749    280  0.0113   2.688866    0.0  0.0  0.0  0.0  1.1   0.0   0.0   0.0  -0.6  1.4  0.3  1.9
0.0698   8.93  0.3738    280  0.0085   2.521904    0.0  0.0  0.0  0.0  0.9   0.0   0.0   0.0  -0.4  1.3  0.3  1.9
0.0696  11.45  0.3832    280  0.0064   1.640122    0.0  0.0  0.0  0.0  0.7   0.0   0.0   0.0  -0.3  0.9  0.3  1.1
0.0694  15.01  0.3964    280  0.0049   1.658312    0.0  0.0  0.0  0.0  0.6   0.0   0.0   0.0  -0.1  1.1  0.6  0.9
0.0699  19.64  0.3920    280  0.0042   2.319483    0.0  0.0  0.0  0.0  0.5   0.0   0.0   0.0   0.0  1.5  1.2  1.2
0.0716  25.55  0.4238    280  0.0090   3.485685    0.0  0.0  0.0  0.0  1.2   0.0   0.0   0.0   0.1  1.9  2.2  1.5
0.0863   9.34  0.3390    280  0.0147   2.598076    0.0  0.0  0.0  0.0  1.0   0.0   0.0   0.0  -0.6  1.3  0.3  1.9
0.0896  11.48  0.3689    280  0.0077   1.857418    0.0  0.0  0.0  0.0  0.9   0.0   0.0   0.0  -0.4  1.0  0.2  1.2
0.0897  14.95  0.3668    280  0.0063   1.378405    0.0  0.0  0.0  0.0  0.7   0.0   0.0   0.0  -0.2  0.8  0.3  0.8
0.0895  19.88  0.3742    280  0.0047   1.763519    0.0  0.0  0.0  0.0  0.6   0.0   0.0   0.0  -0.1  1.2  0.7  0.9
0.0903  26.06  0.3865    280  0.0058   2.626785    0.0  0.0  0.0  0.0  1.1   0.0   0.0   0.0   0.0  1.6  1.3  1.2
0.1094  11.80  0.3427    280  0.0102   1.884144    0.0  0.0  0.0  0.0  1.0   0.0   0.0   0.0  -0.5  1.0  0.3  1.1
0.1097  14.90  0.3688    280  0.0078   1.552417    0.0  0.0  0.0  0.0  0.8   0.0   0.0   0.0  -0.3  1.0  0.2  0.8
0.1097  19.86  0.3599    280  0.0054   1.526434    0.0  0.0  0.0  0.0  0.7   0.0   0.0   0.0  -0.2  1.0  0.4  0.8
0.1100  26.36  0.3580    280  0.0055   1.881489    0.0  0.0  0.0  0.0  0.6   0.0   0.0   0.0   0.0  1.3  0.7  1.0
0.1106  34.48  0.3849    280  0.0110   2.870540    0.0  0.0  0.0  0.0  1.3   0.0   0.0   0.0   0.1  1.7  1.4  1.3
0.1390  11.77  0.2929    280  0.0151   2.076054    0.0  0.0  0.0  0.0  1.1   0.0   0.0   0.0  -0.6  1.2  0.3  1.1
0.1372  15.03  0.3332    280  0.0065   1.772005    0.0  0.0  0.0  0.0  0.9   0.0   0.0   0.0  -0.4  1.2  0.3  0.8
0.1388  19.88  0.3291    280  0.0043   1.700000    0.0  0.0  0.0  0.0  0.7   0.0   0.0   0.0  -0.2  1.4  0.2  0.6
0.1393  26.62  0.3328    280  0.0041   1.769181    0.0  0.0  0.0  0.0  0.6   0.0   0.0   0.0  -0.1  1.4  0.4  0.8
0.1400  35.22  0.3419    280  0.0067   2.244994    0.0  0.0  0.0  0.0  1.2   0.0   0.0   0.0   0.0  1.4  0.8  1.0
0.1790  15.07  0.3063    280  0.0084   1.811077    0.0  0.0  0.0  0.0  1.0   0.0   0.0   0.0  -0.5  1.3  0.3  0.5
0.1795  19.99  0.2978    280  0.0050   1.838478    0.0  0.0  0.0  0.0  0.8   0.0   0.0   0.0  -0.3  1.5  0.2  0.6
0.1791  26.74  0.3028    280  0.0045   1.946792    0.0  0.0  0.0  0.0  0.7   0.0   0.0   0.0  -0.1  1.7  0.2  0.6
0.1799  35.13  0.3017    280  0.0053   2.184033    0.0  0.0  0.0  0.0  0.6   0.0   0.0   0.0   0.0  1.9  0.4  0.8
0.1807  45.74  0.3201    280  0.0099   2.738613    0.0  0.0  0.0  0.0  1.2   0.0   0.0   0.0   0.1  2.1  0.8  1.0
0.2240  15.14  0.2661    280  0.0083   1.581139    0.0  0.0  0.0  0.0  1.0   0.0   0.0   0.0  -0.4  1.0  0.3  0.5
0.2242  19.97  0.2729    280  0.0051   1.646208    0.0  0.0  0.0  0.0  0.8   0.0   0.0   0.0  -0.2  1.3  0.3  0.5
0.2241  26.76  0.2674    280  0.0043   1.946792    0.0  0.0  0.0  0.0  0.7   0.0   0.0   0.0  -0.1  1.7  0.2  0.6
0.2239  35.30  0.2609    280  0.0047   2.193171    0.0  0.0  0.0  0.0  0.6   0.0   0.0   0.0   0.0  2.0  0.3  0.6
0.2249  46.57  0.2614    280  0.0075   2.733130    0.0  0.0  0.0  0.0  0.9   0.0   0.0   0.0   0.1  2.4  0.5  0.8
0.2646  16.06  0.2782    280  0.0232   1.140175    0.0  0.0  0.0  0.0  0.8   0.0   0.0   0.0  -0.1  0.8  0.0  0.1
0.2740  19.99  0.2346    280  0.0055   1.303840    0.0  0.0  0.0  0.0  0.7   0.0   0.0   0.0   0.0  0.9  0.2  0.6
0.2739  26.76  0.2292    280  0.0045   1.449138    0.0  0.0  0.0  0.0  0.6   0.0   0.0   0.0   0.1  1.2  0.2  0.5
0.2745  35.42  0.2328    280  0.0048   2.009975    0.0  0.0  0.0  0.0  0.6   0.0   0.0   0.0   0.2  1.8  0.2  0.6
0.2744  46.98  0.2354    280  0.0071   2.598076    0.0  0.0  0.0  0.0  0.5   0.0   0.0   0.0   0.3  2.4  0.4  0.7
0.2769  59.79  0.1698    280  0.0183   3.248076    0.0  0.0  0.0  0.0  0.0   0.0   0.0   0.0   0.3  2.9  0.6  1.3
0.3289  20.73  0.1981    280  0.0058   1.542725    0.0  0.0  0.0  0.0  0.1   0.0   0.0   0.0   0.8  1.2  0.2  0.5
0.3440  26.73  0.1739    280  0.0032   1.667333    0.0  0.0  0.0  0.0  0.2   0.0   0.0   0.0   0.7  1.4  0.2  0.5
0.3447  35.48  0.1778    280  0.0032   1.757840    0.0  0.0  0.0  0.0  0.3   0.0   0.0   0.0   0.7  1.5  0.1  0.5
0.3455  46.61  0.1694    280  0.0039   1.816590    0.0  0.0  0.0  0.0  0.3   0.0   0.0   0.0   0.6  1.6  0.2  0.5
0.3491  61.17  0.1592    280  0.0106   4.001250    0.0  0.0  0.0  0.0 -2.7   0.0   0.0   0.0   0.6  2.6  0.4  1.2
0.4334  27.70  0.1246    280  0.0035   5.116640    0.0  0.0  0.0  0.0 -1.9   0.0   0.0   0.0   3.8  2.8  0.2  0.5
0.4657  35.56  0.0999    280  0.0021   4.738143    0.0  0.0  0.0  0.0 -1.3   0.0   0.0   0.0   3.1  3.3  0.1  0.5
0.4702  46.58  0.0960    280  0.0024   4.484417    0.0  0.0  0.0  0.0 -0.8   0.0   0.0   0.0   2.5  3.6  0.1  0.5
0.4772  62.24  0.0835    280  0.0054   4.398863    0.0  0.0  0.0  0.0  0.0   0.0   0.0   0.0   2.1  3.7  0.2  1.1