nmc,sig_r,d target
converted from 10040.xlsx
*
 0.0250  11
x     Q2        F2  Ebeam  stat    sys_tot     sys_u  de1  de2  de3  de4  dep1  dep2  dep3  dep4  dac  drc  dre
0.0078   0.80  0.242775     90   0.0   2.765864  0.002458  0.5  0.0  0.0  0.0  -0.1   0.0   0.0   0.0  2.1  1.7  0.3
0.0092   1.09  0.256206     90   0.0   2.502005  0.005476  0.4  0.0  0.0  0.0   0.1   0.0   0.0   0.0  1.0  2.2  0.5
0.0120   0.90  0.260591     90   0.0   2.915481  0.005223  0.7  0.0  0.0  0.0  -0.2   0.0   0.0   0.0  2.7  0.8  0.2
0.0125   1.22  0.276832     90   0.0   2.304345  0.002725  0.6  0.0  0.0  0.0  -0.1   0.0   0.0   0.0  1.7  1.4  0.3
0.0139   1.62  0.282377     90   0.0   2.242776  0.006736  0.4  0.0  0.0  0.0   0.1   0.0   0.0   0.0  1.0  1.9  0.5
0.0173   1.27  0.290480     90   0.0   2.249448  0.003902  0.7  0.0  0.0  0.0  -0.2   0.0   0.0   0.0  2.0  0.7  0.2
0.0176   1.72  0.314412     90   0.0   1.894734  0.003902  0.6  0.0  0.0  0.0  -0.1   0.0   0.0   0.0  1.3  1.2  0.3
0.0185   2.16  0.300390     90   0.0   1.913129  0.007793  0.5  0.0  0.0  0.0   0.0   0.0   0.0   0.0  1.0  1.5  0.4
0.0246   1.27  0.294825     90   0.0   2.431054  0.004869  0.9  0.0  0.0  0.0  -0.4   0.0   0.0   0.0  2.2  0.3  0.1
0.0247   1.75  0.316309     90   0.0   1.667337  0.003454  0.7  0.0  0.0  0.0  -0.2   0.0   0.0   0.0  1.4  0.5  0.2
0.0254   2.36  0.332615     90   0.0   1.442224  0.003317  0.6  0.0  0.0  0.0  -0.1   0.0   0.0   0.0  0.9  0.9  0.3
0.0276   3.24  0.318607     90   0.0   2.051868  0.012748  0.5  0.0  0.0  0.0   0.1   0.0   0.0   0.0  0.9  1.7  0.5
0.0348   1.30  0.304698     90   0.0   2.634399  0.007675  1.2  0.0  0.0  0.0  -0.7   0.0   0.0   0.0  2.2  0.4  0.1
0.0348   1.76  0.313508     90   0.0   1.717563  0.004869  1.0  0.0  0.0  0.0  -0.4   0.0   0.0   0.0  1.3  0.3  0.1
0.0349   2.45  0.335912     90   0.0   1.170475  0.003551  0.8  0.0  0.0  0.0  -0.2   0.0   0.0   0.0  0.7  0.4  0.2
0.0354   3.34  0.352662     90   0.0   1.382042  0.006423  0.6  0.0  0.0  0.0   0.0   0.0   0.0   0.0  0.5  1.1  0.3
0.0364   4.27  0.338305     90   0.0   2.582709  0.019586  0.5  0.0  0.0  0.0   0.1   0.0   0.0   0.0  0.7  2.4  0.4
0.0495   1.33  0.322732     90   0.0   3.238839  0.008884  1.6  0.0  0.0  0.0  -1.0   0.0   0.0   0.0  2.6  0.4  0.1
0.0493   1.76  0.317880     90   0.0   1.946799  0.004984  1.2  0.0  0.0  0.0  -0.7   0.0   0.0   0.0  1.3  0.4  0.1
0.0494   2.48  0.335208     90   0.0   1.228825  0.003278  1.0  0.0  0.0  0.0  -0.4   0.0   0.0   0.0  0.5  0.3  0.1
0.0501   3.41  0.352557     90   0.0   1.058309  0.004143  0.8  0.0  0.0  0.0  -0.2   0.0   0.0   0.0  0.2  0.6  0.2
0.0509   4.39  0.350391     90   0.0   1.410696  0.008006  0.6  0.0  0.0  0.0  -0.1   0.0   0.0   0.0  0.3  1.2  0.3
0.0526   5.31  0.382346     90   0.0   1.749390  0.019132  0.5  0.0  0.0  0.0   0.0   0.0   0.0   0.0  0.4  1.6  0.3
0.0700   1.35  0.315137     90   0.0   4.297694  0.013189  2.0  0.0  0.0  0.0  -1.4   0.0   0.0   0.0  3.5  0.5  0.1
0.0699   1.77  0.322430     90   0.0   2.640086  0.007289  1.6  0.0  0.0  0.0  -1.0   0.0   0.0   0.0  1.8  0.4  0.1
0.0694   2.48  0.333781     90   0.0   1.489973  0.004387  1.2  0.0  0.0  0.0  -0.6   0.0   0.0   0.0  0.5  0.4  0.1
0.0696   3.45  0.358526     90   0.0   1.140186  0.004968  1.0  0.0  0.0  0.0  -0.4   0.0   0.0   0.0  0.2  0.3  0.1
0.0702   4.42  0.354049     90   0.0   1.048832  0.006925  0.8  0.0  0.0  0.0  -0.2   0.0   0.0   0.0  0.4  0.5  0.1
0.0703   5.38  0.359209     90   0.0   1.195886  0.011993  0.7  0.0  0.0  0.0  -0.1   0.0   0.0   0.0  0.5  0.8  0.2
0.0711   6.38  0.355340     90   0.0   1.382248  0.024691  0.6  0.0  0.0  0.0   0.0   0.0   0.0   0.0  0.5  1.1  0.3
0.0902   1.38  0.326555     90   0.0   5.387057  0.019491  2.5  0.0  0.0  0.0  -1.8   0.0   0.0   0.0  4.4  0.4  0.1
0.0899   1.76  0.321963     90   0.0   3.590277  0.009593  2.0  0.0  0.0  0.0  -1.4   0.0   0.0   0.0  2.6  0.4  0.1
0.0897   2.47  0.335297     90   0.0   2.009983  0.005691  1.5  0.0  0.0  0.0  -0.9   0.0   0.0   0.0  0.9  0.4  0.1
0.0897   3.46  0.340539     90   0.0   1.264923  0.005583  1.1  0.0  0.0  0.0  -0.5   0.0   0.0   0.0  0.2  0.3  0.1
0.0900   4.44  0.355810     90   0.0   1.118059  0.007460  0.9  0.0  0.0  0.0  -0.3   0.0   0.0   0.0  0.5  0.3  0.1
0.0903   5.44  0.376903     90   0.0   1.157642  0.011602  0.8  0.0  0.0  0.0  -0.2   0.0   0.0   0.0  0.7  0.4  0.1
0.0897   6.50  0.348227     90   0.0   1.241085  0.017081  0.7  0.0  0.0  0.0  -0.1   0.0   0.0   0.0  0.8  0.6  0.2
0.1090   1.78  0.321923     90   0.0   4.311628  0.011697  2.3  0.0  0.0  0.0  -1.7   0.0   0.0   0.0  3.2  0.4  0.1
0.1096   2.49  0.334442     90   0.0   2.496006  0.006897  1.7  0.0  0.0  0.0  -1.1   0.0   0.0   0.0  1.4  0.4  0.1
0.1098   3.48  0.334984     90   0.0   1.539494  0.006494  1.3  0.0  0.0  0.0  -0.7   0.0   0.0   0.0  0.3  0.3  0.1
0.1100   4.45  0.335461     90   0.0   1.311510  0.007688  1.1  0.0  0.0  0.0  -0.5   0.0   0.0   0.0  0.4  0.3  0.1
0.1105   5.44  0.330575     90   0.0   1.200046  0.010474  0.9  0.0  0.0  0.0  -0.3   0.0   0.0   0.0  0.7  0.2  0.1
0.1096   6.60  0.336586     90   0.0   1.261034  0.014344  0.8  0.0  0.0  0.0  -0.2   0.0   0.0   0.0  0.9  0.3  0.1
0.1282   1.86  0.347537     90   0.0   4.869332  0.019779  2.7  0.0  0.0  0.0  -2.0   0.0   0.0   0.0  3.5  0.4  0.1
0.1383   2.49  0.329294     90   0.0   3.182772  0.005991  2.0  0.0  0.0  0.0  -1.4   0.0   0.0   0.0  2.0  0.4  0.1
0.1396   3.48  0.331914     90   0.0   1.910506  0.005685  1.5  0.0  0.0  0.0  -0.9   0.0   0.0   0.0  0.7  0.3  0.1
0.1394   4.45  0.325903     90   0.0   1.410687  0.006175  1.2  0.0  0.0  0.0  -0.6   0.0   0.0   0.0  0.3  0.3  0.1
0.1398   5.46  0.339231     90   0.0   1.311515  0.008453  1.1  0.0  0.0  0.0  -0.4   0.0   0.0   0.0  0.5  0.3  0.1
0.1407   6.69  0.333785     90   0.0   1.260989  0.009627  0.9  0.0  0.0  0.0  -0.3   0.0   0.0   0.0  0.8  0.2  0.1
0.1737   2.67  0.327365     90   0.0   3.185919  0.009091  2.2  0.0  0.0  0.0  -1.5   0.0   0.0   0.0  1.7  0.4  0.1
0.1803   3.46  0.306460     90   0.0   2.280360  0.006591  1.7  0.0  0.0  0.0  -1.0   0.0   0.0   0.0  1.1  0.3  0.1
0.1799   4.46  0.319031     90   0.0   1.705889  0.007584  1.4  0.0  0.0  0.0  -0.7   0.0   0.0   0.0  0.6  0.3  0.1
0.1806   5.46  0.307925     90   0.0   1.396452  0.008775  1.2  0.0  0.0  0.0  -0.5   0.0   0.0   0.0  0.4  0.3  0.1
0.1801   6.77  0.319026     90   0.0   1.208343  0.009661  1.0  0.0  0.0  0.0  -0.4   0.0   0.0   0.0  0.5  0.2  0.1
0.1769   8.50  0.307367     90   0.0   1.241182  0.023062  0.9  0.0  0.0  0.0  -0.2   0.0   0.0   0.0  0.8  0.2  0.1
0.2048   2.90  0.296765     90   0.0   2.698275  0.026279  2.1  0.0  0.0  0.0  -1.4   0.0   0.0   0.0  0.9  0.3  0.1
0.2203   3.51  0.292132     90   0.0   2.278168  0.006994  1.8  0.0  0.0  0.0  -1.1   0.0   0.0   0.0  0.8  0.3  0.1
0.2255   4.47  0.281650     90   0.0   1.743574  0.006991  1.4  0.0  0.0  0.0  -0.7   0.0   0.0   0.0  0.7  0.3  0.1
0.2259   5.47  0.293220     90   0.0   1.466315  0.008985  1.2  0.0  0.0  0.0  -0.5   0.0   0.0   0.0  0.6  0.3  0.1
0.2273   6.81  0.278277     90   0.0   1.245020  0.008581  1.0  0.0  0.0  0.0  -0.3   0.0   0.0   0.0  0.6  0.3  0.1
0.2211   8.64  0.286429     90   0.0   1.122644  0.018139  0.9  0.0  0.0  0.0  -0.2   0.0   0.0   0.0  0.6  0.2  0.1
0.2643   3.75  0.268822     90   0.0   2.332411  0.011792  1.4  0.0  0.0  0.0  -0.7   0.0   0.0   0.0  1.7  0.3  0.1
0.2723   4.47  0.266988     90   0.0   1.931337  0.007894  1.3  0.0  0.0  0.0  -0.5   0.0   0.0   0.0  1.3  0.3  0.1
0.2746   5.44  0.255936     90   0.0   1.549220  0.009091  1.1  0.0  0.0  0.0  -0.3   0.0   0.0   0.0  1.0  0.3  0.1
0.2792   6.84  0.250860     90   0.0   1.200034  0.008988  0.9  0.0  0.0  0.0  -0.2   0.0   0.0   0.0  0.7  0.3  0.1
0.2729   8.70  0.254485     90   0.0   1.024831  0.016666  0.8  0.0  0.0  0.0   0.0   0.0   0.0   0.0  0.6  0.2  0.1
0.3145   4.61  0.228463     90   0.0   4.439603  0.008795  0.4  0.0  0.0  0.0   0.3   0.0   0.0   0.0  4.4  0.3  0.1
0.3373   5.46  0.226552     90   0.0   3.355600  0.007095  0.4  0.0  0.0  0.0   0.4   0.0   0.0   0.0  3.3  0.2  0.1
0.3485   6.87  0.219317     90   0.0   2.186332  0.006794  0.4  0.0  0.0  0.0   0.4   0.0   0.0   0.0  2.1  0.2  0.1
0.3432   8.73  0.207155     90   0.0   1.378447  0.010787  0.4  0.0  0.0  0.0   0.5   0.0   0.0   0.0  1.2  0.2  0.1
0.3931   5.72  0.167916     90   0.0  10.512384  0.014693 -2.9  0.0  0.0  0.0   3.7   0.0   0.0   0.0  9.4  0.2  0.1
0.4379   6.96  0.160217     90   0.0   8.176799  0.006097 -2.5  0.0  0.0  0.0   3.4   0.0   0.0   0.0  7.0  0.2  0.1
0.4603   8.74  0.130919     90   0.0   5.658626  0.006996 -1.9  0.0  0.0  0.0   3.0   0.0   0.0   0.0  4.4  0.2  0.1
0.0087   1.19  0.264317    120   0.0   2.042068  0.006393  0.0  0.5  0.0  0.0   0.0   0.0   0.0   0.0  1.0  1.6  0.6
0.0117   1.37  0.276944    120   0.0   2.158716  0.007336  0.0  0.6  0.0  0.0   0.0  -0.2   0.0   0.0  1.7  1.1  0.4
0.0129   1.70  0.304395    120   0.0   1.714651  0.005250  0.0  0.5  0.0  0.0   0.0   0.0   0.0   0.0  1.0  1.2  0.5
0.0172   1.77  0.318774    120   0.0   1.694126  0.007972  0.0  0.7  0.0  0.0   0.0  -0.2   0.0   0.0  1.3  0.7  0.4
0.0178   2.34  0.325874    120   0.0   1.615558  0.005133  0.0  0.6  0.0  0.0   0.0   0.0   0.0   0.0  1.0  1.0  0.5
0.0241   1.82  0.315911    120   0.0   1.763548  0.010120  0.0  0.9  0.0  0.0   0.0  -0.4   0.0   0.0  1.4  0.3  0.3
0.0245   2.50  0.329837    120   0.0   1.322882  0.004134  0.0  0.7  0.0  0.0   0.0  -0.2   0.0   0.0  0.9  0.5  0.4
0.0260   3.36  0.346397    120   0.0   1.691162  0.005449  0.0  0.6  0.0  0.0   0.0   0.0   0.0   0.0  0.9  1.2  0.5
0.0347   2.51  0.346006    120   0.0   1.280646  0.007444  0.0  0.9  0.0  0.0   0.0  -0.4   0.0   0.0  0.7  0.3  0.3
0.0348   3.48  0.352237    120   0.0   1.195839  0.005511  0.0  0.7  0.0  0.0   0.0  -0.2   0.0   0.0  0.5  0.7  0.4
0.0354   4.41  0.352300    120   0.0   1.749300  0.007009  0.0  0.6  0.0  0.0   0.0   0.0   0.0   0.0  0.7  1.4  0.5
0.0374   5.32  0.385967    120   0.0   2.204621  0.018797  0.0  0.5  0.0  0.0   0.0   0.0   0.0   0.0  0.8  1.9  0.6
0.0496   2.54  0.318806    120   0.0   1.500017  0.007173  0.0  1.2  0.0  0.0   0.0  -0.6   0.0   0.0  0.5  0.4  0.2
0.0494   3.49  0.351661    120   0.0   1.058314  0.005358  0.0  0.9  0.0  0.0   0.0  -0.3   0.0   0.0  0.2  0.3  0.3
0.0495   4.47  0.354039    120   0.0   1.161908  0.005426  0.0  0.8  0.0  0.0   0.0  -0.2   0.0   0.0  0.3  0.7  0.3
0.0505   5.43  0.361453    120   0.0   1.276734  0.007055  0.0  0.7  0.0  0.0   0.0  -0.1   0.0   0.0  0.4  0.9  0.4
0.0524   6.61  0.378592    120   0.0   1.552455  0.010773  0.0  0.6  0.0  0.0   0.0   0.0   0.0   0.0  0.6  1.2  0.5
0.0707   2.56  0.330136    120   0.0   1.873533  0.011181  0.0  1.5  0.0  0.0   0.0  -0.9   0.0   0.0  0.5  0.4  0.2
0.0702   3.50  0.339656    120   0.0   1.403585  0.007176  0.0  1.2  0.0  0.0   0.0  -0.6   0.0   0.0  0.2  0.3  0.2
0.0698   4.48  0.342161    120   0.0   1.204178  0.006760  0.0  1.0  0.0  0.0   0.0  -0.4   0.0   0.0  0.4  0.3  0.2
0.0700   5.47  0.357288    120   0.0   1.086306  0.007728  0.0  0.8  0.0  0.0   0.0  -0.2   0.0   0.0  0.5  0.4  0.3
0.0700   6.86  0.363321    120   0.0   1.183250  0.008958  0.0  0.7  0.0  0.0   0.0  -0.1   0.0   0.0  0.5  0.7  0.4
0.0718   8.61  0.387733    120   0.0   1.438880  0.019406  0.0  0.6  0.0  0.0   0.0   0.0   0.0   0.0  0.5  1.1  0.5
0.0915   2.61  0.358384    120   0.0   2.385433  0.017085  0.0  1.8  0.0  0.0   0.0  -1.2   0.0   0.0  0.9  0.4  0.2
0.0909   3.50  0.324763    120   0.0   1.664356  0.008985  0.0  1.4  0.0  0.0   0.0  -0.8   0.0   0.0  0.2  0.3  0.2
0.0906   4.47  0.347718    120   0.0   1.438775  0.008576  0.0  1.2  0.0  0.0   0.0  -0.5   0.0   0.0  0.5  0.3  0.2
0.0904   5.48  0.349729    120   0.0   1.315324  0.008860  0.0  1.0  0.0  0.0   0.0  -0.4   0.0   0.0  0.7  0.2  0.2
0.0903   6.81  0.359167    120   0.0   1.224771  0.008041  0.0  0.8  0.0  0.0   0.0  -0.2   0.0   0.0  0.8  0.3  0.3
0.0905   8.77  0.377743    120   0.0   1.288494  0.014707  0.0  0.7  0.0  0.0   0.0  -0.1   0.0   0.0  0.8  0.6  0.4
0.1125   2.62  0.307715    120   0.0   2.920669  0.017595  0.0  2.1  0.0  0.0   0.0  -1.4   0.0   0.0  1.4  0.4  0.2
0.1120   3.48  0.350627    120   0.0   1.962192  0.013993  0.0  1.6  0.0  0.0   0.0  -1.0   0.0   0.0  0.3  0.4  0.2
0.1110   4.49  0.338710    120   0.0   1.571659  0.010591  0.0  1.3  0.0  0.0   0.0  -0.7   0.0   0.0  0.4  0.3  0.2
0.1108   5.49  0.342341    120   0.0   1.442256  0.010186  0.0  1.1  0.0  0.0   0.0  -0.5   0.0   0.0  0.7  0.3  0.2
0.1108   6.84  0.347941    120   0.0   1.407152  0.008681  0.0  1.0  0.0  0.0   0.0  -0.3   0.0   0.0  0.9  0.2  0.2
0.1105   8.86  0.343444    120   0.0   1.363883  0.013347  0.0  0.8  0.0  0.0   0.0  -0.2   0.0   0.0  1.0  0.3  0.3
0.1112  10.75  0.352273    120   0.0   1.382253  0.024949  0.0  0.7  0.0  0.0   0.0  -0.1   0.0   0.0  1.0  0.5  0.4
0.1432   3.48  0.319262    120   0.0   2.395854  0.010885  0.0  1.9  0.0  0.0   0.0  -1.2   0.0   0.0  0.7  0.4  0.2
0.1419   4.49  0.309845    120   0.0   1.830319  0.008183  0.0  1.5  0.0  0.0   0.0  -0.9   0.0   0.0  0.3  0.4  0.2
0.1409   5.48  0.316783    120   0.0   1.558867  0.008077  0.0  1.3  0.0  0.0   0.0  -0.6   0.0   0.0  0.5  0.3  0.2
0.1411   6.87  0.316680    120   0.0   1.462888  0.006373  0.0  1.1  0.0  0.0   0.0  -0.4   0.0   0.0  0.8  0.3  0.2
0.1405   8.90  0.333407    120   0.0   1.407161  0.010034  0.0  0.9  0.0  0.0   0.0  -0.3   0.0   0.0  1.0  0.2  0.2
0.1421  11.00  0.331450    120   0.0   1.506714  0.013674  0.0  0.8  0.0  0.0   0.0  -0.1   0.0   0.0  1.2  0.3  0.3
0.1814   3.62  0.301149    120   0.0   2.776734  0.015787  0.0  2.1  0.0  0.0   0.0  -1.4   0.0   0.0  1.1  0.3  0.2
0.1859   4.50  0.296476    120   0.0   2.092868  0.009889  0.0  1.7  0.0  0.0   0.0  -1.0   0.0   0.0  0.6  0.3  0.2
0.1840   5.49  0.290866    120   0.0   1.783279  0.009186  0.0  1.5  0.0  0.0   0.0  -0.8   0.0   0.0  0.4  0.3  0.2
0.1833   6.87  0.300565    120   0.0   1.438768  0.007285  0.0  1.2  0.0  0.0   0.0  -0.5   0.0   0.0  0.5  0.3  0.2
0.1810   8.93  0.296314    120   0.0   1.345406  0.010864  0.0  1.0  0.0  0.0   0.0  -0.3   0.0   0.0  0.8  0.2  0.2
0.1813  11.15  0.340181    120   0.0   1.389309  0.013436  0.0  0.9  0.0  0.0   0.0  -0.2   0.0   0.0  1.0  0.2  0.2
0.2282   4.55  0.270517    120   0.0   2.123709  0.011792  0.0  1.7  0.0  0.0   0.0  -1.0   0.0   0.0  0.7  0.3  0.2
0.2304   5.47  0.271964    120   0.0   1.838503  0.009692  0.0  1.5  0.0  0.0   0.0  -0.8   0.0   0.0  0.6  0.3  0.2
0.2304   6.92  0.276567    120   0.0   1.476500  0.007291  0.0  1.2  0.0  0.0   0.0  -0.5   0.0   0.0  0.6  0.3  0.2
0.2270   8.83  0.277801    120   0.0   1.257014  0.009184  0.0  1.0  0.0  0.0   0.0  -0.3   0.0   0.0  0.6  0.3  0.2
0.2271  11.23  0.303310    120   0.0   1.191697  0.011869  0.0  0.9  0.0  0.0   0.0  -0.2   0.0   0.0  0.7  0.2  0.2
0.2795   5.54  0.259654    120   0.0   1.679332  0.012493  0.0  1.2  0.0  0.0   0.0  -0.5   0.0   0.0  1.0  0.3  0.2
0.2849   6.93  0.238725    120   0.0   1.307691  0.007495  0.0  1.0  0.0  0.0   0.0  -0.3   0.0   0.0  0.7  0.3  0.2
0.2801   8.85  0.242043    120   0.0   1.144592  0.009490  0.0  0.9  0.0  0.0   0.0  -0.1   0.0   0.0  0.6  0.3  0.2
0.2783  11.26  0.234638    120   0.0   1.100051  0.010584  0.0  0.8  0.0  0.0   0.0   0.0   0.0   0.0  0.7  0.2  0.2
0.2788  14.18  0.219920    120   0.0   1.104671  0.017262  0.0  0.7  0.0  0.0   0.0   0.1   0.0   0.0  0.8  0.2  0.2
0.3421   7.08  0.216693    120   0.0   2.197738  0.007296  0.0  0.3  0.0  0.0   0.0   0.5   0.0   0.0  2.1  0.2  0.2
0.3535   8.86  0.199177    120   0.0   1.363835  0.006796  0.0  0.3  0.0  0.0   0.0   0.5   0.0   0.0  1.2  0.2  0.2
0.3526  11.32  0.182740    120   0.0   0.953967  0.007294  0.0  0.3  0.0  0.0   0.0   0.5   0.0   0.0  0.7  0.2  0.2
0.3516  14.31  0.184373    120   0.0   1.109110  0.011186  0.0  0.3  0.0  0.0   0.0   0.5   0.0   0.0  0.9  0.2  0.2
0.4383   9.03  0.132948    120   0.0   6.503080  0.006797  0.0 -2.9  0.0  0.0   0.0   3.8   0.0   0.0  4.4  0.2  0.2
0.4698  11.36  0.118844    120   0.0   4.744474  0.005397  0.0 -2.3  0.0  0.0   0.0   3.3   0.0   0.0  2.5  0.2  0.2
0.4780  14.38  0.121426    120   0.0   3.659241  0.006896  0.0 -1.7  0.6  0.0   0.0   2.8   0.0   0.0  1.5  0.1  0.2
0.0035   0.83  0.238817    200   0.0   6.598488  0.006759  0.0  0.0  0.5  0.0   0.0   0.0  -0.2   0.0  5.0  1.2  4.1
0.0051   1.18  0.265789    200   0.0   5.394445  0.005610  0.0  0.0  0.7  0.0   0.0   0.0   0.0   0.0  3.6  1.1  3.8
0.0075   1.32  0.285489    200   0.0   4.036092  0.005908  0.0  0.0  0.6  0.0   0.0   0.0  -0.2   0.0  2.2  0.4  3.3
0.0081   1.72  0.312351    200   0.0   4.332440  0.005757  0.0  0.0  0.8  0.0   0.0   0.0  -0.1   0.0  2.8  0.2  3.2
0.0122   1.76  0.322067    200   0.0   3.380836  0.007135  0.0  0.0  0.6  0.0   0.0   0.0  -0.3   0.0  1.6  0.1  2.9
0.0124   2.45  0.349028    200   0.0   3.284818  0.005242  0.0  0.0  0.5  0.0   0.0   0.0  -0.1   0.0  1.9  0.4  2.6
0.0138   3.25  0.337193    200   0.0   2.364357  0.013555  0.0  0.0  1.0  0.0   0.0   0.0   0.0   0.0  1.1  1.3  1.3
0.0175   1.77  0.300164    200   0.0   3.196891  0.010614  0.0  0.0  0.8  0.0   0.0   0.0  -0.5   0.0  1.6  0.1  2.6
0.0174   2.48  0.347021    200   0.0   3.075719  0.006681  0.0  0.0  0.6  0.0   0.0   0.0  -0.3   0.0  1.5  0.0  2.6
0.0169   3.62  0.358301    200   0.0   2.029803  0.010104  0.0  0.0  0.5  0.0   0.0   0.0  -0.1   0.0  1.1  1.2  1.1
0.0185   4.34  0.372108    200   0.0   2.886198  0.011782  0.0  0.0  1.4  0.0   0.0   0.0   0.0   0.0  1.2  1.8  1.3
0.0244   1.79  0.305105    200   0.0   3.355628  0.015365  0.0  0.0  1.1  0.0   0.0   0.0  -0.8   0.0  1.9  0.2  2.4
0.0247   2.50  0.331860    200   0.0   2.958047  0.006271  0.0  0.0  0.8  0.0   0.0   0.0  -0.5   0.0  1.6  0.1  2.3
0.0248   3.45  0.367413    200   0.0   2.905176  0.007033  0.0  0.0  0.7  0.0   0.0   0.0  -0.3   0.0  1.6  0.1  2.3
0.0239   4.54  0.377865    200   0.0   1.892109  0.008822  0.0  0.0  0.6  0.0   0.0   0.0  -0.1   0.0  1.0  1.1  1.0
0.0252   5.45  0.376023    200   0.0   2.269377  0.008369  0.0  0.0  0.5  0.0   0.0   0.0   0.0   0.0  1.2  1.5  1.1
0.0277   6.51  0.380302    200   0.0   2.915497  0.011128  0.0  0.0  1.4  0.0   0.0   0.0   0.0   0.0  1.4  1.7  1.3
0.0347   2.53  0.328225    200   0.0   3.088706  0.010176  0.0  0.0  1.1  0.0   0.0   0.0  -0.8   0.0  1.8  0.2  2.1
0.0349   3.46  0.364003    200   0.0   2.835504  0.008958  0.0  0.0  0.9  0.0   0.0   0.0  -0.5   0.0  1.6  0.1  2.1
0.0350   4.43  0.366240    200   0.0   2.755018  0.011110  0.0  0.0  0.7  0.0   0.0   0.0  -0.3   0.0  1.6  0.2  2.1
0.0345   5.49  0.364978    200   0.0   1.705903  0.010256  0.0  0.0  0.6  0.0   0.0   0.0  -0.2   0.0  0.9  0.7  1.1
0.0347   6.96  0.383624    200   0.0   1.972322  0.007319  0.0  0.0  0.5  0.0   0.0   0.0  -0.1   0.0  1.1  1.1  1.1
0.0368   8.66  0.359524    200   0.0   2.755017  0.011003  0.0  0.0  1.4  0.0   0.0   0.0   0.0   0.0  1.3  1.5  1.3
0.0486   3.52  0.338949    200   0.0   2.826674  0.009376  0.0  0.0  1.1  0.0   0.0   0.0  -0.8   0.0  1.7  0.1  1.8
0.0494   4.46  0.360408    200   0.0   2.655199  0.009162  0.0  0.0  1.0  0.0   0.0   0.0  -0.5   0.0  1.6  0.0  1.8
0.0491   5.46  0.369254    200   0.0   2.002523  0.009835  0.0  0.0  0.8  0.0   0.0   0.0  -0.4   0.0  1.1  0.2  1.4
0.0490   6.98  0.376346    200   0.0   1.506668  0.007017  0.0  0.0  0.7  0.0   0.0   0.0  -0.2   0.0  0.7  0.5  1.0
0.0494   8.96  0.378473    200   0.0   1.679300  0.006855  0.0  0.0  0.6  0.0   0.0   0.0  -0.1   0.0  0.9  0.8  1.0
0.0516  11.12  0.383249    200   0.0   2.555399  0.007851  0.0  0.0  1.4  0.0   0.0   0.0   0.0   0.0  1.2  1.3  1.2
0.0697   4.50  0.330969    200   0.0   2.745943  0.014173  0.0  0.0  1.2  0.0   0.0   0.0  -0.8   0.0  1.7  0.1  1.6
0.0691   5.47  0.354764    200   0.0   2.486003  0.014458  0.0  0.0  1.0  0.0   0.0   0.0  -0.6   0.0  1.5  0.1  1.6
0.0699   6.92  0.376966    200   0.0   1.630983  0.010350  0.0  0.0  0.8  0.0   0.0   0.0  -0.4   0.0  0.8  0.1  1.1
0.0695   8.99  0.360549    200   0.0   1.257012  0.008920  0.0  0.0  0.7  0.0   0.0   0.0  -0.2   0.0  0.5  0.4  0.8
0.0696  11.39  0.380846    200   0.0   1.519888  0.007778  0.0  0.0  0.6  0.0   0.0   0.0  -0.1   0.0  0.8  0.7  0.9
0.0707  14.46  0.379116    200   0.0   2.412487  0.009741  0.0  0.0  1.4  0.0   0.0   0.0   0.0   0.0  1.1  1.2  1.1
0.0895   5.50  0.346790    200   0.0   2.634475  0.021468  0.0  0.0  1.2  0.0   0.0   0.0  -0.8   0.0  1.4  0.1  1.7
0.0901   6.95  0.362033    200   0.0   2.137794  0.012769  0.0  0.0  1.0  0.0   0.0   0.0  -0.6   0.0  1.4  0.2  1.1
0.0900   8.96  0.371926    200   0.0   1.513317  0.011352  0.0  0.0  0.8  0.0   0.0   0.0  -0.4   0.0  0.8  0.2  0.9
0.0899  11.45  0.362809    200   0.0   1.403596  0.009033  0.0  0.0  0.7  0.0   0.0   0.0  -0.2   0.0  0.8  0.4  0.8
0.0900  14.68  0.372071    200   0.0   1.519898  0.009474  0.0  0.0  0.6  0.0   0.0   0.0  -0.1   0.0  0.8  0.7  0.9
0.0907  19.01  0.367596    200   0.0   2.455657  0.015817  0.0  0.0  1.3  0.0   0.0   0.0   0.0   0.0  1.2  1.3  1.1
0.1102   6.96  0.330556    200   0.0   1.987514  0.014489  0.0  0.0  1.1  0.0   0.0   0.0  -0.7   0.0  1.0  0.2  1.1
0.1101   8.99  0.336971    200   0.0   1.936534  0.012784  0.0  0.0  0.9  0.0   0.0   0.0  -0.5   0.0  1.4  0.3  0.8
0.1103  11.45  0.351934    200   0.0   1.552452  0.010377  0.0  0.0  0.8  0.0   0.0   0.0  -0.3   0.0  1.0  0.2  0.8
0.1100  14.77  0.348037    200   0.0   1.516606  0.009662  0.0  0.0  0.7  0.0   0.0   0.0  -0.1   0.0  1.0  0.4  0.8
0.1102  19.37  0.374046    200   0.0   2.177207  0.015188  0.0  0.0  1.5  0.0   0.0   0.0   0.0   0.0  1.0  0.7  1.0
0.1388   7.16  0.328600    200   0.0   2.051892  0.016175  0.0  0.0  1.3  0.0   0.0   0.0  -0.9   0.0  0.9  0.3  0.9
0.1400   9.01  0.350055    200   0.0   1.774880  0.014070  0.0  0.0  1.1  0.0   0.0   0.0  -0.6   0.0  1.0  0.3  0.7
0.1395  11.43  0.335913    200   0.0   1.729183  0.008672  0.0  0.0  0.9  0.0   0.0   0.0  -0.4   0.0  1.2  0.3  0.7
0.1396  14.84  0.333075    200   0.0   1.702955  0.007561  0.0  0.0  0.7  0.0   0.0   0.0  -0.2   0.0  1.3  0.2  0.8
0.1398  19.32  0.338440    200   0.0   1.769202  0.008726  0.0  0.0  0.6  0.0   0.0   0.0  -0.1   0.0  1.4  0.4  0.8
0.1417  25.36  0.324501    200   0.0   2.547605  0.017063  0.0  0.0  1.7  0.0   0.0   0.0   0.0   0.0  1.4  0.8  1.0
0.1785   7.38  0.267575    200   0.0   1.946896  0.020083  0.0  0.0  1.4  0.0   0.0   0.0  -1.0   0.0  0.5  0.3  0.7
0.1798   8.97  0.305662    200   0.0   1.774894  0.015783  0.0  0.0  1.2  0.0   0.0   0.0  -0.7   0.0  0.8  0.3  0.7
0.1815  11.44  0.286246    200   0.0   1.682288  0.009585  0.0  0.0  1.0  0.0   0.0   0.0  -0.5   0.0  1.0  0.3  0.7
0.1802  14.86  0.309916    200   0.0   1.717579  0.008878  0.0  0.0  0.8  0.0   0.0   0.0  -0.3   0.0  1.3  0.2  0.7
0.1802  19.43  0.303476    200   0.0   1.852046  0.008665  0.0  0.0  0.7  0.0   0.0   0.0  -0.1   0.0  1.5  0.2  0.8
0.1804  25.90  0.299914    200   0.0   2.431091  0.014301  0.0  0.0  1.4  0.0   0.0   0.0   0.0   0.0  1.7  0.5  0.9
0.2225   9.15  0.277916    200   0.0   1.694203  0.017988  0.0  0.0  1.2  0.0   0.0   0.0  -0.7   0.0  0.6  0.3  0.7
0.2261  11.47  0.273855    200   0.0   1.493353  0.010091  0.0  0.0  1.0  0.0   0.0   0.0  -0.4   0.0  0.7  0.3  0.7
0.2262  14.90  0.256553    200   0.0   1.503350  0.007889  0.0  0.0  0.8  0.0   0.0   0.0  -0.2   0.0  1.0  0.3  0.7
0.2253  19.56  0.262131    200   0.0   1.649261  0.007783  0.0  0.0  0.7  0.0   0.0   0.0  -0.1   0.0  1.3  0.2  0.7
0.2257  26.32  0.282961    200   0.0   2.104792  0.012255  0.0  0.0  0.9  0.0   0.0   0.0   0.0   0.0  1.7  0.3  0.8
0.2769  11.62  0.242668    200   0.0   1.322927  0.011694  0.0  0.0  0.8  0.0   0.0   0.0  -0.2   0.0  0.7  0.3  0.7
0.2756  14.82  0.245107    200   0.0   1.288444  0.009393  0.0  0.0  0.7  0.0   0.0   0.0   0.0   0.0  0.8  0.2  0.7
0.2759  19.60  0.236009    200   0.0   1.307695  0.008190  0.0  0.0  0.6  0.0   0.0   0.0   0.1   0.0  0.9  0.2  0.7
0.2763  26.49  0.227825    200   0.0   1.587492  0.011376  0.0  0.0  0.6  0.0   0.0   0.0   0.2   0.0  1.2  0.2  0.8
0.2761  33.94  0.210341    200   0.0   2.005090  0.019638  0.0  0.0  0.1  0.0   0.0   0.0   0.2   0.0  1.8  0.3  0.8
0.3410  15.01  0.173218    200   0.0   1.367493  0.006197  0.0  0.0  0.2  0.0   0.0   0.0   0.7   0.0  0.9  0.2  0.7
0.3460  19.65  0.182374    200   0.0   1.596882  0.005696  0.0  0.0  0.3  0.0   0.0   0.0   0.7   0.0  1.2  0.2  0.7
0.3469  26.24  0.177211    200   0.0   1.705887  0.007192  0.0  0.0  0.3  0.0   0.0   0.0   0.6   0.0  1.4  0.1  0.7
0.3493  34.49  0.160730    200   0.0   3.088709  0.010982  0.0  0.0 -2.5  0.0   0.0   0.0   0.6   0.0  1.5  0.2  0.8
0.4516  20.02  0.115158    200   0.0   4.553023  0.004698  0.0  0.0 -1.8  0.0   0.0   0.0   3.6   0.0  2.0  0.2  0.7
0.4710  26.12  0.095653    200   0.0   4.264976  0.004198  0.0  0.0 -1.2  0.0   0.0   0.0   2.9   0.0  2.8  0.1  0.7
0.4737  34.79  0.096827    200   0.0   4.184500  0.006495  0.0  0.0  0.0  0.6   0.0   0.0   2.4   0.0  3.3  0.1  0.7
0.0037   1.27  0.288734    280   0.0   4.519958  0.004722  0.0  0.0  0.0  0.5   0.0   0.0   0.0  -0.1  1.8  1.8  3.7
0.0050   1.71  0.302619    280   0.0   4.029891  0.004542  0.0  0.0  0.0  0.4   0.0   0.0   0.0   0.0  1.4  1.6  3.4
0.0056   2.15  0.315701    280   0.0   3.908975  0.009123  0.0  0.0  0.0  0.7   0.0   0.0   0.0   0.1  1.0  1.7  3.3
0.0073   1.81  0.320971    280   0.0   3.574919  0.006953  0.0  0.0  0.0  0.6   0.0   0.0   0.0  -0.2  1.0  0.7  3.3
0.0079   2.44  0.336211    280   0.0   3.524204  0.003495  0.0  0.0  0.0  0.4   0.0   0.0   0.0  -0.1  1.5  1.0  3.0
0.0090   3.37  0.346842    280   0.0   3.388219  0.005251  0.0  0.0  0.0  0.8   0.0   0.0   0.0   0.1  1.3  1.7  2.5
0.0121   2.55  0.349519    280   0.0   3.135288  0.005655  0.0  0.0  0.0  0.6   0.0   0.0   0.0  -0.3  0.9  0.4  2.9
0.0123   3.47  0.371597    280   0.0   3.181198  0.004559  0.0  0.0  0.0  0.5   0.0   0.0   0.0  -0.1  1.1  0.9  2.8
0.0126   4.45  0.366614    280   0.0   3.228005  0.004293  0.0  0.0  0.0  0.4   0.0   0.0   0.0   0.0  1.2  2.1  2.1
0.0139   5.38  0.385878    280   0.0   3.615253  0.007514  0.0  0.0  0.0  1.0   0.0   0.0   0.0   0.1  1.3  2.6  1.9
0.0173   2.59  0.339542    280   0.0   3.127312  0.009115  0.0  0.0  0.0  0.8   0.0   0.0   0.0  -0.5  1.2  0.4  2.7
0.0173   3.49  0.360777    280   0.0   2.915483  0.006186  0.0  0.0  0.0  0.7   0.0   0.0   0.0  -0.3  1.0  0.4  2.6
0.0174   4.46  0.386291    280   0.0   2.884448  0.006195  0.0  0.0  0.0  0.5   0.0   0.0   0.0  -0.1  0.9  1.0  2.5
0.0168   5.60  0.380024    280   0.0   2.861827  0.007411  0.0  0.0  0.0  0.5   0.0   0.0   0.0   0.0  1.3  2.0  1.5
0.0180   6.73  0.390051    280   0.0   3.271089  0.005068  0.0  0.0  0.0  1.0   0.0   0.0   0.0   0.1  1.4  2.2  1.7
0.0245   3.49  0.361311    280   0.0   3.014971  0.007067  0.0  0.0  0.0  0.9   0.0   0.0   0.0  -0.5  1.3  0.3  2.5
0.0245   4.48  0.385103    280   0.0   2.817807  0.006050  0.0  0.0  0.0  0.7   0.0   0.0   0.0  -0.3  1.2  0.4  2.4
0.0246   5.47  0.395718    280   0.0   2.803576  0.006219  0.0  0.0  0.0  0.6   0.0   0.0   0.0  -0.2  1.1  0.7  2.4
0.0235   7.22  0.392765    280   0.0   2.420749  0.004954  0.0  0.0  0.0  0.5   0.0   0.0   0.0   0.0  1.4  1.4  1.3
0.0253   8.88  0.414865    280   0.0   2.805356  0.004520  0.0  0.0  0.0  0.4   0.0   0.0   0.0   0.1  1.5  1.7  1.6
0.0279  10.78  0.422836    280   0.0   3.482824  0.007911  0.0  0.0  0.0  1.1   0.0   0.0   0.0   0.1  1.7  2.1  1.9
0.0347   4.48  0.386146    280   0.0   2.930883  0.008765  0.0  0.0  0.0  1.0   0.0   0.0   0.0  -0.5  1.4  0.3  2.3
0.0348   5.49  0.377026    280   0.0   2.723979  0.007950  0.0  0.0  0.0  0.8   0.0   0.0   0.0  -0.4  1.3  0.3  2.2
0.0348   6.86  0.397735    280   0.0   2.632498  0.006927  0.0  0.0  0.0  0.6   0.0   0.0   0.0  -0.2  1.2  0.5  2.2
0.0345   9.01  0.399616    280   0.0   2.109510  0.005779  0.0  0.0  0.0  0.5   0.0   0.0   0.0  -0.1  1.3  0.9  1.3
0.0348  11.44  0.407698    280   0.0   2.649532  0.004437  0.0  0.0  0.0  0.5   0.0   0.0   0.0   0.0  1.6  1.5  1.4
0.0369  14.09  0.413209    280   0.0   3.524209  0.007226  0.0  0.0  0.0  1.2   0.0   0.0   0.0   0.1  1.8  2.2  1.7
0.0469   5.53  0.368288    280   0.0   2.847820  0.008868  0.0  0.0  0.0  1.0   0.0   0.0   0.0  -0.6  1.5  0.3  2.1
0.0493   6.93  0.383778    280   0.0   2.640082  0.005670  0.0  0.0  0.0  0.9   0.0   0.0   0.0  -0.4  1.4  0.2  2.0
0.0491   8.99  0.385052    280   0.0   2.032248  0.005744  0.0  0.0  0.0  0.7   0.0   0.0   0.0  -0.3  1.1  0.3  1.5
0.0487  11.57  0.399423    280   0.0   1.816596  0.004419  0.0  0.0  0.0  0.6   0.0   0.0   0.0  -0.1  1.2  0.7  1.0
0.0494  14.87  0.400392    280   0.0   2.424874  0.003681  0.0  0.0  0.0  0.5   0.0   0.0   0.0   0.0  1.5  1.3  1.3
0.0529  18.90  0.405081    280   0.0   3.408816  0.005250  0.0  0.0  0.0  1.2   0.0   0.0   0.0   0.1  1.9  2.0  1.6
0.0663   7.32  0.373787    280   0.0   2.688890  0.011266  0.0  0.0  0.0  1.1   0.0   0.0   0.0  -0.6  1.4  0.3  1.9
0.0698   8.93  0.372279    280   0.0   2.521918  0.008465  0.0  0.0  0.0  0.9   0.0   0.0   0.0  -0.4  1.3  0.3  1.9
0.0696  11.45  0.380432    280   0.0   1.640134  0.006354  0.0  0.0  0.0  0.7   0.0   0.0   0.0  -0.3  0.9  0.3  1.1
0.0694  15.01  0.390991    280   0.0   1.658319  0.004833  0.0  0.0  0.0  0.6   0.0   0.0   0.0  -0.1  1.1  0.6  0.9
0.0699  19.64  0.382111    280   0.0   2.319486  0.004094  0.0  0.0  0.0  0.5   0.0   0.0   0.0   0.0  1.5  1.2  1.2
0.0716  25.55  0.405162    280   0.0   3.485696  0.008604  0.0  0.0  0.0  1.2   0.0   0.0   0.0   0.1  1.9  2.2  1.5
0.0863   9.34  0.338166    280   0.0   2.598118  0.014664  0.0  0.0  0.0  1.0   0.0   0.0   0.0  -0.6  1.3  0.3  1.9
0.0896  11.48  0.367604    280   0.0   1.857433  0.007673  0.0  0.0  0.0  0.9   0.0   0.0   0.0  -0.4  1.0  0.2  1.2
0.0897  14.95  0.364448    280   0.0   1.378419  0.006260  0.0  0.0  0.0  0.7   0.0   0.0   0.0  -0.2  0.8  0.3  0.8
0.0895  19.88  0.369543    280   0.0   1.763525  0.004642  0.0  0.0  0.0  0.6   0.0   0.0   0.0  -0.1  1.2  0.7  0.9
0.0903  26.06  0.377672    280   0.0   2.626791  0.005668  0.0  0.0  0.0  1.1   0.0   0.0   0.0   0.0  1.6  1.3  1.2
0.1094  11.80  0.342307    280   0.0   1.884172  0.010188  0.0  0.0  0.0  1.0   0.0   0.0   0.0  -0.5  1.0  0.3  1.1
0.1097  14.90  0.368111    280   0.0   1.552437  0.007785  0.0  0.0  0.0  0.8   0.0   0.0   0.0  -0.3  1.0  0.2  0.8
0.1097  19.86  0.358594    280   0.0   1.526443  0.005380  0.0  0.0  0.0  0.7   0.0   0.0   0.0  -0.2  1.0  0.4  0.8
0.1100  26.36  0.355528    280   0.0   1.881497  0.005462  0.0  0.0  0.0  0.6   0.0   0.0   0.0   0.0  1.3  0.7  1.0
0.1106  34.48  0.379949    280   0.0   2.870561  0.010859  0.0  0.0  0.0  1.3   0.0   0.0   0.0   0.1  1.7  1.4  1.3
0.1390  11.77  0.292408    280   0.0   2.076109  0.015075  0.0  0.0  0.0  1.1   0.0   0.0   0.0  -0.6  1.2  0.3  1.1
0.1372  15.03  0.332322    280   0.0   1.772016  0.006483  0.0  0.0  0.0  0.9   0.0   0.0   0.0  -0.4  1.2  0.3  0.8
0.1388  19.88  0.327707    280   0.0   1.700005  0.004282  0.0  0.0  0.0  0.7   0.0   0.0   0.0  -0.2  1.4  0.2  0.6
0.1393  26.62  0.330332    280   0.0   1.769185  0.004070  0.0  0.0  0.0  0.6   0.0   0.0   0.0  -0.1  1.4  0.4  0.8
0.1400  35.22  0.337481    280   0.0   2.245004  0.006613  0.0  0.0  0.0  1.2   0.0   0.0   0.0   0.0  1.4  0.8  1.0
0.1790  15.07  0.305912    280   0.0   1.811096  0.008389  0.0  0.0  0.0  1.0   0.0   0.0   0.0  -0.5  1.3  0.3  0.5
0.1795  19.99  0.297184    280   0.0   1.838484  0.004990  0.0  0.0  0.0  0.8   0.0   0.0   0.0  -0.3  1.5  0.2  0.6
0.1791  26.74  0.301739    280   0.0   1.946797  0.004484  0.0  0.0  0.0  0.7   0.0   0.0   0.0  -0.1  1.7  0.2  0.6
0.1799  35.13  0.299935    280   0.0   2.184039  0.005269  0.0  0.0  0.0  0.6   0.0   0.0   0.0   0.0  1.9  0.4  0.8
0.1807  45.74  0.316943    280   0.0   2.738630  0.009802  0.0  0.0  0.0  1.2   0.0   0.0   0.0   0.1  2.1  0.8  1.0
0.2240  15.14  0.265913    280   0.0   1.581161  0.008294  0.0  0.0  0.0  1.0   0.0   0.0   0.0  -0.4  1.0  0.3  0.5
0.2242  19.97  0.272598    280   0.0   1.646216  0.005094  0.0  0.0  0.0  0.8   0.0   0.0   0.0  -0.2  1.3  0.3  0.5
0.2241  26.76  0.266912    280   0.0   1.946797  0.004292  0.0  0.0  0.0  0.7   0.0   0.0   0.0  -0.1  1.7  0.2  0.6
0.2239  35.30  0.260111    280   0.0   2.193176  0.004686  0.0  0.0  0.0  0.6   0.0   0.0   0.0   0.0  2.0  0.3  0.6
0.2249  46.57  0.260063    280   0.0   2.733140  0.007462  0.0  0.0  0.0  0.9   0.0   0.0   0.0   0.1  2.4  0.5  0.8
0.2646  16.06  0.278063    280   0.0   1.140411  0.023189  0.0  0.0  0.0  0.8   0.0   0.0   0.0  -0.1  0.8  0.0  0.1
0.2740  19.99  0.234451    280   0.0   1.303852  0.005497  0.0  0.0  0.0  0.7   0.0   0.0   0.0   0.0  0.9  0.2  0.6
0.2739  26.76  0.228962    280   0.0   1.449145  0.004495  0.0  0.0  0.0  0.6   0.0   0.0   0.0   0.1  1.2  0.2  0.5
0.2745  35.42  0.232410    280   0.0   2.009981  0.004792  0.0  0.0  0.0  0.6   0.0   0.0   0.0   0.2  1.8  0.2  0.6
0.2744  46.98  0.234739    280   0.0   2.598086  0.007080  0.0  0.0  0.0  0.5   0.0   0.0   0.0   0.3  2.4  0.4  0.7
0.2769  59.79  0.169068    280   0.0   3.248127  0.018221  0.0  0.0  0.0  0.0   0.0   0.0   0.0   0.3  2.9  0.6  1.3
0.3289  20.73  0.198016    280   0.0   1.542736  0.005798  0.0  0.0  0.0  0.1   0.0   0.0   0.0   0.8  1.2  0.2  0.5
0.3440  26.73  0.173803    280   0.0   1.667336  0.003198  0.0  0.0  0.0  0.2   0.0   0.0   0.0   0.7  1.4  0.2  0.5
0.3447  35.48  0.177640    280   0.0   1.757842  0.003197  0.0  0.0  0.0  0.3   0.0   0.0   0.0   0.7  1.5  0.1  0.5
0.3455  46.61  0.169164    280   0.0   1.816594  0.003895  0.0  0.0  0.0  0.3   0.0   0.0   0.0   0.6  1.6  0.2  0.5
0.3491  61.17  0.158841    280   0.0   4.001264  0.010576  0.0  0.0  0.0 -2.7   0.0   0.0   0.0   0.6  2.6  0.4  1.2
0.4334  27.70  0.124560    280   0.0   5.116641  0.003499  0.0  0.0  0.0 -1.9   0.0   0.0   0.0   3.8  2.8  0.2  0.5
0.4657  35.56  0.099860    280   0.0   4.738144  0.002099  0.0  0.0  0.0 -1.3   0.0   0.0   0.0   3.1  3.3  0.1  0.5
0.4702  46.58  0.095941    280   0.0   4.484418  0.002399  0.0  0.0  0.0 -0.8   0.0   0.0   0.0   2.5  3.6  0.1  0.5
0.4772  62.24  0.083421    280   0.0   4.398867  0.005395  0.0  0.0  0.0  0.0   0.0   0.0   0.0   2.1  3.7  0.2  1.1