nmc,sig_r,p target
converted from 10022.xlsx
total uncertainty (stat and syst) is provided in column sys_tot. 
 0.0250  11
x     Q2        F2  Ebeam  stat   sys_tot     sys_u  de1  de2  de3  de4  dep1  dep2  dep3  dep4   dac  drc  dre
0.0078   0.80  0.247600     90   0.0  0.007866  0.003095  0.5  0.0  0.0  0.0  -0.1   0.0   0.0   0.0   2.3  1.7  0.3
0.0092   1.09  0.259915     90   0.0  0.010718  0.007242  0.4  0.0  0.0  0.0   0.1   0.0   0.0   0.0   2.1  2.1  0.5
0.0120   0.90  0.267266     90   0.0  0.008100  0.006191  0.7  0.0  0.0  0.0  -0.3   0.0   0.0   0.0   1.6  0.8  0.2
0.0125   1.22  0.283973     90   0.0  0.007228  0.003477  0.6  0.0  0.0  0.0  -0.1   0.0   0.0   0.0   1.6  1.4  0.3
0.0139   1.62  0.291663     90   0.0  0.011607  0.009194  0.4  0.0  0.0  0.0   0.0   0.0   0.0   0.0   1.5  1.8  0.5
0.0173   1.27  0.291455     90   0.0  0.006419  0.004682  0.7  0.0  0.0  0.0  -0.2   0.0   0.0   0.0   1.1  0.7  0.2
0.0176   1.72  0.315619     90   0.0  0.007726  0.005140  0.6  0.0  0.0  0.0  -0.1   0.0   0.0   0.0   1.2  1.2  0.3
0.0185   2.16  0.311069     90   0.0  0.012539  0.010944  0.5  0.0  0.0  0.0   0.0   0.0   0.0   0.0   1.1  1.5  0.4
0.0246   1.28  0.303371     90   0.0  0.006820  0.005565  1.0  0.0  0.0  0.0  -0.4   0.0   0.0   0.0   0.4  0.6  0.1
0.0247   1.75  0.322526     90   0.0  0.005799  0.004342  0.7  0.0  0.0  0.0  -0.2   0.0   0.0   0.0   0.7  0.6  0.2
0.0254   2.35  0.341920     90   0.0  0.006363  0.004489  0.6  0.0  0.0  0.0  -0.1   0.0   0.0   0.0   0.8  0.8  0.3
0.0276   3.24  0.327330     90   0.0  0.019912  0.018691  0.5  0.0  0.0  0.0   0.1   0.0   0.0   0.0   1.0  1.7  0.5
0.0348   1.30  0.307189     90   0.0  0.009556  0.008472  1.2  0.0  0.0  0.0  -0.7   0.0   0.0   0.0   0.3  0.2  0.1
0.0348   1.76  0.328513     90   0.0  0.006918  0.005863  1.0  0.0  0.0  0.0  -0.4   0.0   0.0   0.0   0.2  0.2  0.1
0.0349   2.44  0.349355     90   0.0  0.005770  0.004538  0.8  0.0  0.0  0.0  -0.2   0.0   0.0   0.0   0.4  0.4  0.2
0.0355   3.34  0.363214     90   0.0  0.010335  0.008954  0.6  0.0  0.0  0.0   0.0   0.0   0.0   0.0   0.6  1.1  0.3
0.0364   4.26  0.370502     90   0.0  0.031794  0.030286  0.5  0.0  0.0  0.0   0.1   0.0   0.0   0.0   0.8  2.4  0.4
0.0495   1.33  0.332514     90   0.0  0.012010  0.009783  1.6  0.0  0.0  0.0  -1.0   0.0   0.0   0.0   0.9  0.1  0.1
0.0493   1.76  0.330340     90   0.0  0.007693  0.005781  1.3  0.0  0.0  0.0  -0.7   0.0   0.0   0.0   0.4  0.1  0.1
0.0494   2.48  0.343253     90   0.0  0.005524  0.003973  1.0  0.0  0.0  0.0  -0.4   0.0   0.0   0.0   0.2  0.2  0.1
0.0501   3.41  0.367087     90   0.0  0.006835  0.005623  0.8  0.0  0.0  0.0  -0.2   0.0   0.0   0.0   0.2  0.6  0.2
0.0509   4.39  0.380071     90   0.0  0.012934  0.011911  0.6  0.0  0.0  0.0  -0.1   0.0   0.0   0.0   0.3  1.1  0.3
0.0526   5.31  0.376407     90   0.0  0.028517  0.027639  0.5  0.0  0.0  0.0   0.0   0.0   0.0   0.0   0.5  1.7  0.3
0.0701   1.35  0.315337     90   0.0  0.016473  0.013888  2.1  0.0  0.0  0.0  -1.5   0.0   0.0   0.0   1.1  0.1  0.1
0.0699   1.77  0.344098     90   0.0  0.011109  0.008388  1.7  0.0  0.0  0.0  -1.1   0.0   0.0   0.0   0.6  0.1  0.1
0.0694   2.48  0.349233     90   0.0  0.007473  0.005284  1.3  0.0  0.0  0.0  -0.7   0.0   0.0   0.0   0.3  0.1  0.1
0.0696   3.45  0.381679     90   0.0  0.007835  0.006459  1.0  0.0  0.0  0.0  -0.4   0.0   0.0   0.0   0.3  0.3  0.1
0.0703   4.42  0.379076     90   0.0  0.010506  0.009695  0.8  0.0  0.0  0.0  -0.2   0.0   0.0   0.0   0.3  0.6  0.1
0.0703   5.38  0.364223     90   0.0  0.017655  0.017105  0.7  0.0  0.0  0.0  -0.1   0.0   0.0   0.0   0.3  0.9  0.2
0.0712   6.38  0.369393     90   0.0  0.037284  0.036988  0.6  0.0  0.0  0.0   0.0   0.0   0.0   0.0   0.4  1.0  0.3
0.0903   1.38  0.338250     90   0.0  0.023893  0.021091  2.6  0.0  0.0  0.0  -1.9   0.0   0.0   0.0   0.8  0.0  0.1
0.0900   1.76  0.339250     90   0.0  0.013890  0.010692  2.1  0.0  0.0  0.0  -1.5   0.0   0.0   0.0   0.4  0.0  0.1
0.0898   2.47  0.359361     90   0.0  0.009295  0.006790  1.5  0.0  0.0  0.0  -0.9   0.0   0.0   0.0   0.2  0.1  0.1
0.0898   3.46  0.367455     90   0.0  0.008816  0.007178  1.2  0.0  0.0  0.0  -0.6   0.0   0.0   0.0   0.3  0.2  0.1
0.0900   4.43  0.371925     90   0.0  0.010890  0.009947  1.0  0.0  0.0  0.0  -0.4   0.0   0.0   0.0   0.4  0.3  0.1
0.0903   5.44  0.355385     90   0.0  0.015815  0.015370  0.8  0.0  0.0  0.0  -0.2   0.0   0.0   0.0   0.4  0.5  0.1
0.0897   6.50  0.396901     90   0.0  0.026936  0.026559  0.7  0.0  0.0  0.0  -0.1   0.0   0.0   0.0   0.5  0.7  0.2
0.1091   1.78  0.345218     90   0.0  0.016984  0.013297  2.4  0.0  0.0  0.0  -1.8   0.0   0.0   0.0   0.6  0.0  0.1
0.1097   2.49  0.361329     90   0.0  0.011355  0.008196  1.8  0.0  0.0  0.0  -1.2   0.0   0.0   0.0   0.2  0.0  0.1
0.1099   3.48  0.367054     90   0.0  0.010260  0.008292  1.4  0.0  0.0  0.0  -0.8   0.0   0.0   0.0   0.3  0.1  0.1
0.1100   4.45  0.367010     90   0.0  0.011415  0.010383  1.1  0.0  0.0  0.0  -0.5   0.0   0.0   0.0   0.4  0.2  0.1
0.1105   5.44  0.356617     90   0.0  0.015342  0.014763  1.0  0.0  0.0  0.0  -0.4   0.0   0.0   0.0   0.4  0.2  0.1
0.1096   6.60  0.372546     90   0.0  0.021979  0.021616  0.8  0.0  0.0  0.0  -0.2   0.0   0.0   0.0   0.6  0.3  0.1
0.1284   1.86  0.366917     90   0.0  0.025950  0.021877  2.9  0.0  0.0  0.0  -2.2   0.0   0.0   0.0   1.1  0.0  0.1
0.1385   2.49  0.362553     90   0.0  0.012248  0.007089  2.2  0.0  0.0  0.0  -1.5   0.0   0.0   0.0   0.7  0.0  0.1
0.1398   3.48  0.369513     90   0.0  0.010013  0.007081  1.6  0.0  0.0  0.0  -1.0   0.0   0.0   0.0   0.3  0.1  0.1
0.1396   4.45  0.363868     90   0.0  0.009900  0.008267  1.3  0.0  0.0  0.0  -0.7   0.0   0.0   0.0   0.2  0.1  0.1
0.1399   5.46  0.358145     90   0.0  0.012286  0.011438  1.1  0.0  0.0  0.0  -0.5   0.0   0.0   0.0   0.3  0.1  0.1
0.1409   6.69  0.373982     90   0.0  0.014957  0.014292  1.0  0.0  0.0  0.0  -0.3   0.0   0.0   0.0   0.5  0.2  0.1
0.1741   2.67  0.362630     90   0.0  0.015855  0.010889  2.4  0.0  0.0  0.0  -1.7   0.0   0.0   0.0   1.2  0.0  0.1
0.1807   3.47  0.338116     90   0.0  0.011352  0.008088  1.9  0.0  0.0  0.0  -1.2   0.0   0.0   0.0   0.7  0.0  0.1
0.1802   4.46  0.371920     90   0.0  0.012137  0.010179  1.5  0.0  0.0  0.0  -0.9   0.0   0.0   0.0   0.3  0.0  0.1
0.1808   5.46  0.332760     90   0.0  0.012800  0.011866  1.3  0.0  0.0  0.0  -0.6   0.0   0.0   0.0   0.1  0.1  0.1
0.1804   6.77  0.360162     90   0.0  0.014742  0.014044  1.1  0.0  0.0  0.0  -0.4   0.0   0.0   0.0   0.4  0.1  0.1
0.1771   8.50  0.389775     90   0.0  0.038093  0.037775  0.9  0.0  0.0  0.0  -0.3   0.0   0.0   0.0   0.8  0.2  0.1
0.2051   2.90  0.334335     90   0.0  0.033162  0.031575  2.3  0.0  0.0  0.0  -1.7   0.0   0.0   0.0   1.0  0.0  0.1
0.2210   3.51  0.330698     90   0.0  0.012041  0.008792  2.0  0.0  0.0  0.0  -1.3   0.0   0.0   0.0   0.7  0.0  0.1
0.2262   4.47  0.323607     90   0.0  0.010990  0.009189  1.6  0.0  0.0  0.0  -0.9   0.0   0.0   0.0   0.3  0.0  0.1
0.2263   5.47  0.349229     90   0.0  0.013738  0.012579  1.4  0.0  0.0  0.0  -0.7   0.0   0.0   0.0   0.2  0.0  0.1
0.2280   6.81  0.319784     90   0.0  0.013162  0.012472  1.1  0.0  0.0  0.0  -0.5   0.0   0.0   0.0   0.5  0.1  0.1
0.2215   8.64  0.305166     90   0.0  0.026717  0.026410  1.0  0.0  0.0  0.0  -0.3   0.0   0.0   0.0   0.8  0.1  0.1
0.2657   3.75  0.302701     90   0.0  0.016583  0.014690  1.7  0.0  0.0  0.0  -1.0   0.0   0.0   0.0   1.6  0.0  0.1
0.2736   4.47  0.304258     90   0.0  0.011913  0.010192  1.5  0.0  0.0  0.0  -0.8   0.0   0.0   0.0   1.1  0.0  0.1
0.2758   5.44  0.305492     90   0.0  0.013700  0.012787  1.3  0.0  0.0  0.0  -0.5   0.0   0.0   0.0   0.8  0.0  0.1
0.2803   6.85  0.319567     90   0.0  0.014640  0.013881  1.1  0.0  0.0  0.0  -0.3   0.0   0.0   0.0   0.9  0.0  0.1
0.2737   8.70  0.323060     90   0.0  0.027346  0.026947  0.9  0.0  0.0  0.0  -0.2   0.0   0.0   0.0   1.1  0.1  0.1
0.3166   4.62  0.288228     90   0.0  0.018195  0.012293  0.7  0.0  0.0  0.0   0.0   0.0   0.0   0.0   4.6  0.0  0.1
0.3397   5.46  0.258236     90   0.0  0.013383  0.009494  0.6  0.0  0.0  0.0   0.1   0.0   0.0   0.0   3.6  0.0  0.1
0.3511   6.87  0.275676     90   0.0  0.012216  0.010292  0.6  0.0  0.0  0.0   0.2   0.0   0.0   0.0   2.3  0.0  0.1
0.3450   8.73  0.239520     90   0.0  0.017099  0.016281  0.5  0.0  0.0  0.0   0.3   0.0   0.0   0.0   2.1  0.0  0.1
0.3973   5.73  0.208499     90   0.0  0.032255  0.021090 -2.4  0.0  0.0  0.0   3.2   0.0   0.0   0.0  11.0  0.0  0.1
0.4425   6.97  0.202298     90   0.0  0.021863  0.009395 -2.0  0.0  0.0  0.0   2.9   0.0   0.0   0.0   9.1  0.0  0.1
0.4653   8.75  0.181590     90   0.0  0.018032  0.011793 -1.7  0.0  0.0  0.0   2.7   0.0   0.0   0.0   6.8  0.0  0.1
0.0087   1.18  0.272811    120   0.0  0.011135  0.008220  0.0  0.5  0.0  0.0   0.0   0.0   0.0   0.0   2.1  1.6  0.6
0.0117   1.37  0.288597    120   0.0  0.011068  0.009239  0.0  0.7  0.0  0.0   0.0  -0.2   0.0   0.0   1.6  1.1  0.4
0.0129   1.70  0.300069    120   0.0  0.009058  0.006658  0.0  0.5  0.0  0.0   0.0   0.0   0.0   0.0   1.5  1.2  0.5
0.0172   1.77  0.318288    120   0.0  0.011002  0.009722  0.0  0.7  0.0  0.0   0.0  -0.2   0.0   0.0   1.2  0.7  0.4
0.0178   2.34  0.334525    120   0.0  0.008855  0.006844  0.0  0.6  0.0  0.0   0.0   0.0   0.0   0.0   1.1  1.0  0.5
0.0241   1.82  0.319383    120   0.0  0.012777  0.012105  0.0  0.9  0.0  0.0   0.0  -0.4   0.0   0.0   0.7  0.3  0.3
0.0245   2.50  0.338624    120   0.0  0.006810  0.005316  0.0  0.7  0.0  0.0   0.0  -0.2   0.0   0.0   0.8  0.5  0.4
0.0260   3.36  0.363174    120   0.0  0.009817  0.007493  0.0  0.6  0.0  0.0   0.0   0.0   0.0   0.0   1.0  1.2  0.5
0.0348   2.51  0.370522    120   0.0  0.010215  0.009330  0.0  0.9  0.0  0.0   0.0  -0.4   0.0   0.0   0.4  0.2  0.3
0.0348   3.48  0.376448    120   0.0  0.008819  0.007480  0.0  0.7  0.0  0.0   0.0  -0.2   0.0   0.0   0.6  0.7  0.4
0.0354   4.41  0.372353    120   0.0  0.012209  0.010027  0.0  0.6  0.0  0.0   0.0   0.0   0.0   0.0   0.8  1.5  0.5
0.0374   5.32  0.388570    120   0.0  0.028334  0.026798  0.0  0.5  0.0  0.0   0.0   0.0   0.0   0.0   1.0  2.0  0.6
0.0497   2.54  0.338134    120   0.0  0.009835  0.008668  0.0  1.2  0.0  0.0   0.0  -0.6   0.0   0.0   0.2  0.1  0.2
0.0494   3.49  0.375575    120   0.0  0.008064  0.006946  0.0  0.9  0.0  0.0   0.0  -0.4   0.0   0.0   0.2  0.3  0.3
0.0495   4.47  0.363115    120   0.0  0.008346  0.007201  0.0  0.8  0.0  0.0   0.0  -0.2   0.0   0.0   0.3  0.7  0.3
0.0504   5.43  0.362984    120   0.0  0.010920  0.009699  0.0  0.7  0.0  0.0   0.0  -0.1   0.0   0.0   0.5  1.0  0.4
0.0524   6.61  0.396547    120   0.0  0.016945  0.015722  0.0  0.6  0.0  0.0   0.0   0.0   0.0   0.0   0.7  1.2  0.5
0.0707   2.56  0.342016    120   0.0  0.014257  0.012878  0.0  1.5  0.0  0.0   0.0  -0.9   0.0   0.0   0.3  0.1  0.2
0.0702   3.50  0.357197    120   0.0  0.010189  0.008870  0.0  1.2  0.0  0.0   0.0  -0.6   0.0   0.0   0.3  0.2  0.2
0.0698   4.48  0.363732    120   0.0  0.009825  0.008847  0.0  1.0  0.0  0.0   0.0  -0.4   0.0   0.0   0.3  0.3  0.2
0.0700   5.47  0.383149    120   0.0  0.011336  0.010503  0.0  0.9  0.0  0.0   0.0  -0.3   0.0   0.0   0.3  0.4  0.3
0.0700   6.86  0.384091    120   0.0  0.013531  0.012796  0.0  0.7  0.0  0.0   0.0  -0.1   0.0   0.0   0.4  0.7  0.4
0.0718   8.62  0.444146    120   0.0  0.030740  0.030032  0.0  0.6  0.0  0.0   0.0   0.0   0.0   0.0   0.6  1.1  0.5
0.0915   2.61  0.394452    120   0.0  0.021940  0.020182  0.0  1.8  0.0  0.0   0.0  -1.2   0.0   0.0   0.2  0.0  0.2
0.0909   3.50  0.342434    120   0.0  0.012270  0.010882  0.0  1.4  0.0  0.0   0.0  -0.8   0.0   0.0   0.3  0.1  0.2
0.0906   4.47  0.363474    120   0.0  0.011956  0.010770  0.0  1.2  0.0  0.0   0.0  -0.6   0.0   0.0   0.4  0.2  0.2
0.0904   5.48  0.378997    120   0.0  0.012760  0.011946  0.0  1.0  0.0  0.0   0.0  -0.4   0.0   0.0   0.4  0.2  0.2
0.0904   6.81  0.378643    120   0.0  0.011988  0.011119  0.0  0.9  0.0  0.0   0.0  -0.3   0.0   0.0   0.5  0.4  0.3
0.0905   8.77  0.410415    120   0.0  0.022438  0.021814  0.0  0.7  0.0  0.0   0.0  -0.1   0.0   0.0   0.7  0.7  0.4
0.1126   2.62  0.317312    120   0.0  0.021357  0.019595  0.0  2.2  0.0  0.0   0.0  -1.5   0.0   0.0   0.2  0.0  0.2
0.1120   3.48  0.371917    120   0.0  0.018183  0.016492  0.0  1.7  0.0  0.0   0.0  -1.1   0.0   0.0   0.3  0.1  0.2
0.1111   4.48  0.365087    120   0.0  0.014539  0.013189  0.0  1.4  0.0  0.0   0.0  -0.8   0.0   0.0   0.4  0.1  0.2
0.1109   5.49  0.371302    120   0.0  0.014380  0.013382  0.0  1.2  0.0  0.0   0.0  -0.6   0.0   0.0   0.4  0.1  0.2
0.1109   6.83  0.363813    120   0.0  0.012549  0.011675  0.0  1.0  0.0  0.0   0.0  -0.4   0.0   0.0   0.6  0.2  0.2
0.1106   8.87  0.412870    120   0.0  0.021451  0.020818  0.0  0.8  0.0  0.0   0.0  -0.2   0.0   0.0   0.8  0.4  0.3
0.1112  10.76  0.344122    120   0.0  0.035856  0.035486  0.0  0.7  0.0  0.0   0.0  -0.1   0.0   0.0   1.1  0.6  0.4
0.1435   3.48  0.360506    120   0.0  0.016069  0.013382  0.0  2.0  0.0  0.0   0.0  -1.4   0.0   0.0   0.3  0.0  0.2
0.1421   4.49  0.335694    120   0.0  0.012026  0.010179  0.0  1.6  0.0  0.0   0.0  -1.0   0.0   0.0   0.2  0.0  0.2
0.1411   5.48  0.324859    120   0.0  0.011417  0.010071  0.0  1.4  0.0  0.0   0.0  -0.8   0.0   0.0   0.3  0.1  0.2
0.1413   6.87  0.344464    120   0.0  0.009934  0.008664  0.0  1.2  0.0  0.0   0.0  -0.5   0.0   0.0   0.5  0.1  0.2
0.1407   8.90  0.365794    120   0.0  0.015411  0.014604  0.0  1.0  0.0  0.0   0.0  -0.3   0.0   0.0   0.8  0.2  0.2
0.1423  11.01  0.388945    120   0.0  0.022028  0.021305  0.0  0.8  0.0  0.0   0.0  -0.2   0.0   0.0   1.1  0.3  0.3
0.1821   3.62  0.311347    120   0.0  0.020117  0.017985  0.0  2.3  0.0  0.0   0.0  -1.6   0.0   0.0   0.7  0.0  0.2
0.1866   4.50  0.339928    120   0.0  0.014774  0.012586  0.0  1.9  0.0  0.0   0.0  -1.2   0.0   0.0   0.3  0.0  0.2
0.1845   5.49  0.319334    120   0.0  0.013269  0.011883  0.0  1.6  0.0  0.0   0.0  -0.9   0.0   0.0   0.1  0.0  0.2
0.1837   6.87  0.345379    120   0.0  0.011406  0.010079  0.0  1.3  0.0  0.0   0.0  -0.7   0.0   0.0   0.4  0.1  0.2
0.1813   8.94  0.334985    120   0.0  0.016561  0.015847  0.0  1.1  0.0  0.0   0.0  -0.4   0.0   0.0   0.8  0.1  0.2
0.1816  11.15  0.367465    120   0.0  0.020252  0.019508  0.0  0.9  0.0  0.0   0.0  -0.3   0.0   0.0   1.1  0.2  0.2
0.2292   4.56  0.310990    120   0.0  0.016560  0.014890  0.0  1.9  0.0  0.0   0.0  -1.3   0.0   0.0   0.3  0.0  0.2
0.2312   5.47  0.310135    120   0.0  0.014024  0.012589  0.0  1.7  0.0  0.0   0.0  -1.0   0.0   0.0   0.2  0.0  0.2
0.2311   6.92  0.318417    120   0.0  0.011205  0.009888  0.0  1.4  0.0  0.0   0.0  -0.7   0.0   0.0   0.5  0.0  0.2
0.2276   8.84  0.307654    120   0.0  0.013644  0.012877  0.0  1.1  0.0  0.0   0.0  -0.5   0.0   0.0   0.8  0.1  0.2
0.2276  11.24  0.365448    120   0.0  0.019188  0.018352  0.0  1.0  0.0  0.0   0.0  -0.3   0.0   0.0   1.1  0.1  0.2
0.2801   5.54  0.295834    120   0.0  0.017034  0.016091  0.0  1.5  0.0  0.0   0.0  -0.8   0.0   0.0   0.8  0.0  0.2
0.2853   6.93  0.286394    120   0.0  0.011534  0.010592  0.0  1.2  0.0  0.0   0.0  -0.5   0.0   0.0   0.9  0.0  0.2
0.2808   8.86  0.294288    120   0.0  0.014692  0.013985  0.0  1.0  0.0  0.0   0.0  -0.3   0.0   0.0   1.1  0.0  0.2
0.2790  11.27  0.280966    120   0.0  0.016988  0.016375  0.0  0.9  0.0  0.0   0.0  -0.2   0.0   0.0   1.3  0.1  0.2
0.2792  14.19  0.296453    120   0.0  0.029871  0.029436  0.0  0.8  0.0  0.0   0.0   0.0   0.0   0.0   1.5  0.1  0.2
0.3411   7.08  0.267368    120   0.0  0.012175  0.010395  0.0  0.5  0.0  0.0   0.0   0.2   0.0   0.0   2.3  0.0  0.2
0.3527   8.86  0.253043    120   0.0  0.011777  0.010394  0.0  0.5  0.0  0.0   0.0   0.3   0.0   0.0   2.1  0.0  0.2
0.3528  11.33  0.233795    120   0.0  0.012690  0.011690  0.0  0.5  0.0  0.0   0.0   0.4   0.0   0.0   2.0  0.1  0.2
0.3521  14.32  0.262781    120   0.0  0.020378  0.019676  0.0  0.5  0.0  0.0   0.0   0.4   0.0   0.0   1.9  0.1  0.2
0.4334   9.02  0.160936    120   0.0  0.016492  0.010296  0.0 -2.5  0.0  0.0   0.0   3.4   0.0   0.0   6.8  0.0  0.2
0.4626  11.36  0.169120    120   0.0  0.013807  0.009495  0.0 -2.0  0.0  0.0   0.0   3.0   0.0   0.0   4.7  0.0  0.2
0.4722  14.39  0.153405    120   0.0  0.013091  0.011493  0.0 -1.5  0.6  0.0   0.0   2.6   0.0   0.0   2.7  0.0  0.2
0.0035   0.83  0.250428    200   0.0  0.015480  0.009272  0.0  0.0  0.5  0.0   0.0   0.0  -0.2   0.0   2.2  1.6  4.1
0.0051   1.18  0.265635    200   0.0  0.014122  0.007459  0.0  0.0  0.7  0.0   0.0   0.0   0.0   0.0   1.7  1.6  3.8
0.0075   1.32  0.300926    200   0.0  0.014027  0.007909  0.0  0.0  0.6  0.0   0.0   0.0  -0.2   0.0   1.7  0.8  3.3
0.0081   1.72  0.326569    200   0.0  0.014378  0.007895  0.0  0.0  0.8  0.0   0.0   0.0  -0.1   0.0   1.2  1.1  3.2
0.0122   1.76  0.336729    200   0.0  0.014664  0.009286  0.0  0.0  0.6  0.0   0.0   0.0  -0.3   0.0   1.5  0.5  2.9
0.0124   2.45  0.360766    200   0.0  0.012852  0.007051  0.0  0.0  0.5  0.0   0.0   0.0  -0.1   0.0   1.1  0.8  2.6
0.0138   3.25  0.342021    200   0.0  0.019319  0.016990  0.0  0.0  1.1  0.0   0.0   0.0   0.0   0.0   1.7  1.2  1.3
0.0174   1.77  0.314051    200   0.0  0.016764  0.013292  0.0  0.0  0.8  0.0   0.0   0.0  -0.5   0.0   1.7  0.2  2.6
0.0174   2.48  0.361071    200   0.0  0.013861  0.008843  0.0  0.0  0.6  0.0   0.0   0.0  -0.3   0.0   1.2  0.3  2.6
0.0169   3.62  0.368288    200   0.0  0.015271  0.012775  0.0  0.0  0.5  0.0   0.0   0.0  -0.1   0.0   1.5  1.2  1.1
0.0185   4.34  0.384173    200   0.0  0.019244  0.015363  0.0  0.0  1.4  0.0   0.0   0.0   0.0   0.0   1.6  1.7  1.3
0.0244   1.79  0.305504    200   0.0  0.020846  0.018159  0.0  0.0  1.1  0.0   0.0   0.0  -0.8   0.0   1.9  0.1  2.4
0.0246   2.50  0.347787    200   0.0  0.012676  0.008063  0.0  0.0  0.8  0.0   0.0   0.0  -0.5   0.0   1.3  0.2  2.3
0.0248   3.45  0.381182    200   0.0  0.013778  0.009510  0.0  0.0  0.7  0.0   0.0   0.0  -0.3   0.0   0.9  0.4  2.3
0.0240   4.54  0.386785    200   0.0  0.013784  0.011076  0.0  0.0  0.6  0.0   0.0   0.0  -0.1   0.0   1.3  1.2  1.0
0.0252   5.45  0.385073    200   0.0  0.014625  0.010997  0.0  0.0  0.5  0.0   0.0   0.0   0.0   0.0   1.5  1.6  1.1
0.0277   6.51  0.404255    200   0.0  0.019771  0.015388  0.0  0.0  1.4  0.0   0.0   0.0   0.0   0.0   1.7  1.7  1.3
0.0347   2.53  0.347380    200   0.0  0.016097  0.012770  0.0  0.0  1.1  0.0   0.0   0.0  -0.8   0.0   1.3  0.1  2.1
0.0349   3.46  0.368567    200   0.0  0.014726  0.011446  0.0  0.0  0.9  0.0   0.0   0.0  -0.5   0.0   0.9  0.2  2.1
0.0350   4.43  0.393519    200   0.0  0.018227  0.015574  0.0  0.0  0.7  0.0   0.0   0.0  -0.3   0.0   0.8  0.4  2.1
0.0346   5.50  0.383094    200   0.0  0.014800  0.013312  0.0  0.0  0.6  0.0   0.0   0.0  -0.2   0.0   0.9  0.8  1.0
0.0347   6.96  0.414221    200   0.0  0.013029  0.009953  0.0  0.0  0.5  0.0   0.0   0.0  -0.1   0.0   1.2  1.1  1.1
0.0368   8.65  0.377914    200   0.0  0.019036  0.015541  0.0  0.0  1.4  0.0   0.0   0.0   0.0   0.0   1.5  1.6  1.3
0.0484   3.52  0.328965    200   0.0  0.014057  0.011471  0.0  0.0  1.1  0.0   0.0   0.0  -0.8   0.0   1.0  0.1  1.8
0.0493   4.46  0.374848    200   0.0  0.014760  0.012150  0.0  0.0  1.0  0.0   0.0   0.0  -0.6   0.0   0.6  0.2  1.8
0.0490   5.47  0.396553    200   0.0  0.014575  0.013013  0.0  0.0  0.8  0.0   0.0   0.0  -0.4   0.0   0.4  0.3  1.3
0.0489   6.99  0.380542    200   0.0  0.010367  0.008795  0.0  0.0  0.7  0.0   0.0   0.0  -0.2   0.0   0.7  0.5  0.9
0.0494   8.96  0.385719    200   0.0  0.011367  0.009205  0.0  0.0  0.6  0.0   0.0   0.0  -0.1   0.0   0.9  0.9  1.0
0.0516  11.12  0.415041    200   0.0  0.015757  0.011437  0.0  0.0  1.5  0.0   0.0   0.0   0.0   0.0   1.2  1.3  1.2
0.0695   4.50  0.340750    200   0.0  0.019886  0.018365  0.0  0.0  1.2  0.0   0.0   0.0  -0.8   0.0   0.6  0.1  1.6
0.0690   5.48  0.363328    200   0.0  0.020467  0.019144  0.0  0.0  1.0  0.0   0.0   0.0  -0.6   0.0   0.2  0.1  1.6
0.0698   6.94  0.410586    200   0.0  0.014693  0.013434  0.0  0.0  0.9  0.0   0.0   0.0  -0.4   0.0   0.3  0.2  1.0
0.0695   8.99  0.390678    200   0.0  0.012961  0.011893  0.0  0.0  0.7  0.0   0.0   0.0  -0.3   0.0   0.6  0.4  0.8
0.0696  11.39  0.417965    200   0.0  0.012726  0.011028  0.0  0.0  0.6  0.0   0.0   0.0  -0.1   0.0   0.8  0.7  0.9
0.0707  14.46  0.381844    200   0.0  0.016774  0.013735  0.0  0.0  1.5  0.0   0.0   0.0   0.0   0.0   1.1  1.3  1.1
0.0893   5.50  0.358373    200   0.0  0.029440  0.028258  0.0  0.0  1.2  0.0   0.0   0.0  -0.9   0.0   0.4  0.1  1.7
0.0897   6.96  0.403823    200   0.0  0.018333  0.016859  0.0  0.0  1.0  0.0   0.0   0.0  -0.6   0.0   0.9  0.1  1.0
0.0899   8.96  0.359877    200   0.0  0.015396  0.013841  0.0  0.0  0.9  0.0   0.0   0.0  -0.4   0.0   1.3  0.2  0.9
0.0899  11.45  0.377599    200   0.0  0.013322  0.012011  0.0  0.0  0.7  0.0   0.0   0.0  -0.2   0.0   1.0  0.4  0.8
0.0901  14.66  0.413551    200   0.0  0.015624  0.013818  0.0  0.0  0.6  0.0   0.0   0.0  -0.1   0.0   1.2  0.7  0.9
0.0907  19.02  0.376481    200   0.0  0.025746  0.023628  0.0  0.0  1.4  0.0   0.0   0.0   0.0   0.0   1.5  1.4  1.1
0.1102   6.97  0.347644    200   0.0  0.019170  0.018087  0.0  0.0  1.2  0.0   0.0   0.0  -0.8   0.0   0.5  0.1  1.0
0.1101   8.99  0.351752    200   0.0  0.017317  0.016080  0.0  0.0  1.0  0.0   0.0   0.0  -0.5   0.0   1.2  0.1  0.8
0.1103  11.45  0.372290    200   0.0  0.014972  0.013670  0.0  0.0  0.8  0.0   0.0   0.0  -0.4   0.0   1.1  0.2  0.8
0.1100  14.76  0.371944    200   0.0  0.015010  0.013547  0.0  0.0  0.7  0.0   0.0   0.0  -0.2   0.0   1.3  0.4  0.8
0.1102  19.38  0.453346    200   0.0  0.027366  0.024618  0.0  0.0  1.6  0.0   0.0   0.0  -0.1   0.0   1.7  0.7  1.0
0.1395   7.15  0.349679    200   0.0  0.020677  0.019471  0.0  0.0  1.4  0.0   0.0   0.0  -1.0   0.0   0.6  0.0  0.8
0.1402   9.01  0.389571    200   0.0  0.018937  0.017762  0.0  0.0  1.1  0.0   0.0   0.0  -0.7   0.0   0.8  0.1  0.7
0.1398  11.43  0.370115    200   0.0  0.013014  0.011463  0.0  0.0  0.9  0.0   0.0   0.0  -0.5   0.0   1.1  0.1  0.7
0.1398  14.83  0.351892    200   0.0  0.012198  0.010347  0.0  0.0  0.8  0.0   0.0   0.0  -0.3   0.0   1.4  0.2  0.8
0.1400  19.32  0.358589    200   0.0  0.014606  0.012693  0.0  0.0  0.6  0.0   0.0   0.0  -0.1   0.0   1.7  0.4  0.8
0.1418  25.37  0.374212    200   0.0  0.029697  0.027420  0.0  0.0  1.8  0.0   0.0   0.0   0.0   0.0   2.1  0.8  1.0
0.1789   7.38  0.291355    200   0.0  0.025079  0.024280  0.0  0.0  1.6  0.0   0.0   0.0  -1.2   0.0   0.4  0.0  0.7
0.1803   8.97  0.350018    200   0.0  0.021251  0.020178  0.0  0.0  1.3  0.0   0.0   0.0  -0.9   0.0   0.8  0.0  0.7
0.1818  11.44  0.343156    200   0.0  0.014661  0.013279  0.0  0.0  1.1  0.0   0.0   0.0  -0.6   0.0   1.1  0.1  0.7
0.1804  14.86  0.349624    200   0.0  0.013873  0.012269  0.0  0.0  0.9  0.0   0.0   0.0  -0.4   0.0   1.4  0.1  0.7
0.1804  19.42  0.353784    200   0.0  0.015031  0.013048  0.0  0.0  0.7  0.0   0.0   0.0  -0.2   0.0   1.8  0.2  0.8
0.1805  25.90  0.372410    200   0.0  0.025797  0.023536  0.0  0.0  1.6  0.0   0.0   0.0  -0.1   0.0   2.1  0.5  0.9
0.2226   9.15  0.326084    200   0.0  0.024099  0.023285  0.0  0.0  1.3  0.0   0.0   0.0  -0.9   0.0   0.8  0.0  0.7
0.2264  11.47  0.335800    200   0.0  0.015340  0.014087  0.0  0.0  1.1  0.0   0.0   0.0  -0.6   0.0   1.1  0.0  0.7
0.2263  14.90  0.307883    200   0.0  0.012733  0.011385  0.0  0.0  0.9  0.0   0.0   0.0  -0.4   0.0   1.4  0.1  0.7
0.2254  19.53  0.319906    200   0.0  0.013515  0.011874  0.0  0.0  0.8  0.0   0.0   0.0  -0.2   0.0   1.7  0.1  0.7
0.2258  26.32  0.329698    200   0.0  0.021117  0.019529  0.0  0.0  1.1  0.0   0.0   0.0   0.0   0.0   2.0  0.3  0.8
0.2776  11.62  0.272852    200   0.0  0.016084  0.015292  0.0  0.0  1.0  0.0   0.0   0.0  -0.4   0.0   1.3  0.0  0.7
0.2755  14.82  0.288273    200   0.0  0.014319  0.013290  0.0  0.0  0.8  0.0   0.0   0.0  -0.2   0.0   1.5  0.0  0.7
0.2760  19.59  0.280054    200   0.0  0.013378  0.012185  0.0  0.0  0.7  0.0   0.0   0.0  -0.1   0.0   1.7  0.1  0.7
0.2764  26.49  0.269942    200   0.0  0.019265  0.018362  0.0  0.0  0.6  0.0   0.0   0.0   0.1   0.0   1.9  0.2  0.8
0.2763  33.92  0.332558    200   0.0  0.038356  0.037582  0.0  0.0  0.3  0.0   0.0   0.0   0.1   0.0   2.1  0.4  0.8
0.3421  15.02  0.215098    200   0.0  0.010158  0.009096  0.0  0.0  0.4  0.0   0.0   0.0   0.4   0.0   1.9  0.0  0.7
0.3467  19.65  0.221249    200   0.0  0.009704  0.008594  0.0  0.0  0.4  0.0   0.0   0.0   0.5   0.0   1.8  0.1  0.7
0.3473  26.20  0.206782    200   0.0  0.012090  0.011188  0.0  0.0  0.4  0.0   0.0   0.0   0.5   0.0   2.0  0.1  0.7
0.3494  34.49  0.240596    200   0.0  0.022067  0.020565  0.0  0.0 -2.2  0.0   0.0   0.0   0.5   0.0   2.3  0.2  0.8
0.4554  20.05  0.146147    200   0.0  0.009183  0.007197  0.0  0.0 -1.5  0.0   0.0   0.0   3.2   0.0   1.5  0.0  0.7
0.4745  26.22  0.126737    200   0.0  0.008690  0.007496  0.0  0.0 -1.0  0.0   0.0   0.0   2.7   0.0   1.8  0.1  0.7
0.4769  34.80  0.107619    200   0.0  0.011089  0.010292  0.0  0.0  0.0  0.6   0.0   0.0   2.2   0.0   3.0  0.1  0.7
0.0037   1.27  0.291137    280   0.0  0.015194  0.005928  0.0  0.0  0.0  0.5   0.0   0.0   0.0  -0.1   2.5  1.7  3.7
0.0050   1.71  0.309230    280   0.0  0.013895  0.005917  0.0  0.0  0.0  0.4   0.0   0.0   0.0   0.0   1.6  1.5  3.4
0.0056   2.15  0.327455    280   0.0  0.017474  0.012411  0.0  0.0  0.0  0.7   0.0   0.0   0.0   0.1   0.9  1.6  3.2
0.0073   1.81  0.331910    280   0.0  0.014859  0.008669  0.0  0.0  0.0  0.6   0.0   0.0   0.0  -0.2   1.2  0.7  3.3
0.0079   2.44  0.354057    280   0.0  0.013341  0.004599  0.0  0.0  0.0  0.5   0.0   0.0   0.0  -0.1   1.5  1.0  3.0
0.0090   3.37  0.359301    280   0.0  0.014010  0.006989  0.0  0.0  0.0  0.8   0.0   0.0   0.0   0.1   1.4  1.6  2.5
0.0121   2.55  0.359659    280   0.0  0.013324  0.006922  0.0  0.0  0.0  0.6   0.0   0.0   0.0  -0.3   1.0  0.4  2.9
0.0123   3.47  0.381096    280   0.0  0.013084  0.005889  0.0  0.0  0.0  0.5   0.0   0.0   0.0  -0.1   0.7  0.9  2.8
0.0125   4.45  0.379153    280   0.0  0.013946  0.005750  0.0  0.0  0.0  0.4   0.0   0.0   0.0   0.0   1.5  2.1  2.1
0.0139   5.38  0.399595    280   0.0  0.018739  0.010014  0.0  0.0  0.0  1.0   0.0   0.0   0.0   0.1   2.2  2.5  1.9
0.0173   2.59  0.349054    280   0.0  0.015308  0.010800  0.0  0.0  0.0  0.8   0.0   0.0   0.0  -0.5   1.2  0.2  2.7
0.0173   3.49  0.373543    280   0.0  0.013182  0.007758  0.0  0.0  0.0  0.7   0.0   0.0   0.0  -0.3   0.8  0.4  2.6
0.0174   4.46  0.399261    280   0.0  0.014193  0.008227  0.0  0.0  0.0  0.5   0.0   0.0   0.0  -0.1   0.4  1.1  2.6
0.0168   5.60  0.397942    280   0.0  0.016445  0.009850  0.0  0.0  0.0  0.5   0.0   0.0   0.0   0.0   1.9  2.2  1.5
0.0180   6.73  0.390696    280   0.0  0.015963  0.006634  0.0  0.0  0.0  1.1   0.0   0.0   0.0   0.1   2.1  2.3  1.7
0.0245   3.49  0.369871    280   0.0  0.013474  0.008361  0.0  0.0  0.0  0.9   0.0   0.0   0.0  -0.5   0.9  0.2  2.5
0.0245   4.48  0.387781    280   0.0  0.012790  0.007537  0.0  0.0  0.0  0.8   0.0   0.0   0.0  -0.3   0.6  0.5  2.4
0.0246   5.47  0.405391    280   0.0  0.013370  0.008094  0.0  0.0  0.0  0.6   0.0   0.0   0.0  -0.2   0.3  0.8  2.4
0.0236   7.22  0.408989    280   0.0  0.012539  0.006606  0.0  0.0  0.0  0.5   0.0   0.0   0.0   0.0   1.7  1.4  1.3
0.0253   8.88  0.427078    280   0.0  0.014411  0.006155  0.0  0.0  0.0  0.4   0.0   0.0   0.0   0.1   2.0  1.7  1.5
0.0279  10.79  0.449169    280   0.0  0.019993  0.011151  0.0  0.0  0.0  1.1   0.0   0.0   0.0   0.1   2.1  2.1  1.9
0.0347   4.48  0.412241    280   0.0  0.015178  0.010856  0.0  0.0  0.0  1.0   0.0   0.0   0.0  -0.5   0.7  0.2  2.2
0.0348   5.49  0.394416    280   0.0  0.013992  0.010136  0.0  0.0  0.0  0.8   0.0   0.0   0.0  -0.4   0.5  0.3  2.2
0.0348   6.86  0.398527    280   0.0  0.013071  0.009006  0.0  0.0  0.0  0.6   0.0   0.0   0.0  -0.2   0.4  0.5  2.2
0.0345   9.03  0.413385    280   0.0  0.011658  0.007737  0.0  0.0  0.0  0.5   0.0   0.0   0.0  -0.1   1.3  0.9  1.3
0.0348  11.44  0.424963    280   0.0  0.013238  0.006076  0.0  0.0  0.0  0.5   0.0   0.0   0.0   0.0   1.7  1.6  1.4
0.0369  14.10  0.434127    280   0.0  0.018863  0.010364  0.0  0.0  0.0  1.2   0.0   0.0   0.0   0.1   2.0  2.2  1.7
0.0469   5.53  0.385825    280   0.0  0.014504  0.010961  0.0  0.0  0.0  1.0   0.0   0.0   0.0  -0.6   0.5  0.2  2.1
0.0493   6.93  0.391935    280   0.0  0.011433  0.007162  0.0  0.0  0.0  0.9   0.0   0.0   0.0  -0.4   0.4  0.2  2.0
0.0490   8.99  0.396912    280   0.0  0.010460  0.007526  0.0  0.0  0.0  0.7   0.0   0.0   0.0  -0.3   0.6  0.4  1.5
0.0487  11.57  0.418044    280   0.0  0.009747  0.005892  0.0  0.0  0.0  0.6   0.0   0.0   0.0  -0.1   1.2  0.8  1.0
0.0494  14.87  0.418272    280   0.0  0.011353  0.005135  0.0  0.0  0.0  0.5   0.0   0.0   0.0   0.0   1.4  1.4  1.3
0.0529  18.90  0.435911    280   0.0  0.016716  0.007731  0.0  0.0  0.0  1.3   0.0   0.0   0.0   0.1   1.7  2.1  1.6
0.0663   7.32  0.374185    280   0.0  0.016170  0.013659  0.0  0.0  0.0  1.1   0.0   0.0   0.0  -0.6   0.4  0.1  1.9
0.0699   8.93  0.388427    280   0.0  0.013959  0.010956  0.0  0.0  0.0  0.9   0.0   0.0   0.0  -0.5   0.5  0.2  1.9
0.0696  11.47  0.405628    280   0.0  0.010552  0.008438  0.0  0.0  0.0  0.7   0.0   0.0   0.0  -0.3   0.7  0.4  1.1
0.0694  15.01  0.407827    280   0.0  0.009501  0.006509  0.0  0.0  0.0  0.6   0.0   0.0   0.0  -0.1   1.1  0.7  0.9
0.0699  19.65  0.416130    280   0.0  0.011306  0.005946  0.0  0.0  0.0  0.5   0.0   0.0   0.0   0.0   1.4  1.3  1.2
0.0716  25.56  0.453728    280   0.0  0.020295  0.013289  0.0  0.0  0.0  1.2   0.0   0.0   0.0   0.1   1.7  2.2  1.5
0.0863   9.35  0.349637    280   0.0  0.020522  0.018754  0.0  0.0  0.0  1.1   0.0   0.0   0.0  -0.6   0.7  0.1  1.9
0.0897  11.49  0.407364    280   0.0  0.012627  0.010264  0.0  0.0  0.0  0.9   0.0   0.0   0.0  -0.4   0.9  0.2  1.2
0.0897  14.97  0.393858    280   0.0  0.010539  0.008346  0.0  0.0  0.0  0.7   0.0   0.0   0.0  -0.3   1.2  0.4  0.7
0.0895  19.88  0.396997    280   0.0  0.010274  0.006617  0.0  0.0  0.0  0.6   0.0   0.0   0.0  -0.1   1.5  0.7  0.9
0.0903  26.07  0.397508    280   0.0  0.014174  0.008208  0.0  0.0  0.0  1.2   0.0   0.0   0.0   0.0   1.9  1.4  1.2
0.1095  11.80  0.365980    280   0.0  0.014893  0.013185  0.0  0.0  0.0  1.0   0.0   0.0   0.0  -0.6   1.1  0.1  1.0
0.1097  14.93  0.390063    280   0.0  0.012407  0.010281  0.0  0.0  0.0  0.8   0.0   0.0   0.0  -0.4   1.3  0.2  0.8
0.1097  19.86  0.381809    280   0.0  0.010663  0.007373  0.0  0.0  0.0  0.7   0.0   0.0   0.0  -0.2   1.7  0.4  0.7
0.1100  26.38  0.373390    280   0.0  0.011904  0.007746  0.0  0.0  0.0  0.6   0.0   0.0   0.0  -0.1   2.0  0.7  1.0
0.1106  34.50  0.426049    280   0.0  0.021901  0.016781  0.0  0.0  0.0  1.4   0.0   0.0   0.0   0.1   2.3  1.4  1.3
0.1391  11.77  0.361391    280   0.0  0.023171  0.021863  0.0  0.0  0.0  1.2   0.0   0.0   0.0  -0.8   1.1  0.1  1.1
0.1374  15.03  0.382390    280   0.0  0.011413  0.008877  0.0  0.0  0.0  0.9   0.0   0.0   0.0  -0.5   1.4  0.1  0.7
0.1389  19.89  0.364849    280   0.0  0.009445  0.005975  0.0  0.0  0.0  0.8   0.0   0.0   0.0  -0.3   1.7  0.2  0.6
0.1394  26.63  0.371822    280   0.0  0.010612  0.005956  0.0  0.0  0.0  0.6   0.0   0.0   0.0  -0.1   2.1  0.4  0.8
0.1401  35.24  0.359197    280   0.0  0.014728  0.009871  0.0  0.0  0.0  1.3   0.0   0.0   0.0   0.0   2.4  0.9  1.0
0.1790  15.07  0.328983    280   0.0  0.012459  0.010686  0.0  0.0  0.0  1.1   0.0   0.0   0.0  -0.6   1.4  0.1  0.5
0.1796  19.99  0.334207    280   0.0  0.009936  0.006986  0.0  0.0  0.0  0.9   0.0   0.0   0.0  -0.4   1.8  0.1  0.5
0.1793  26.74  0.338012    280   0.0  0.010147  0.006477  0.0  0.0  0.0  0.7   0.0   0.0   0.0  -0.2   2.1  0.2  0.6
0.1800  35.13  0.352724    280   0.0  0.012467  0.008251  0.0  0.0  0.0  0.6   0.0   0.0   0.0  -0.1   2.4  0.5  0.8
0.1807  45.79  0.367143    280   0.0  0.019600  0.015446  0.0  0.0  0.0  1.3   0.0   0.0   0.0   0.1   2.7  0.9  1.0
0.2245  15.14  0.320774    280   0.0  0.012987  0.011392  0.0  0.0  0.0  1.1   0.0   0.0   0.0  -0.6   1.4  0.0  0.5
0.2245  19.97  0.303864    280   0.0  0.009249  0.006892  0.0  0.0  0.0  0.9   0.0   0.0   0.0  -0.4   1.7  0.1  0.5
0.2244  26.77  0.314825    280   0.0  0.009491  0.006388  0.0  0.0  0.0  0.8   0.0   0.0   0.0  -0.2   2.0  0.2  0.5
0.2242  35.28  0.302881    280   0.0  0.010357  0.007079  0.0  0.0  0.0  0.7   0.0   0.0   0.0   0.0   2.3  0.3  0.6
0.2250  46.62  0.315080    280   0.0  0.015133  0.012038  0.0  0.0  0.0  1.1   0.0   0.0   0.0   0.1   2.5  0.6  0.8
0.2654  16.07  0.315244    280   0.0  0.029326  0.028786  0.0  0.0  0.0  0.9   0.0   0.0   0.0  -0.3   1.5  0.0  0.1
0.2744  19.99  0.283820    280   0.0  0.009653  0.007895  0.0  0.0  0.0  0.8   0.0   0.0   0.0  -0.2   1.7  0.1  0.5
0.2742  26.76  0.264125    280   0.0  0.008519  0.006493  0.0  0.0  0.0  0.7   0.0   0.0   0.0   0.0   1.9  0.1  0.5
0.2749  35.44  0.279531    280   0.0  0.009705  0.007388  0.0  0.0  0.0  0.6   0.0   0.0   0.0   0.1   2.1  0.2  0.5
0.2745  47.03  0.276118    280   0.0  0.013203  0.011268  0.0  0.0  0.0  0.6   0.0   0.0   0.0   0.2   2.3  0.4  0.6
0.2772  59.81  0.187090    280   0.0  0.029164  0.028676  0.0  0.0  0.0  0.3   0.0   0.0   0.0   0.2   2.4  0.7  1.3
0.3293  20.74  0.246396    280   0.0  0.009741  0.008496  0.0  0.0  0.0  0.3   0.0   0.0   0.0   0.5   1.8  0.0  0.4
0.3447  26.74  0.221476    280   0.0  0.006823  0.004897  0.0  0.0  0.0  0.3   0.0   0.0   0.0   0.5   2.0  0.1  0.5
0.3453  35.49  0.218505    280   0.0  0.007377  0.005095  0.0  0.0  0.0  0.4   0.0   0.0   0.0   0.5   2.3  0.1  0.5
0.3461  46.63  0.223888    280   0.0  0.008991  0.006591  0.0  0.0  0.0  0.4   0.0   0.0   0.0   0.5   2.6  0.2  0.5
0.3501  61.21  0.233476    280   0.0  0.021332  0.019257  0.0  0.0  0.0 -2.4   0.0   0.0   0.0   0.5   2.8  0.4  1.2
0.4331  27.70  0.165247    280   0.0  0.009129  0.005698  0.0  0.0  0.0 -1.7   0.0   0.0   0.0   3.5   1.8  0.0  0.5
0.4652  35.55  0.134646    280   0.0  0.006847  0.003499  0.0  0.0  0.0 -1.2   0.0   0.0   0.0   2.9   3.0  0.1  0.5
0.4701  46.57  0.121926    280   0.0  0.006938  0.003998  0.0  0.0  0.0 -0.7   0.0   0.0   0.0   2.4   3.9  0.1  0.4
0.4790  62.34  0.122584    280   0.0  0.011705  0.009891  0.0  0.0  0.0  0.0   0.0   0.0   0.0   1.9   4.6  0.3  1.1