slac_reb,F2,p target
converted from 10012.xlsx
*
 0.0210  0
x     Q2      F2  Ebeam    stat  sys_tot  dummy  dummy
0.07   0.59  0.2781    0.0  0.0070   0.0042    0.0    0.0
0.07   0.81  0.3021    0.0  0.0060   0.0039    0.0    0.0
0.07   0.90  0.3176    0.0  0.0041   0.0041    0.0    0.0
0.07   1.12  0.3277    0.0  0.0046   0.0043    0.0    0.0
0.07   1.27  0.3442    0.0  0.0059   0.0055    0.0    0.0
0.07   1.52  0.3621    0.0  0.0094   0.0101    0.0    0.0
0.07   1.66  0.3556    0.0  0.0103   0.0046    0.0    0.0
0.07   2.01  0.3822    0.0  0.0134   0.0092    0.0    0.0
0.10   0.58  0.2870    0.0  0.0049   0.0049    0.0    0.0
0.10   0.62  0.2936    0.0  0.0053   0.0044    0.0    0.0
0.10   0.66  0.3012    0.0  0.0036   0.0036    0.0    0.0
0.10   0.74  0.3083    0.0  0.0093   0.0040    0.0    0.0
0.10   0.87  0.3159    0.0  0.0063   0.0041    0.0    0.0
0.10   1.00  0.3272    0.0  0.0033   0.0043    0.0    0.0
0.10   1.08  0.3321    0.0  0.0066   0.0037    0.0    0.0
0.10   1.18  0.3324    0.0  0.0053   0.0030    0.0    0.0
0.10   1.30  0.3367    0.0  0.0040   0.0037    0.0    0.0
0.10   1.42  0.3362    0.0  0.0071   0.0034    0.0    0.0
0.10   1.53  0.3390    0.0  0.0078   0.0071    0.0    0.0
0.10   1.67  0.3496    0.0  0.0147   0.0098    0.0    0.0
0.10   1.81  0.3557    0.0  0.0046   0.0043    0.0    0.0
0.10   1.99  0.3511    0.0  0.0046   0.0035    0.0    0.0
0.10   2.15  0.3654    0.0  0.0099   0.0077    0.0    0.0
0.10   2.38  0.3596    0.0  0.0065   0.0079    0.0    0.0
0.10   2.93  0.3641    0.0  0.0087   0.0102    0.0    0.0
0.10   3.34  0.3207    0.0  0.0192   0.0116    0.0    0.0
0.14   0.65  0.3069    0.0  0.0055   0.0043    0.0    0.0
0.14   0.78  0.3176    0.0  0.0038   0.0029    0.0    0.0
0.14   0.93  0.3307    0.0  0.0053   0.0036    0.0    0.0
0.14   1.14  0.3323    0.0  0.0060   0.0037    0.0    0.0
0.14   1.29  0.3379    0.0  0.0037   0.0027    0.0    0.0
0.14   1.41  0.3450    0.0  0.0062   0.0038    0.0    0.0
0.14   1.60  0.3457    0.0  0.0045   0.0024    0.0    0.0
0.14   1.75  0.3488    0.0  0.0038   0.0028    0.0    0.0
0.14   2.04  0.3435    0.0  0.0117   0.0058    0.0    0.0
0.14   2.19  0.3492    0.0  0.0045   0.0031    0.0    0.0
0.14   2.37  0.3573    0.0  0.0043   0.0039    0.0    0.0
0.14   2.58  0.3501    0.0  0.0063   0.0077    0.0    0.0
0.14   2.81  0.3619    0.0  0.0083   0.0080    0.0    0.0
0.14   3.00  0.3594    0.0  0.0086   0.0090    0.0    0.0
0.14   3.31  0.3472    0.0  0.0080   0.0066    0.0    0.0
0.14   3.77  0.3585    0.0  0.0090   0.0075    0.0    0.0
0.14   4.18  0.3507    0.0  0.0126   0.0091    0.0    0.0
0.18   0.69  0.3126    0.0  0.0059   0.0047    0.0    0.0
0.18   0.82  0.3232    0.0  0.0074   0.0036    0.0    0.0
0.18   0.89  0.3265    0.0  0.0042   0.0026    0.0    0.0
0.18   1.00  0.3291    0.0  0.0059   0.0043    0.0    0.0
0.18   1.10  0.3506    0.0  0.0081   0.0049    0.0    0.0
0.18   1.25  0.3370    0.0  0.0064   0.0040    0.0    0.0
0.18   1.41  0.3255    0.0  0.0036   0.0023    0.0    0.0
0.18   1.50  0.3412    0.0  0.0061   0.0041    0.0    0.0
0.18   1.89  0.3432    0.0  0.0038   0.0028    0.0    0.0
0.18   2.15  0.3519    0.0  0.0056   0.0046    0.0    0.0
0.18   2.56  0.3403    0.0  0.0037   0.0037    0.0    0.0
0.18   2.72  0.3456    0.0  0.0062   0.0059    0.0    0.0
0.18   3.01  0.3677    0.0  0.0114   0.0052    0.0    0.0
0.18   3.25  0.3550    0.0  0.0057   0.0071    0.0    0.0
0.18   3.54  0.3441    0.0  0.0052   0.0069    0.0    0.0
0.18   4.14  0.3438    0.0  0.0038   0.0062    0.0    0.0
0.18   4.59  0.3210    0.0  0.0119   0.0071    0.0    0.0
0.18   5.10  0.3547    0.0  0.0053   0.0071    0.0    0.0
0.18   5.44  0.3330    0.0  0.0063   0.0090    0.0    0.0
0.23   0.72  0.3030    0.0  0.0058   0.0045    0.0    0.0
0.23   0.87  0.3204    0.0  0.0077   0.0035    0.0    0.0
0.23   1.01  0.3190    0.0  0.0035   0.0022    0.0    0.0
0.23   1.29  0.3264    0.0  0.0046   0.0026    0.0    0.0
0.23   1.46  0.3322    0.0  0.0047   0.0023    0.0    0.0
0.23   1.55  0.3255    0.0  0.0036   0.0023    0.0    0.0
0.23   1.73  0.3351    0.0  0.0054   0.0037    0.0    0.0
0.23   2.02  0.3309    0.0  0.0043   0.0023    0.0    0.0
0.23   2.29  0.3370    0.0  0.0044   0.0040    0.0    0.0
0.23   2.50  0.3403    0.0  0.0051   0.0034    0.0    0.0
0.23   2.92  0.3343    0.0  0.0040   0.0037    0.0    0.0
0.23   3.30  0.3403    0.0  0.0065   0.0034    0.0    0.0
0.23   3.62  0.3274    0.0  0.0092   0.0056    0.0    0.0
0.23   3.97  0.3314    0.0  0.0046   0.0050    0.0    0.0
0.23   4.48  0.3335    0.0  0.0063   0.0040    0.0    0.0
0.23   5.15  0.3276    0.0  0.0075   0.0046    0.0    0.0
0.23   5.70  0.3224    0.0  0.0068   0.0058    0.0    0.0
0.23   6.17  0.3188    0.0  0.0051   0.0057    0.0    0.0
0.23   7.31  0.2828    0.0  0.0221   0.0068    0.0    0.0
0.28   0.90  0.2998    0.0  0.0072   0.0033    0.0    0.0
0.28   1.07  0.3061    0.0  0.0021   0.0018    0.0    0.0
0.28   1.35  0.3143    0.0  0.0057   0.0038    0.0    0.0
0.28   1.46  0.3131    0.0  0.0075   0.0031    0.0    0.0
0.28   1.60  0.3142    0.0  0.0044   0.0028    0.0    0.0
0.28   1.79  0.3165    0.0  0.0044   0.0022    0.0    0.0
0.28   2.11  0.3163    0.0  0.0044   0.0029    0.0    0.0
0.28   2.34  0.3131    0.0  0.0060   0.0028    0.0    0.0
0.28   2.53  0.3125    0.0  0.0063   0.0038    0.0    0.0
0.28   2.71  0.3073    0.0  0.0055   0.0028    0.0    0.0
0.28   2.89  0.3135    0.0  0.0035   0.0022    0.0    0.0
0.28   3.09  0.3073    0.0  0.0092   0.0028    0.0    0.0
0.28   3.48  0.3038    0.0  0.0033   0.0033    0.0    0.0
0.28   3.70  0.3031    0.0  0.0094   0.0027    0.0    0.0
0.28   4.30  0.3012    0.0  0.0045   0.0033    0.0    0.0
0.28   4.77  0.2991    0.0  0.0036   0.0039    0.0    0.0
0.28   5.27  0.3002    0.0  0.0027   0.0036    0.0    0.0
0.28   6.04  0.3059    0.0  0.0052   0.0052    0.0    0.0
0.28   6.74  0.2955    0.0  0.0077   0.0053    0.0    0.0
0.28   7.73  0.2902    0.0  0.0041   0.0064    0.0    0.0
0.28   8.22  0.2832    0.0  0.0156   0.0068    0.0    0.0
0.35   1.10  0.2677    0.0  0.0040   0.0027    0.0    0.0
0.35   1.17  0.2700    0.0  0.0030   0.0016    0.0    0.0
0.35   1.39  0.2766    0.0  0.0036   0.0030    0.0    0.0
0.35   1.65  0.2808    0.0  0.0020   0.0017    0.0    0.0
0.35   1.83  0.2773    0.0  0.0067   0.0025    0.0    0.0
0.35   1.98  0.2693    0.0  0.0030   0.0016    0.0    0.0
0.35   2.18  0.2695    0.0  0.0024   0.0014    0.0    0.0
0.35   2.49  0.2683    0.0  0.0072   0.0024    0.0    0.0
0.35   2.79  0.2682    0.0  0.0056   0.0030    0.0    0.0
0.35   3.12  0.2655    0.0  0.0021   0.0016    0.0    0.0
0.35   3.36  0.2698    0.0  0.0081   0.0024    0.0    0.0
0.35   3.74  0.2631    0.0  0.0029   0.0024    0.0    0.0
0.35   4.15  0.2655    0.0  0.0021   0.0024    0.0    0.0
0.35   5.11  0.2583    0.0  0.0031   0.0026    0.0    0.0
0.35   5.66  0.2611    0.0  0.0042   0.0034    0.0    0.0
0.35   6.06  0.2496    0.0  0.0020   0.0023    0.0    0.0
0.35   6.58  0.2548    0.0  0.0038   0.0036    0.0    0.0
0.35   7.37  0.2481    0.0  0.0022   0.0037    0.0    0.0
0.35   8.15  0.2406    0.0  0.0031   0.0036    0.0    0.0
0.35   9.34  0.2351    0.0  0.0045   0.0045    0.0    0.0
0.35   9.99  0.2374    0.0  0.0040   0.0050    0.0    0.0
0.35  10.95  0.2474    0.0  0.0097   0.0059    0.0    0.0
0.45   1.70  0.2227    0.0  0.0022   0.0016    0.0    0.0
0.45   1.87  0.2226    0.0  0.0071   0.0025    0.0    0.0
0.45   2.01  0.2091    0.0  0.0050   0.0019    0.0    0.0
0.45   2.29  0.2120    0.0  0.0019   0.0013    0.0    0.0
0.45   2.44  0.2062    0.0  0.0025   0.0014    0.0    0.0
0.45   2.65  0.2052    0.0  0.0031   0.0019    0.0    0.0
0.45   3.39  0.2016    0.0  0.0016   0.0012    0.0    0.0
0.45   3.75  0.1987    0.0  0.0026   0.0016    0.0    0.0
0.45   4.72  0.1936    0.0  0.0014   0.0017    0.0    0.0
0.45   5.28  0.1881    0.0  0.0023   0.0021    0.0    0.0
0.45   5.68  0.1867    0.0  0.0022   0.0017    0.0    0.0
0.45   6.07  0.1830    0.0  0.0053   0.0024    0.0    0.0
0.45   6.55  0.1801    0.0  0.0016   0.0016    0.0    0.0
0.45   7.09  0.1783    0.0  0.0014   0.0020    0.0    0.0
0.45   7.84  0.1804    0.0  0.0051   0.0029    0.0    0.0
0.45   8.44  0.1717    0.0  0.0021   0.0024    0.0    0.0
0.45   9.44  0.1711    0.0  0.0014   0.0024    0.0    0.0
0.45  10.80  0.1679    0.0  0.0015   0.0030    0.0    0.0
0.45  11.60  0.1660    0.0  0.0027   0.0035    0.0    0.0
0.45  12.58  0.1634    0.0  0.0021   0.0036    0.0    0.0
0.45  15.01  0.1568    0.0  0.0105   0.0105    0.0    0.0
0.45  16.36  0.1638    0.0  0.0070   0.0098    0.0    0.0
0.55   2.47  0.1525    0.0  0.0012   0.0011    0.0    0.0
0.55   2.77  0.1477    0.0  0.0025   0.0012    0.0    0.0
0.55   3.47  0.1389    0.0  0.0015   0.0017    0.0    0.0
0.55   3.74  0.1396    0.0  0.0042   0.0013    0.0    0.0
0.55   4.04  0.1321    0.0  0.0011   0.0011    0.0    0.0
0.55   4.80  0.1287    0.0  0.0035   0.0013    0.0    0.0
0.55   5.32  0.1245    0.0  0.0022   0.0014    0.0    0.0
0.55   5.73  0.1217    0.0  0.0016   0.0013    0.0    0.0
0.55   6.24  0.1196    0.0  0.0013   0.0012    0.0    0.0
0.55   7.45  0.1139    0.0  0.0008   0.0010    0.0    0.0
0.55   8.37  0.1120    0.0  0.0013   0.0015    0.0    0.0
0.55   9.39  0.1084    0.0  0.0011   0.0016    0.0    0.0
0.55  10.60  0.1042    0.0  0.0009   0.0015    0.0    0.0
0.55  11.87  0.1022    0.0  0.0009   0.0017    0.0    0.0
0.55  12.84  0.1007    0.0  0.0011   0.0019    0.0    0.0
0.55  13.69  0.0978    0.0  0.0012   0.0021    0.0    0.0
0.55  14.65  0.0973    0.0  0.0012   0.0020    0.0    0.0
0.55  15.57  0.0978    0.0  0.0032   0.0030    0.0    0.0
0.55  16.71  0.1109    0.0  0.0169   0.0082    0.0    0.0
0.55  17.89  0.0856    0.0  0.0033   0.0047    0.0    0.0
0.55  19.47  0.0889    0.0  0.0028   0.0045    0.0    0.0
0.65   4.29  0.0828    0.0  0.0008   0.0008    0.0    0.0
0.65   5.05  0.0806    0.0  0.0023   0.0011    0.0    0.0
0.65   5.71  0.0710    0.0  0.0013   0.0008    0.0    0.0
0.65   6.29  0.0695    0.0  0.0007   0.0008    0.0    0.0
0.65   6.81  0.0673    0.0  0.0007   0.0008    0.0    0.0
0.65   7.24  0.0589    0.0  0.0045   0.0020    0.0    0.0
0.65   7.89  0.0635    0.0  0.0005   0.0006    0.0    0.0
0.65   8.63  0.0613    0.0  0.0006   0.0006    0.0    0.0
0.65   9.52  0.0577    0.0  0.0008   0.0008    0.0    0.0
0.65  10.60  0.0566    0.0  0.0005   0.0008    0.0    0.0
0.65  11.49  0.0541    0.0  0.0007   0.0010    0.0    0.0
0.65  13.15  0.0526    0.0  0.0005   0.0008    0.0    0.0
0.65  14.46  0.0507    0.0  0.0008   0.0012    0.0    0.0
0.65  15.56  0.0493    0.0  0.0005   0.0011    0.0    0.0
0.65  16.64  0.0465    0.0  0.0007   0.0011    0.0    0.0
0.65  18.32  0.0449    0.0  0.0013   0.0022    0.0    0.0
0.65  20.62  0.0422    0.0  0.0016   0.0022    0.0    0.0
0.65  22.21  0.0445    0.0  0.0009   0.0022    0.0    0.0
0.75   6.05  0.0350    0.0  0.0008   0.0006    0.0    0.0
0.75   6.66  0.0338    0.0  0.0005   0.0004    0.0    0.0
0.75   7.29  0.0317    0.0  0.0003   0.0005    0.0    0.0
0.75   8.04  0.0285    0.0  0.0005   0.0005    0.0    0.0
0.75   8.88  0.0280    0.0  0.0003   0.0004    0.0    0.0
0.75  10.24  0.0261    0.0  0.0003   0.0004    0.0    0.0
0.75  11.59  0.0240    0.0  0.0003   0.0003    0.0    0.0
0.75  13.08  0.0223    0.0  0.0003   0.0004    0.0    0.0
0.75  14.46  0.0207    0.0  0.0003   0.0004    0.0    0.0
0.75  15.71  0.0203    0.0  0.0006   0.0005    0.0    0.0
0.75  17.03  0.0186    0.0  0.0002   0.0005    0.0    0.0
0.75  18.42  0.0187    0.0  0.0004   0.0005    0.0    0.0
0.75  19.92  0.0159    0.0  0.0006   0.0008    0.0    0.0
0.75  21.58  0.0164    0.0  0.0006   0.0010    0.0    0.0
0.75  24.46  0.0155    0.0  0.0005   0.0009    0.0    0.0
0.75  26.69  0.0144    0.0  0.0005   0.0010    0.0    0.0
0.85  10.11  0.0085    0.0  0.0002   0.0005    0.0    0.0
0.85  11.07  0.0074    0.0  0.0003   0.0003    0.0    0.0
0.85  12.18  0.0068    0.0  0.0002   0.0002    0.0    0.0
0.85  13.97  0.0062    0.0  0.0001   0.0002    0.0    0.0
0.85  15.45  0.0058    0.0  0.0001   0.0002    0.0    0.0
0.85  16.61  0.0054    0.0  0.0002   0.0002    0.0    0.0
0.85  18.48  0.0048    0.0  0.0001   0.0002    0.0    0.0
0.85  19.95  0.0047    0.0  0.0001   0.0002    0.0    0.0
0.85  23.39  0.0038    0.0  0.0001   0.0003    0.0    0.0
0.85  29.17  0.0028    0.0  0.0001   0.0002    0.0    0.0