slac,sig_r,p target
converted from 10014.xlsx
total uncertainty (stat and syst) is provided in column sys_tot. 
 0.0210  12
x      Q2        F2   Ebeam  stat   sys_tot     sys_u   dsy  dse  drc  dn1  1dn2  2dn2  3dn2  4dn2  5dn2  6dn2  7dn2  8dn2
0.274   0.904  0.298147  10.027   0.0  0.007944  0.006857   0.7 -0.3  0.5  0.5   0.3     0   0.0   0.0   0.0   0.0     0     0
0.224   0.870  0.318774  10.027   0.0  0.008325  0.007332   0.7 -0.3  0.5  0.5   0.3     0   0.0   0.0   0.0   0.0     0     0
0.177   0.824  0.320044  10.027   0.0  0.008122  0.007041   0.7 -0.4  0.5  0.5   0.3     0   0.0   0.0   0.0   0.0     0     0
0.153   0.794  0.323747  10.027   0.0  0.009254  0.006799   0.6 -0.5  0.5  0.5   0.3     0   0.0   0.0   0.0   0.0     0     0
0.119   0.737  0.307090  10.027   0.0  0.009822  0.006449   0.8 -0.6  0.4  0.4   0.3     0   0.0   0.0   0.0   0.0     0     0
0.090   0.666  0.292896  10.027   0.0  0.008860  0.005858   0.8 -0.7  0.4  0.4   0.3     0   0.0   0.0   0.0   0.0     0     0
0.067   0.586  0.267795  10.027   0.0  0.007607  0.005088   0.7 -0.9  0.3  0.3   0.3     0   0.0   0.0   0.0   0.0     0     0
0.417   1.685  0.239092  13.549   0.0  0.005222  0.004543   0.4  0.3  0.3  0.3   0.3     0   0.0   0.0   0.0   0.0     0     0
0.365   1.647  0.273315  13.549   0.0  0.006172  0.005466   0.5  0.3  0.3  0.3   0.3     0   0.0   0.0   0.0   0.0     0     0
0.315   1.601  0.293864  13.549   0.0  0.006784  0.006171   0.5  0.2  0.3  0.3   0.3     0   0.0   0.0   0.0   0.0     0     0
0.271   1.552  0.311611  13.549   0.0  0.007354  0.006544   0.6  0.2  0.3  0.3   0.3     0   0.0   0.0   0.0   0.0     0     0
0.209   1.455  0.327323  13.549   0.0  0.010062  0.006874   0.6  0.0  0.3  0.3   0.3     0   0.0   0.0   0.0   0.0     0     0
0.168   1.363  0.340728  13.549   0.0  0.010715  0.007156   0.6 -0.1  0.3  0.3   0.3     0   0.0   0.0   0.0   0.0     0     0
0.132   1.256  0.321226  13.549   0.0  0.009849  0.006425   0.5 -0.2  0.3  0.3   0.3     0   0.0   0.0   0.0   0.0     0     0
0.104   1.141  0.316898  13.549   0.0  0.008862  0.006338   0.5 -0.4  0.2  0.2   0.3     0   0.0   0.0   0.0   0.0     0     0
0.081   1.019  0.307123  13.549   0.0  0.009501  0.005836   0.7 -0.6  0.3  0.3   0.3     0   0.0   0.0   0.0   0.0     0     0
0.503   2.377  0.177887  16.075   0.0  0.004254  0.003202   0.6  0.8  0.3  0.3   0.3     0   0.0   0.0   0.0   0.0     0     0
0.450   2.334  0.210782  16.075   0.0  0.004788  0.003794   0.4  0.7  0.3  0.3   0.3     0   0.0   0.0   0.0   0.0     0     0
0.396   2.281  0.249552  16.075   0.0  0.005767  0.004741   0.4  0.7  0.3  0.3   0.3     0   0.0   0.0   0.0   0.0     0     0
0.347   2.221  0.273163  16.075   0.0  0.006277  0.005463   0.4  0.6  0.3  0.3   0.3     0   0.0   0.0   0.0   0.0     0     0
0.282   2.116  0.310085  16.075   0.0  0.008286  0.006512   0.5  0.5  0.3  0.3   0.3     0   0.0   0.0   0.0   0.0     0     0
0.226   1.995  0.330480  16.075   0.0  0.009925  0.006940   0.5  0.3  0.3  0.3   0.3     0   0.0   0.0   0.0   0.0     0     0
0.185   1.872  0.329153  16.075   0.0  0.009858  0.006583   0.5  0.2  0.3  0.3   0.3     0   0.0   0.0   0.0   0.0     0     0
0.150   1.738  0.339948  16.075   0.0  0.009923  0.006799   0.5  0.0  0.3  0.3   0.3     0   0.0   0.0   0.0   0.0     0     0
0.122   1.594  0.333170  16.075   0.0  0.010144  0.006664   0.5 -0.1  0.2  0.2   0.3     0   0.0   0.0   0.0   0.0     0     0
0.098   1.440  0.326391  16.075   0.0  0.009775  0.006202   0.4 -0.3  0.3  0.3   0.3     0   0.0   0.0   0.0   0.0     0     0
0.077   1.275  0.321830  16.075   0.0  0.009493  0.006115   0.4 -0.5  0.3  0.3   0.3     0   0.0   0.0   0.0   0.0     0     0
0.063   1.136  0.298012  16.075   0.0  0.009171  0.005662   0.7 -0.6  0.2  0.2   0.3     0   0.0   0.0   0.0   0.0     0     0
0.596   3.500  0.115939  19.544   0.0  0.003735  0.002667   1.2  1.3  0.3  0.3   0.3     0   0.0   0.0   0.0   0.0     0     0
0.542   3.446  0.142745  19.544   0.0  0.004090  0.002855   0.9  1.3  0.3  0.3   0.3     0   0.0   0.0   0.0   0.0     0     0
0.490   3.383  0.178128  19.544   0.0  0.004628  0.003206   0.6  1.2  0.3  0.3   0.3     0   0.0   0.0   0.0   0.0     0     0
0.441   3.313  0.214151  19.544   0.0  0.005384  0.003855   0.4  1.2  0.3  0.3   0.3     0   0.0   0.0   0.0   0.0     0     0
0.372   3.191  0.252567  19.544   0.0  0.007518  0.004799   0.4  1.1  0.3  0.3   0.3     0   0.0   0.0   0.0   0.0     0     0
0.309   3.047  0.290457  19.544   0.0  0.008872  0.005809   0.5  0.9  0.3  0.3   0.3     0   0.0   0.0   0.0   0.0     0     0
0.239   2.818  0.318832  19.544   0.0  0.008591  0.006377   0.5  0.7  0.3  0.3   0.3     0   0.0   0.0   0.0   0.0     0     0
0.183   2.569  0.340884  19.544   0.0  0.010567  0.006818   0.5  0.5  0.3  0.3   0.3     0   0.0   0.0   0.0   0.0     0     0
0.152   2.382  0.349129  19.544   0.0  0.010733  0.006983   0.5  0.3  0.3  0.3   0.3     0   0.0   0.0   0.0   0.0     0     0
0.126   2.188  0.351478  19.544   0.0  0.009910  0.006678   0.4  0.1  0.2  0.2   0.3     0   0.0   0.0   0.0   0.0     0     0
0.107   2.017  0.337839  19.544   0.0  0.009762  0.006419   0.4  0.0  0.2  0.2   0.3     0   0.0   0.0   0.0   0.0     0     0
0.090   1.845  0.340556  19.544   0.0  0.009923  0.006471   0.4 -0.2  0.3  0.3   0.3     0   0.0   0.0   0.0   0.0     0     0
0.075   1.658  0.327114  19.544   0.0  0.009781  0.006215   0.4 -0.4  0.2  0.2   0.3     0   0.0   0.0   0.0   0.0     0     0
0.320   1.104  0.274380   7.019   0.0  0.007604  0.005488   0.8 -0.9  0.3  0.3   0.3     0   0.0   0.0   0.0   0.0     0     0
0.270   1.053  0.297883   7.019   0.0  0.007971  0.005958   0.8 -0.9  0.3  0.3   0.3     0   0.0   0.0   0.0   0.0     0     0
0.240   1.016  0.306016   7.019   0.0  0.010033  0.006120   0.8 -1.0  0.3  0.3   0.3     0   0.0   0.0   0.0   0.0     0     0
0.177   0.912  0.317421   7.019   0.0  0.010167  0.006349   0.8 -1.1  0.4  0.4   0.3     0   0.0   0.0   0.0   0.0     0     0
0.127   0.791  0.304080   7.019   0.0  0.009362  0.005778   0.4 -1.2  0.3  0.3   0.3     0   0.0   0.0   0.0   0.0     0     0
0.089   0.657  0.274882   7.019   0.0  0.008574  0.005223   0.4 -1.3  0.3  0.3   0.3     0   0.0   0.0   0.0   0.0     0     0
0.454   1.871  0.219882   9.022   0.0  0.007505  0.003958   0.7 -0.6  0.3  0.3   0.3     0   0.0   0.0   0.0   0.0     0     0
0.348   1.741  0.268888   9.022   0.0  0.008567  0.005109   0.7 -0.7  0.3  0.3   0.3     0   0.0   0.0   0.0   0.0     0     0
0.214   1.469  0.330320   9.022   0.0  0.011168  0.006276   0.7 -0.9  0.3  0.3   0.3     0   0.0   0.0   0.0   0.0     0     0
0.120   1.115  0.317242   9.022   0.0  0.011578  0.006028   0.7 -1.1  0.2  0.2   0.3     0   0.0   0.0   0.0   0.0     0     0
0.539   2.762  0.152156  10.998   0.0  0.003389  0.002739   0.6 -0.3  0.3  0.3   0.3     0   0.0   0.0   0.0   0.0     0     0
0.489   2.693  0.180852  10.998   0.0  0.003983  0.003255   0.5 -0.3  0.3  0.3   0.3     0   0.0   0.0   0.0   0.0     0     0
0.440   2.616  0.210348  10.998   0.0  0.004623  0.003786   0.4 -0.4  0.3  0.3   0.3     0   0.0   0.0   0.0   0.0     0     0
0.376   2.494  0.249650  10.998   0.0  0.006977  0.004743   0.4 -0.4  0.3  0.3   0.3     0   0.0   0.0   0.0   0.0     0     0
0.297   2.297  0.297666  10.998   0.0  0.008999  0.005656   0.7 -0.6  0.3  0.3   0.3     0   0.0   0.0   0.0   0.0     0     0
0.237   2.098  0.325653  10.998   0.0  0.010142  0.006188   0.7 -0.7  0.3  0.3   0.3     0   0.0   0.0   0.0   0.0     0     0
0.187   1.880  0.329658  10.998   0.0  0.010528  0.006264   0.7 -0.8  0.2  0.2   0.3     0   0.0   0.0   0.0   0.0     0     0
0.144   1.644  0.324599  10.998   0.0  0.010780  0.006168   0.7 -1.0  0.2  0.2   0.3     0   0.0   0.0   0.0   0.0     0     0
0.108   1.388  0.305185  10.998   0.0  0.010034  0.005494   0.7 -1.1  0.1  0.1   0.3     0   0.0   0.0   0.0   0.0     0     0
0.077   1.114  0.287553  10.998   0.0  0.009932  0.005176   0.8 -1.3  0.1  0.1   0.3     0   0.0   0.0   0.0   0.0     0     0
0.638   4.148  0.090838  13.545   0.0  0.002577  0.001817   1.1  0.1  0.3  0.3   0.3     0   0.0   0.0   0.0   0.0     0     0
0.580   4.045  0.115645  13.545   0.0  0.003553  0.002082   0.8  0.0  0.3  0.3   0.3     0   0.0   0.0   0.0   0.0     0     0
0.553   3.991  0.125177  13.545   0.0  0.008633  0.002254   0.7  0.0  0.3  0.3   0.3     0   0.0   0.0   0.0   0.0     0     0
0.471   3.804  0.182082  13.545   0.0  0.005343  0.003278   0.5 -0.1  0.3  0.3   0.3     0   0.0   0.0   0.0   0.0     0     0
0.398   3.594  0.232904  13.545   0.0  0.006637  0.004192   0.4 -0.2  0.3  0.3   0.3     0   0.0   0.0   0.0   0.0     0     0
0.332   3.357  0.277154  13.545   0.0  0.008506  0.005266   0.4 -0.3  0.3  0.3   0.3     0   0.0   0.0   0.0   0.0     0     0
0.273   3.092  0.301216  13.545   0.0  0.009279  0.005723   0.4 -0.4  0.3  0.3   0.3     0   0.0   0.0   0.0   0.0     0     0
0.224   2.819  0.320183  13.545   0.0  0.010561  0.006084   0.7 -0.6  0.2  0.2   0.3     0   0.0   0.0   0.0   0.0     0     0
0.179   2.509  0.323466  13.545   0.0  0.010733  0.006146   0.7 -0.7  0.2  0.2   0.3     0   0.0   0.0   0.0   0.0     0     0
0.142   2.189  0.324386  13.545   0.0  0.010739  0.005839   0.7 -0.9  0.2  0.2   0.3     0   0.0   0.0   0.0   0.0     0     0
0.108   1.834  0.330659  13.545   0.0  0.011011  0.005952   0.7 -1.0  0.1  0.1   0.3     0   0.0   0.0   0.0   0.0     0     0
0.084   1.542  0.300007  13.545   0.0  0.010700  0.005401   0.8 -1.2  0.1  0.1   0.3     0   0.0   0.0   0.0   0.0     0     0
0.692   5.180  0.062776  15.204   0.0  0.003324  0.001507   1.6  0.3  0.3  0.3   0.3     0   0.0   0.0   0.0   0.0     0     0
0.601   4.982  0.104162  15.204   0.0  0.003776  0.001979   0.9  0.2  0.3  0.3   0.3     0   0.0   0.0   0.0   0.0     0     0
0.530   4.796  0.139925  15.204   0.0  0.003928  0.002519   0.6  0.1  0.3  0.3   0.3     0   0.0   0.0   0.0   0.0     0     0
0.454   4.553  0.194761  15.204   0.0  0.005830  0.003506   0.4  0.0  0.3  0.3   0.3     0   0.0   0.0   0.0   0.0     0     0
0.387   4.294  0.228728  15.204   0.0  0.007028  0.004117   0.4 -0.1  0.3  0.3   0.3     0   0.0   0.0   0.0   0.0     0     0
0.328   4.014  0.276485  15.204   0.0  0.007667  0.005253   0.4 -0.2  0.3  0.3   0.3     0   0.0   0.0   0.0   0.0     0     0
0.274   3.699  0.296983  15.204   0.0  0.009340  0.005643   0.4 -0.3  0.3  0.3   0.3     0   0.0   0.0   0.0   0.0     0     0
0.227   3.373  0.322065  15.204   0.0  0.010406  0.006120   0.4 -0.5  0.2  0.2   0.3     0   0.0   0.0   0.0   0.0     0     0
0.185   3.013  0.348784  15.204   0.0  0.011505  0.006627   0.7 -0.6  0.2  0.2   0.3     0   0.0   0.0   0.0   0.0     0     0
0.147   2.631  0.328559  15.204   0.0  0.011045  0.005915   0.7 -0.8  0.2  0.2   0.3     0   0.0   0.0   0.0   0.0     0     0
0.120   2.305  0.324891  15.204   0.0  0.010974  0.005848   0.7 -0.9  0.1  0.1   0.3     0   0.0   0.0   0.0   0.0     0     0
0.096   1.968  0.315053  15.204   0.0  0.011294  0.005671   1.0 -1.1  0.1  0.1   0.3     0   0.0   0.0   0.0   0.0     0     0
0.743   6.873  0.035191  17.706   0.0  0.002386  0.001126   2.2  0.6  0.3  0.3   0.3     0   0.0   0.0   0.0   0.0     0     0
0.690   6.729  0.053245  17.706   0.0  0.002275  0.001278   1.5  0.6  0.3  0.3   0.3     0   0.0   0.0   0.0   0.0     0     0
0.662   6.647  0.059116  17.706   0.0  0.010990  0.001306   1.3  0.5  0.3  0.3   0.3     0   0.0   0.0   0.0   0.0     0     0
0.599   6.441  0.095832  17.706   0.0  0.003655  0.001821   0.9  0.5  0.3  0.3   0.3     0   0.0   0.0   0.0   0.0     0     0
0.528   6.174  0.129503  17.706   0.0  0.004462  0.002331   0.6  0.4  0.3  0.3   0.3     0   0.0   0.0   0.0   0.0     0     0
0.465   5.894  0.178792  17.706   0.0  0.005543  0.003218   0.5  0.3  0.3  0.3   0.3     0   0.0   0.0   0.0   0.0     0     0
0.404   5.569  0.215914  17.706   0.0  0.006804  0.003887   0.4  0.1  0.3  0.3   0.3     0   0.0   0.0   0.0   0.0     0     0
0.347   5.215  0.251497  17.706   0.0  0.007723  0.004527   0.4  0.0  0.3  0.3   0.3     0   0.0   0.0   0.0   0.0     0     0
0.297   4.845  0.280858  17.706   0.0  0.008797  0.005336   0.4 -0.1  0.3  0.3   0.3     0   0.0   0.0   0.0   0.0     0     0
0.251   4.446  0.304979  17.706   0.0  0.010064  0.005795   0.4 -0.3  0.3  0.3   0.3     0   0.0   0.0   0.0   0.0     0     0
0.208   4.003  0.319784  17.706   0.0  0.010102  0.005756   0.4 -0.4  0.2  0.2   0.3     0   0.0   0.0   0.0   0.0     0     0
0.178   3.649  0.327004  17.706   0.0  0.010855  0.005887   0.7 -0.6  0.2  0.2   0.3     0   0.0   0.0   0.0   0.0     0     0
0.150   3.265  0.332051  17.706   0.0  0.011348  0.005977   0.7 -0.7  0.2  0.2   0.3     0   0.0   0.0   0.0   0.0     0     0
0.122   2.851  0.326564  17.706   0.0  0.011284  0.005879   0.7 -0.9  0.1  0.1   0.3     0   0.0   0.0   0.0   0.0     0     0
0.099   2.438  0.338153  17.706   0.0  0.012022  0.006087   1.0 -1.0  0.1  0.1   0.3     0   0.0   0.0   0.0   0.0     0     0
0.077   2.009  0.326968  17.706   0.0  0.012420  0.005886   0.8 -1.2  0.1  0.1   0.3     0   0.0   0.0   0.0   0.0     0     0
0.764   8.067  0.024677  19.350   0.0  0.001420  0.000864   2.5  0.8  0.3  0.3   0.3     0   0.0   0.0   0.0   0.0     0     0
0.716   7.914  0.036958  19.350   0.0  0.001671  0.000998   1.8  0.8  0.3  0.3   0.3     0   0.0   0.0   0.0   0.0     0     0
0.645   7.656  0.066207  19.350   0.0  0.002329  0.001390   1.2  0.7  0.3  0.3   0.3     0   0.0   0.0   0.0   0.0     0     0
0.571   7.348  0.102655  19.350   0.0  0.003214  0.001848   0.8  0.6  0.3  0.3   0.3     0   0.0   0.0   0.0   0.0     0     0
0.508   7.037  0.142029  19.350   0.0  0.004357  0.002557   0.6  0.5  0.3  0.3   0.3     0   0.0   0.0   0.0   0.0     0     0
0.447   6.691  0.183236  19.350   0.0  0.005512  0.003298   0.4  0.3  0.3  0.3   0.3     0   0.0   0.0   0.0   0.0     0     0
0.393   6.328  0.217466  19.350   0.0  0.006692  0.003914   0.4  0.2  0.3  0.3   0.3     0   0.0   0.0   0.0   0.0     0     0
0.341   5.931  0.257804  19.350   0.0  0.007921  0.004641   0.4  0.1  0.3  0.3   0.3     0   0.0   0.0   0.0   0.0     0     0
0.293   5.498  0.281127  19.350   0.0  0.008638  0.005060   0.4 -0.1  0.3  0.3   0.3     0   0.0   0.0   0.0   0.0     0     0
0.248   5.032  0.307017  19.350   0.0  0.009448  0.005527   0.4 -0.2  0.3  0.3   0.3     0   0.0   0.0   0.0   0.0     0     0
0.215   4.634  0.306403  19.350   0.0  0.009680  0.005516   0.4 -0.4  0.2  0.2   0.3     0   0.0   0.0   0.0   0.0     0     0
0.185   4.219  0.329531  19.350   0.0  0.010457  0.005932   0.4 -0.5  0.2  0.2   0.3     0   0.0   0.0   0.0   0.0     0     0
0.157   3.804  0.328849  19.350   0.0  0.010661  0.005920   0.7 -0.6  0.2  0.2   0.3     0   0.0   0.0   0.0   0.0     0     0
0.131   3.355  0.309742  19.350   0.0  0.010384  0.005576   0.7 -0.8  0.1  0.1   0.3     0   0.0   0.0   0.0   0.0     0     0
0.107   2.888  0.328405  19.350   0.0  0.010712  0.005912   1.0 -1.0  0.1  0.1   0.3     0   0.0   0.0   0.0   0.0     0     0
0.083   2.386  0.308565  19.350   0.0  0.011295  0.005555   1.0 -1.1  0.1  0.1   0.3     0   0.0   0.0   0.0   0.0     0     0
0.337   1.171  0.270738   4.504   0.0  0.003360  0.002437   0.5 -0.2  0.2  0.2   0.0     0   0.0   0.0   0.0   0.0     0     0
0.293   1.103  0.290729   4.504   0.0  0.003537  0.002617   0.5 -0.3  0.2  0.2   0.0     0   0.0   0.0   0.0   0.0     0     0
0.260   1.043  0.303194   4.504   0.0  0.003976  0.002729   0.5 -0.3  0.2  0.2   0.0     0   0.0   0.0   0.0   0.0     0     0
0.235   0.994  0.305272   4.504   0.0  0.005145  0.002747   0.5 -0.4  0.3  0.3   0.0     0   0.0   0.0   0.0   0.0     0     0
0.188   0.884  0.309612   4.504   0.0  0.005218  0.002787   0.4 -0.5  0.3  0.3   0.0     0   0.0   0.0   0.0   0.0     0     0
0.150   0.773  0.294691   4.504   0.0  0.004975  0.002652   0.4 -0.6  0.2  0.2   0.0     0   0.0   0.0   0.0   0.0     0     0
0.118   0.663  0.282350   4.504   0.0  0.005074  0.002541   0.4 -0.7  0.2  0.2   0.0     0   0.0   0.0   0.0   0.0     0     0
0.521   2.514  0.165372   6.509   0.0  0.002672  0.001488   0.5  0.4  0.3  0.3   0.0     0   0.0   0.0   0.0   0.0     0     0
0.485   2.443  0.182716   6.509   0.0  0.003784  0.001644   0.5  0.4  0.3  0.3   0.0     0   0.0   0.0   0.0   0.0     0     0
0.409   2.269  0.229150   6.509   0.0  0.003882  0.002062   0.5  0.2  0.2  0.2   0.0     0   0.0   0.0   0.0   0.0     0     0
0.355   2.121  0.262984   6.509   0.0  0.004361  0.002367   0.4  0.1  0.2  0.2   0.0     0   0.0   0.0   0.0   0.0     0     0
0.300   1.946  0.283032   6.509   0.0  0.004685  0.002547   0.4  0.0  0.2  0.2   0.0     0   0.0   0.0   0.0   0.0     0     0
0.253   1.772  0.309043   6.509   0.0  0.004886  0.002781   0.4 -0.1  0.2  0.2   0.0     0   0.0   0.0   0.0   0.0     0     0
0.202   1.545  0.304364   6.509   0.0  0.004832  0.002739   0.4 -0.3  0.1  0.1   0.0     0   0.0   0.0   0.0   0.0     0     0
0.179   1.430  0.299196   6.509   0.0  0.005042  0.002693   0.4 -0.4  0.1  0.1   0.0     0   0.0   0.0   0.0   0.0     0     0
0.157   1.313  0.304566   6.509   0.0  0.005213  0.002741   0.4 -0.5  0.1  0.1   0.0     0   0.0   0.0   0.0   0.0     0     0
0.102   0.958  0.279223   6.509   0.0  0.006536  0.002513   0.4 -0.7  0.1  0.1   0.0     0   0.0   0.0   0.0   0.0     0     0
0.649   4.297  0.084927   8.614   0.0  0.001660  0.000849   0.8  1.0  0.3  0.3   0.0     0   0.0   0.0   0.0   0.0     0     0
0.606   4.175  0.100456   8.614   0.0  0.002140  0.000904   0.7  0.9  0.3  0.3   0.0     0   0.0   0.0   0.0   0.0     0     0
0.540   3.967  0.137204   8.614   0.0  0.002372  0.001235   0.6  0.8  0.3  0.3   0.0     0   0.0   0.0   0.0   0.0     0     0
0.475   3.733  0.180534   8.614   0.0  0.003026  0.001625   0.5  0.6  0.3  0.3   0.0     0   0.0   0.0   0.0   0.0     0     0
0.409   3.465  0.219626   8.614   0.0  0.003695  0.001977   0.5  0.5  0.2  0.2   0.0     0   0.0   0.0   0.0   0.0     0     0
0.346   3.163  0.259881   8.614   0.0  0.004174  0.002339   0.4  0.3  0.2  0.2   0.0     0   0.0   0.0   0.0   0.0     0     0
0.298   2.899  0.289786   8.614   0.0  0.004395  0.002608   0.4  0.2  0.2  0.2   0.0     0   0.0   0.0   0.0   0.0     0     0
0.267   2.712  0.294873   8.614   0.0  0.005610  0.002654   0.4  0.1  0.2  0.2   0.0     0   0.0   0.0   0.0   0.0     0     0
0.236   2.499  0.314799   8.614   0.0  0.004967  0.002833   0.4  0.0  0.2  0.2   0.0     0   0.0   0.0   0.0   0.0     0     0
0.209   2.308  0.317473   8.614   0.0  0.004959  0.002857   0.4 -0.1  0.1  0.1   0.0     0   0.0   0.0   0.0   0.0     0     0
0.189   2.149  0.318928   8.614   0.0  0.005260  0.002870   0.4 -0.2  0.1  0.1   0.0     0   0.0   0.0   0.0   0.0     0     0
0.167   1.966  0.306511   8.614   0.0  0.007458  0.002759   0.4 -0.3  0.1  0.1   0.0     0   0.0   0.0   0.0   0.0     0     0
0.150   1.823  0.313769   8.614   0.0  0.007399  0.002824   0.4 -0.4  0.1  0.1   0.0     0   0.0   0.0   0.0   0.0     0     0
0.136   1.690  0.300367   8.614   0.0  0.007140  0.002704   0.4 -0.5  0.1  0.1   0.0     0   0.0   0.0   0.0   0.0     0     0
0.095   1.268  0.275781   8.614   0.0  0.010997  0.002484   0.4 -0.7  0.0  0.0   0.0     0   0.0   0.0   0.0   0.0     0     0
0.742   6.115  0.037697  10.392   0.0  0.001815  0.000452   1.4  1.4  0.3  0.3   0.0     0   0.0   0.0   0.0   0.0     0     0
0.673   5.862  0.058838  10.392   0.0  0.002676  0.000588   1.0  1.3  0.3  0.3   0.0     0   0.0   0.0   0.0   0.0     0     0
0.610   5.605  0.088889  10.392   0.0  0.003580  0.000889   0.8  1.2  0.3  0.3   0.0     0   0.0   0.0   0.0   0.0     0     0
0.555   5.352  0.122754  10.392   0.0  0.004245  0.001105   0.6  1.0  0.3  0.3   0.0     0   0.0   0.0   0.0   0.0     0     0
0.460   4.857  0.182581  10.392   0.0  0.002733  0.001643   0.5  0.8  0.3  0.3   0.0     0   0.0   0.0   0.0   0.0     0     0
0.405   4.522  0.220218  10.392   0.0  0.003711  0.001982   0.5  0.7  0.2  0.2   0.0     0   0.0   0.0   0.0   0.0     0     0
0.343   4.098  0.259089  10.392   0.0  0.004480  0.002332   0.4  0.5  0.2  0.2   0.0     0   0.0   0.0   0.0   0.0     0     0
0.300   3.768  0.275312  10.392   0.0  0.004027  0.002478   0.4  0.3  0.2  0.2   0.0     0   0.0   0.0   0.0   0.0     0     0
0.266   3.485  0.291640  10.392   0.0  0.005093  0.002625   0.4  0.2  0.2  0.2   0.0     0   0.0   0.0   0.0   0.0     0     0
0.241   3.254  0.315882  10.392   0.0  0.007388  0.002843   0.4  0.1  0.2  0.2   0.0     0   0.0   0.0   0.0   0.0     0     0
0.211   2.962  0.314192  10.392   0.0  0.005153  0.002828   0.4 -0.1  0.1  0.1   0.0     0   0.0   0.0   0.0   0.0     0     0
0.190   2.740  0.312747  10.392   0.0  0.006463  0.002815   0.4 -0.2  0.1  0.1   0.0     0   0.0   0.0   0.0   0.0     0     0
0.172   2.546  0.297869  10.392   0.0  0.006451  0.002681   0.4 -0.3  0.1  0.1   0.0     0   0.0   0.0   0.0   0.0     0     0
0.156   2.362  0.310362  10.392   0.0  0.005921  0.002793   0.4 -0.3  0.1  0.1   0.0     0   0.0   0.0   0.0   0.0     0     0
0.141   2.178  0.286967  10.392   0.0  0.010231  0.002584   0.4 -0.4  0.1  0.1   0.0     0   0.0   0.0   0.0   0.0     0     0
0.129   2.036  0.296889  10.392   0.0  0.010340  0.002674   0.4 -0.5  0.1  0.1   0.0     0   0.0   0.0   0.0   0.0     0     0
0.113   1.827  0.299667  10.392   0.0  0.008798  0.002698   0.4 -0.6  0.0  0.0   0.0     0   0.0   0.0   0.0   0.0     0     0
0.091   1.526  0.280715  10.392   0.0  0.009602  0.002528   0.4 -0.7  0.0  0.0   0.0     0   0.0   0.0   0.0   0.0     0     0
0.586   7.263  0.096372  12.518   0.0  0.003000  0.000867   0.7  1.4  0.3  0.3   0.0     0   0.0   0.0   0.0   0.0     0     0
0.428   6.075  0.194589  12.518   0.0  0.005947  0.001752   0.5  0.9  0.3  0.3   0.0     0   0.0   0.0   0.0   0.0     0     0
0.321   5.061  0.266627  12.518   0.0  0.008308  0.002400   0.4  0.5  0.2  0.2   0.0     0   0.0   0.0   0.0   0.0     0     0
0.236   4.070  0.310074  12.518   0.0  0.008671  0.002791   0.4  0.1  0.2  0.2   0.0     0   0.0   0.0   0.0   0.0     0     0
0.201   3.615  0.307457  12.518   0.0  0.008559  0.002768   0.4  0.0  0.1  0.1   0.0     0   0.0   0.0   0.0   0.0     0     0
0.179   3.302  0.317229  12.518   0.0  0.009150  0.002856   0.4 -0.2  0.1  0.1   0.0     0   0.0   0.0   0.0   0.0     0     0
0.157   2.982  0.319156  12.518   0.0  0.010133  0.002874   0.4 -0.3  0.1  0.1   0.0     0   0.0   0.0   0.0   0.0     0     0
0.143   2.762  0.317203  12.518   0.0  0.010405  0.002856   0.4 -0.4  0.1  0.1   0.0     0   0.0   0.0   0.0   0.0     0     0
0.130   2.542  0.305659  12.518   0.0  0.011518  0.002754   0.4 -0.5  0.1  0.1   0.0     0   0.0   0.0   0.0   0.0     0     0
0.116   2.316  0.297179  12.518   0.0  0.011768  0.002678   0.4 -0.5  0.1  0.1   0.0     0   0.0   0.0   0.0   0.0     0     0
0.106   2.144  0.301452  12.518   0.0  0.011971  0.002716   0.4 -0.6  0.0  0.0   0.0     0   0.0   0.0   0.0   0.0     0     0
0.096   1.971  0.291753  12.518   0.0  0.013319  0.002631   0.4 -0.7  0.1  0.1   0.0     0   0.0   0.0   0.0   0.0     0     0
0.080   1.669  0.284087  12.518   0.0  0.012193  0.002560   0.4 -0.8  0.0  0.0   0.0     0   0.0   0.0   0.0   0.0     0     0
0.771   9.147  0.021798  13.320   0.0  0.001595  0.000305   1.7  1.9  0.3  0.3   0.0     0   0.0   0.0   0.0   0.0     0     0
0.664   8.494  0.059761  13.320   0.0  0.002774  0.000598   1.0  1.6  0.3  0.3   0.0     0   0.0   0.0   0.0   0.0     0     0
0.543   7.619  0.115275  13.320   0.0  0.002973  0.001037   0.6  1.3  0.3  0.3   0.0     0   0.0   0.0   0.0   0.0     0     0
0.471   7.021  0.161253  13.320   0.0  0.003496  0.001451   0.5  1.1  0.3  0.3   0.0     0   0.0   0.0   0.0   0.0     0     0
0.404   6.382  0.211392  13.320   0.0  0.004539  0.001903   0.5  0.9  0.3  0.3   0.0     0   0.0   0.0   0.0   0.0     0     0
0.336   5.660  0.260487  13.320   0.0  0.004586  0.002344   0.4  0.6  0.2  0.2   0.0     0   0.0   0.0   0.0   0.0     0     0
0.291   5.125  0.283049  13.320   0.0  0.004608  0.002547   0.4  0.4  0.2  0.2   0.0     0   0.0   0.0   0.0   0.0     0     0
0.258   4.699  0.287689  13.320   0.0  0.006270  0.002589   0.4  0.3  0.2  0.2   0.0     0   0.0   0.0   0.0   0.0     0     0
0.233   4.370  0.319950  13.320   0.0  0.007772  0.002880   0.4  0.1  0.2  0.2   0.0     0   0.0   0.0   0.0   0.0     0     0
0.203   3.919  0.309124  13.320   0.0  0.005873  0.002782   0.4  0.0  0.2  0.2   0.0     0   0.0   0.0   0.0   0.0     0     0
0.176   3.509  0.304463  13.320   0.0  0.006828  0.002740   0.4 -0.2  0.1  0.1   0.0     0   0.0   0.0   0.0   0.0     0     0
0.161   3.267  0.291840  13.320   0.0  0.010935  0.002629   0.4 -0.3  0.1  0.1   0.0     0   0.0   0.0   0.0   0.0     0     0
0.146   3.021  0.303630  13.320   0.0  0.011377  0.002735   0.4 -0.3  0.1  0.1   0.0     0   0.0   0.0   0.0   0.0     0     0
0.121   2.573  0.295959  13.320   0.0  0.007830  0.002664   0.4 -0.5  0.1  0.1   0.0     0   0.0   0.0   0.0   0.0     0     0
0.108   2.334  0.288338  13.320   0.0  0.014515  0.002603   0.4 -0.6  0.0  0.0   0.0     0   0.0   0.0   0.0   0.0     0     0
0.098   2.153  0.304230  13.320   0.0  0.011561  0.002741   0.4 -0.7  0.1  0.1   0.0     0   0.0   0.0   0.0   0.0     0     0
0.088   1.960  0.256633  13.320   0.0  0.017977  0.002331   0.4 -0.7  0.0  0.0   0.0     0   0.0   0.0   0.0   0.0     0     0
0.789  13.363  0.015008  17.027   0.0  0.000612  0.000225   1.9  2.3  0.3  0.3   0.0     0   0.0   0.0   0.0   0.0     0     0
0.701  12.528  0.034951  17.027   0.0  0.001215  0.000384   1.2  2.1  0.3  0.3   0.0     0   0.0   0.0   0.0   0.0     0     0
0.621  11.693  0.064616  17.027   0.0  0.002208  0.000646   0.8  1.9  0.3  0.3   0.0     0   0.0   0.0   0.0   0.0     0     0
0.550  10.858  0.100814  17.027   0.0  0.002835  0.000907   0.6  1.6  0.3  0.3   0.0     0   0.0   0.0   0.0   0.0     0     0
0.469   9.816  0.154686  17.027   0.0  0.003842  0.001392   0.5  1.3  0.3  0.3   0.0     0   0.0   0.0   0.0   0.0     0     0
0.417   9.069  0.188819  17.027   0.0  0.004363  0.001699   0.5  1.1  0.3  0.3   0.0     0   0.0   0.0   0.0   0.0     0     0
0.362   8.220  0.219765  17.027   0.0  0.004840  0.001978   0.4  0.9  0.3  0.3   0.0     0   0.0   0.0   0.0   0.0     0     0
0.308   7.302  0.264829  17.027   0.0  0.005711  0.002384   0.4  0.6  0.2  0.2   0.0     0   0.0   0.0   0.0   0.0     0     0
0.273   6.682  0.287816  17.027   0.0  0.009237  0.002591   0.4  0.5  0.2  0.2   0.0     0   0.0   0.0   0.0   0.0     0     0
0.251   6.264  0.307099  17.027   0.0  0.009490  0.002765   0.4  0.3  0.2  0.2   0.0     0   0.0   0.0   0.0   0.0     0     0
0.223   5.701  0.299375  17.027   0.0  0.006490  0.002695   0.4  0.2  0.2  0.2   0.0     0   0.0   0.0   0.0   0.0     0     0
0.196   5.139  0.318799  17.027   0.0  0.007164  0.002869   0.4  0.0  0.2  0.2   0.0     0   0.0   0.0   0.0   0.0     0     0
0.171   4.594  0.290945  17.027   0.0  0.010871  0.002621   0.4 -0.1  0.1  0.1   0.0     0   0.0   0.0   0.0   0.0     0     0
0.153   4.176  0.305705  17.027   0.0  0.011161  0.002754   0.4 -0.3  0.1  0.1   0.0     0   0.0   0.0   0.0   0.0     0     0
0.134   3.718  0.310976  17.027   0.0  0.014083  0.002805   0.4 -0.4  0.1  0.1   0.0     0   0.0   0.0   0.0   0.0     0     0
0.118   3.341  0.264618  17.027   0.0  0.015888  0.002394   0.4 -0.5  0.1  0.1   0.0     0   0.0   0.0   0.0   0.0     0     0
0.105   3.002  0.290893  17.027   0.0  0.012117  0.002622   0.4 -0.6  0.1  0.1   0.0     0   0.0   0.0   0.0   0.0     0     0
0.086   2.506  0.290964  17.027   0.0  0.025272  0.002692   0.4 -0.7  0.1  0.1   0.0     0   0.0   0.0   0.0   0.0     0     0
0.464   2.009  0.198610   4.506   0.0  0.004921  0.001788   0.5 -0.4  0.2  0.2   0.0     0   0.0   0.0   0.0   0.0     0     0
0.388   1.826  0.247763   4.506   0.0  0.006139  0.002230   0.4 -0.5  0.2  0.2   0.0     0   0.0   0.0   0.0   0.0     0     0
0.324   1.644  0.284459   4.506   0.0  0.006616  0.002560   0.4 -0.6  0.2  0.2   0.0     0   0.0   0.0   0.0   0.0     0     0
0.268   1.461  0.296609   4.506   0.0  0.007457  0.002670   0.4 -0.7  0.1  0.1   0.0     0   0.0   0.0   0.0   0.0     0     0
0.219   1.278  0.294768   4.506   0.0  0.006994  0.002653   0.4 -0.8  0.1  0.1   0.0     0   0.0   0.0   0.0   0.0     0     0
0.177   1.096  0.315555   4.506   0.0  0.007864  0.002840   0.4 -0.9  0.1  0.1   0.0     0   0.0   0.0   0.0   0.0     0     0
0.139   0.913  0.292300   4.506   0.0  0.008137  0.002631   0.4 -1.0  0.1  0.1   0.0     0   0.0   0.0   0.0   0.0     0     0
0.586   4.080  0.114119   6.711   0.0  0.003335  0.001027   0.6  0.0  0.2  0.2   0.0     0   0.0   0.0   0.0   0.0     0     0
0.503   3.740  0.165534   6.711   0.0  0.004963  0.001490   0.5 -0.1  0.2  0.2   0.0     0   0.0   0.0   0.0   0.0     0     0
0.414   3.315  0.217107   6.711   0.0  0.004732  0.001954   0.4 -0.3  0.2  0.2   0.0     0   0.0   0.0   0.0   0.0     0     0
0.366   3.060  0.232621   6.711   0.0  0.007215  0.002094   0.4 -0.4  0.2  0.2   0.0     0   0.0   0.0   0.0   0.0     0     0
0.319   2.788  0.269358   6.711   0.0  0.005969  0.002424   0.4 -0.5  0.2  0.2   0.0     0   0.0   0.0   0.0   0.0     0     0
0.284   2.570  0.288453   6.711   0.0  0.007894  0.002597   0.4 -0.5  0.1  0.1   0.0     0   0.0   0.0   0.0   0.0     0     0
0.256   2.380  0.296012   6.711   0.0  0.008160  0.002665   0.4 -0.6  0.1  0.1   0.0     0   0.0   0.0   0.0   0.0     0     0
0.233   2.218  0.294512   6.711   0.0  0.008454  0.002651   0.4 -0.7  0.1  0.1   0.0     0   0.0   0.0   0.0   0.0     0     0
0.209   2.040  0.283350   6.711   0.0  0.009173  0.002551   0.4 -0.7  0.1  0.1   0.0     0   0.0   0.0   0.0   0.0     0     0
0.188   1.878  0.315676   6.711   0.0  0.010002  0.002842   0.4 -0.8  0.1  0.1   0.0     0   0.0   0.0   0.0   0.0     0     0
0.156   1.618  0.291827   6.711   0.0  0.017653  0.002643   0.4 -0.9  0.0  0.0   0.0     0   0.0   0.0   0.0   0.0     0     0
0.127   1.360  0.260756   6.711   0.0  0.016576  0.002361   0.4 -1.0  0.0  0.0   0.0     0   0.0   0.0   0.0   0.0     0     0
0.711   6.623  0.043010   8.713   0.0  0.001798  0.000430   1.0  0.3  0.3  0.3   0.0     0   0.0   0.0   0.0   0.0     0     0
0.632   6.183  0.079171   8.713   0.0  0.002278  0.000713   0.7  0.2  0.3  0.3   0.0     0   0.0   0.0   0.0   0.0     0     0
0.560   5.742  0.114131   8.713   0.0  0.003148  0.001027   0.6  0.1  0.3  0.3   0.0     0   0.0   0.0   0.0   0.0     0     0
0.494   5.299  0.155503   8.713   0.0  0.004227  0.001400   0.5  0.0  0.2  0.2   0.0     0   0.0   0.0   0.0   0.0     0     0
0.434   4.857  0.193510   8.713   0.0  0.005264  0.001742   0.5 -0.1  0.2  0.2   0.0     0   0.0   0.0   0.0   0.0     0     0
0.368   4.321  0.246762   8.713   0.0  0.004954  0.002221   0.4 -0.3  0.2  0.2   0.0     0   0.0   0.0   0.0   0.0     0     0
0.332   4.011  0.257005   8.713   0.0  0.007020  0.002313   0.4 -0.4  0.2  0.2   0.0     0   0.0   0.0   0.0   0.0     0     0
0.306   3.777  0.282377   8.713   0.0  0.007455  0.002542   0.4 -0.4  0.2  0.2   0.0     0   0.0   0.0   0.0   0.0     0     0
0.281   3.535  0.269489   8.713   0.0  0.008901  0.002426   0.4 -0.5  0.2  0.2   0.0     0   0.0   0.0   0.0   0.0     0     0
0.259   3.319  0.284451   8.713   0.0  0.011264  0.002563   0.4 -0.5  0.1  0.1   0.0     0   0.0   0.0   0.0   0.0     0     0
0.237   3.095  0.294106   8.713   0.0  0.012250  0.002651   0.4 -0.6  0.1  0.1   0.0     0   0.0   0.0   0.0   0.0     0     0
0.196   2.650  0.299973   8.713   0.0  0.012542  0.002704   0.4 -0.7  0.1  0.1   0.0     0   0.0   0.0   0.0   0.0     0     0
0.158   2.211  0.329938   8.713   0.0  0.027707  0.003063   0.4 -0.8  0.1  0.1   0.0     0   0.0   0.0   0.0   0.0     0     0
0.781  10.849  0.019399  11.900   0.0  0.001178  0.000233   1.5  0.7  0.3  0.3   0.0     0   0.0   0.0   0.0   0.0     0     0
0.714  10.246  0.036333  11.900   0.0  0.001598  0.000363   1.0  0.6  0.3  0.3   0.0     0   0.0   0.0   0.0   0.0     0     0
0.651   9.646  0.058890  11.900   0.0  0.002214  0.000530   0.8  0.5  0.3  0.3   0.0     0   0.0   0.0   0.0   0.0     0     0
0.591   9.043  0.088061  11.900   0.0  0.003274  0.000793   0.7  0.3  0.3  0.3   0.0     0   0.0   0.0   0.0   0.0     0     0
0.535   8.440  0.122532  11.900   0.0  0.003276  0.001103   0.6  0.2  0.3  0.3   0.0     0   0.0   0.0   0.0   0.0     0     0
0.483   7.837  0.155292  11.900   0.0  0.004395  0.001398   0.5  0.1  0.3  0.3   0.0     0   0.0   0.0   0.0   0.0     0     0
0.433   7.234  0.182457  11.900   0.0  0.005128  0.001642   0.5  0.0  0.2  0.2   0.0     0   0.0   0.0   0.0   0.0     0     0
0.386   6.631  0.222149  11.900   0.0  0.006627  0.002000   0.4 -0.1  0.2  0.2   0.0     0   0.0   0.0   0.0   0.0     0     0
0.342   6.029  0.243729  11.900   0.0  0.007304  0.002194   0.4 -0.3  0.2  0.2   0.0     0   0.0   0.0   0.0   0.0     0     0
0.288   5.249  0.264999  11.900   0.0  0.006756  0.002385   0.4 -0.4  0.2  0.2   0.0     0   0.0   0.0   0.0   0.0     0     0
0.260   4.823  0.280835  11.900   0.0  0.008751  0.002528   0.4 -0.5  0.2  0.2   0.0     0   0.0   0.0   0.0   0.0     0     0
0.210   4.027  0.323769  11.900   0.0  0.027456  0.003006   0.4 -0.6  0.1  0.1   0.0     0   0.0   0.0   0.0   0.0     0     0
0.872  15.981  0.003874  15.022   0.0  0.000597  0.000074   2.8  1.0  0.3  0.3   0.0     0   0.0   0.0   0.0   0.0     0     0
0.809  15.220  0.008269  15.022   0.0  0.001190  0.000108   1.7  0.9  0.3  0.3   0.0     0   0.0   0.0   0.0   0.0     0     0
0.750  14.459  0.022339  15.022   0.0  0.001387  0.000246   1.3  0.8  0.3  0.3   0.0     0   0.0   0.0   0.0   0.0     0     0
0.694  13.698  0.038292  15.022   0.0  0.001726  0.000383   1.0  0.7  0.3  0.3   0.0     0   0.0   0.0   0.0   0.0     0     0
0.640  12.937  0.058316  15.022   0.0  0.002255  0.000525   0.8  0.6  0.3  0.3   0.0     0   0.0   0.0   0.0   0.0     0     0
0.589  12.176  0.078524  15.022   0.0  0.002863  0.000707   0.7  0.5  0.3  0.3   0.0     0   0.0   0.0   0.0   0.0     0     0
0.540  11.415  0.111517  15.022   0.0  0.004126  0.001004   0.6  0.3  0.3  0.3   0.0     0   0.0   0.0   0.0   0.0     0     0
0.493  10.654  0.134539  15.022   0.0  0.005077  0.001211   0.5  0.2  0.3  0.3   0.0     0   0.0   0.0   0.0   0.0     0     0
0.448   9.893  0.163845  15.022   0.0  0.006020  0.001475   0.5  0.1  0.3  0.3   0.0     0   0.0   0.0   0.0   0.0     0     0
0.405   9.132  0.197114  15.022   0.0  0.006865  0.001775   0.5  0.0  0.3  0.3   0.0     0   0.0   0.0   0.0   0.0     0     0
0.364   8.371  0.225387  15.022   0.0  0.008007  0.002029   0.4 -0.1  0.2  0.2   0.0     0   0.0   0.0   0.0   0.0     0     0
0.317   7.480  0.247584  15.022   0.0  0.006504  0.002229   0.4 -0.3  0.2  0.2   0.0     0   0.0   0.0   0.0   0.0     0     0
0.286   6.849  0.262815  15.022   0.0  0.011665  0.002369   0.4 -0.4  0.2  0.2   0.0     0   0.0   0.0   0.0   0.0     0     0
0.249   6.088  0.249601  15.022   0.0  0.014999  0.002257   0.4 -0.5  0.2  0.2   0.0     0   0.0   0.0   0.0   0.0     0     0
0.214   5.327  0.302302  15.022   0.0  0.011173  0.002723   0.4 -0.6  0.2  0.2   0.0     0   0.0   0.0   0.0   0.0     0     0
0.854  20.078  0.004473  18.028   0.0  0.000556  0.000076   2.4  1.2  0.3  0.3   0.0     0   0.0   0.0   0.0   0.0     0     0
0.799  19.165  0.011008  18.028   0.0  0.001130  0.000143   1.6  1.0  0.3  0.3   0.0     0   0.0   0.0   0.0   0.0     0     0
0.746  18.252  0.020393  18.028   0.0  0.001440  0.000224   1.2  0.9  0.3  0.3   0.0     0   0.0   0.0   0.0   0.0     0     0
0.670  16.857  0.039508  18.028   0.0  0.001589  0.000395   0.9  0.7  0.3  0.3   0.0     0   0.0   0.0   0.0   0.0     0     0
0.599  15.504  0.075000  18.028   0.0  0.003310  0.000675   0.7  0.6  0.3  0.3   0.0     0   0.0   0.0   0.0   0.0     0     0
0.554  14.591  0.095036  18.028   0.0  0.003977  0.000855   0.6  0.4  0.3  0.3   0.0     0   0.0   0.0   0.0   0.0     0     0
0.510  13.681  0.118310  18.028   0.0  0.005282  0.001065   0.6  0.3  0.3  0.3   0.0     0   0.0   0.0   0.0   0.0     0     0
0.468  12.761  0.149366  18.028   0.0  0.004929  0.001344   0.5  0.2  0.3  0.3   0.0     0   0.0   0.0   0.0   0.0     0     0
0.428  11.862  0.186839  18.028   0.0  0.006157  0.001682   0.5  0.1  0.3  0.3   0.0     0   0.0   0.0   0.0   0.0     0     0
0.389  10.960  0.216297  18.028   0.0  0.008565  0.001948   0.5  0.0  0.3  0.3   0.0     0   0.0   0.0   0.0   0.0     0     0
0.349  10.021  0.229452  18.028   0.0  0.009505  0.002067   0.4 -0.1  0.3  0.3   0.0     0   0.0   0.0   0.0   0.0     0     0
0.313   9.133  0.239908  18.028   0.0  0.010862  0.002162   0.4 -0.3  0.2  0.2   0.0     0   0.0   0.0   0.0   0.0     0     0
0.278   8.220  0.266315  18.028   0.0  0.014676  0.002406   0.4 -0.4  0.2  0.2   0.0     0   0.0   0.0   0.0   0.0     0     0
0.243   7.306  0.255017  18.028   0.0  0.019850  0.002327   0.4 -0.5  0.2  0.2   0.0     0   0.0   0.0   0.0   0.0     0     0
0.547   2.772  0.149915   4.502   0.0  0.004719  0.001349   0.5 -0.6  0.2  0.2   0.0     0   0.0   0.0   0.0   0.0     0     0
0.453   2.464  0.210010   4.502   0.0  0.006272  0.001890   0.5 -0.7  0.2  0.2   0.0     0   0.0   0.0   0.0   0.0     0     0
0.370   2.156  0.241385   4.502   0.0  0.007870  0.002173   0.4 -0.8  0.1  0.1   0.0     0   0.0   0.0   0.0   0.0     0     0
0.298   1.848  0.276976   4.502   0.0  0.009102  0.002494   0.4 -0.9  0.1  0.1   0.0     0   0.0   0.0   0.0   0.0     0     0
0.234   1.540  0.294012   4.502   0.0  0.009747  0.002647   0.4 -1.0  0.1  0.1   0.0     0   0.0   0.0   0.0   0.0     0     0
0.670   4.471  0.075927   5.808   0.0  0.002535  0.000683   0.7 -0.4  0.2  0.2   0.0     0   0.0   0.0   0.0   0.0     0     0
0.556   3.974  0.127749   5.808   0.0  0.003999  0.001150   0.5 -0.5  0.2  0.2   0.0     0   0.0   0.0   0.0   0.0     0     0
0.457   3.477  0.190436   5.808   0.0  0.005820  0.001714   0.5 -0.6  0.2  0.2   0.0     0   0.0   0.0   0.0   0.0     0     0
0.369   2.980  0.245661   5.808   0.0  0.007524  0.002211   0.4 -0.7  0.2  0.2   0.0     0   0.0   0.0   0.0   0.0     0     0
0.290   2.484  0.277816   5.808   0.0  0.008297  0.002501   0.4 -0.8  0.1  0.1   0.0     0   0.0   0.0   0.0   0.0     0     0
0.220   1.987  0.301740   5.808   0.0  0.022435  0.002759   0.4 -1.0  0.1  0.1   0.0     0   0.0   0.0   0.0   0.0     0     0
0.768   7.443  0.027524   7.912   0.0  0.001610  0.000303   1.2 -0.1  0.3  0.3   0.0     0   0.0   0.0   0.0   0.0     0     0
0.666   6.767  0.060319   7.912   0.0  0.002482  0.000543   0.8 -0.3  0.3  0.3   0.0     0   0.0   0.0   0.0   0.0     0     0
0.573   6.090  0.108621   7.912   0.0  0.003606  0.000978   0.6 -0.4  0.2  0.2   0.0     0   0.0   0.0   0.0   0.0     0     0
0.488   5.413  0.159568   7.912   0.0  0.005442  0.001436   0.5 -0.5  0.2  0.2   0.0     0   0.0   0.0   0.0   0.0     0     0
0.410   4.739  0.211224   7.912   0.0  0.006424  0.001901   0.4 -0.6  0.2  0.2   0.0     0   0.0   0.0   0.0   0.0     0     0
0.332   4.006  0.260237   7.912   0.0  0.008690  0.002343   0.4 -0.7  0.2  0.2   0.0     0   0.0   0.0   0.0   0.0     0     0
0.781  10.277  0.019050  10.014   0.0  0.002442  0.000210   1.3  0.0  0.3  0.3   0.0     0   0.0   0.0   0.0   0.0     0     0
0.691   9.421  0.039455  10.014   0.0  0.003517  0.000395   0.9 -0.1  0.3  0.3   0.0     0   0.0   0.0   0.0   0.0     0     0
0.607   8.565  0.074145  10.014   0.0  0.005273  0.000668   0.7 -0.3  0.3  0.3   0.0     0   0.0   0.0   0.0   0.0     0     0
0.529   7.708  0.130220  10.014   0.0  0.006692  0.001173   0.6 -0.4  0.2  0.2   0.0     0   0.0   0.0   0.0   0.0     0     0
0.456   6.852  0.178631  10.014   0.0  0.008137  0.001609   0.5 -0.5  0.2  0.2   0.0     0   0.0   0.0   0.0   0.0     0     0
0.387   5.995  0.224669  10.014   0.0  0.009590  0.002024   0.4 -0.6  0.2  0.2   0.0     0   0.0   0.0   0.0   0.0     0     0
0.322   5.139  0.276958  10.014   0.0  0.010808  0.002495   0.4 -0.7  0.2  0.2   0.0     0   0.0   0.0   0.0   0.0     0     0
0.800  13.918  0.008607  12.518   0.0  0.001790  0.000103   1.5  0.1  0.3  0.3   0.0     0   0.0   0.0   0.0   0.0     0     0
0.719  12.847  0.029967  12.518   0.0  0.003029  0.000300   1.0  0.0  0.3  0.3   0.0     0   0.0   0.0   0.0   0.0     0     0
0.642  11.777  0.056655  12.518   0.0  0.003753  0.000510   0.8 -0.1  0.3  0.3   0.0     0   0.0   0.0   0.0   0.0     0     0
0.569  10.706  0.093330  12.518   0.0  0.005711  0.000841   0.6 -0.3  0.3  0.3   0.0     0   0.0   0.0   0.0   0.0     0     0
0.500   9.635  0.146084  12.518   0.0  0.006939  0.001316   0.5 -0.4  0.3  0.3   0.0     0   0.0   0.0   0.0   0.0     0     0
0.434   8.565  0.162837  12.518   0.0  0.007575  0.001467   0.5 -0.5  0.2  0.2   0.0     0   0.0   0.0   0.0   0.0     0     0
0.371   7.494  0.239385  12.518   0.0  0.010910  0.002157   0.4 -0.6  0.2  0.2   0.0     0   0.0   0.0   0.0   0.0     0     0
0.756  16.691  0.020364  15.012   0.0  0.002407  0.000224   1.2  0.1  0.3  0.3   0.0     0   0.0   0.0   0.0   0.0     0     0
0.683  15.407  0.038719  15.012   0.0  0.002993  0.000387   0.9  0.0  0.3  0.3   0.0     0   0.0   0.0   0.0   0.0     0     0
0.614  14.123  0.064052  15.012   0.0  0.003859  0.000577   0.7 -0.1  0.3  0.3   0.0     0   0.0   0.0   0.0   0.0     0     0
0.547  12.839  0.105118  15.012   0.0  0.006742  0.000947   0.6 -0.3  0.3  0.3   0.0     0   0.0   0.0   0.0   0.0     0     0
0.482  11.555  0.131435  15.012   0.0  0.009590  0.001186   0.5 -0.4  0.3  0.3   0.0     0   0.0   0.0   0.0   0.0     0     0
0.421  10.271  0.166248  15.012   0.0  0.012305  0.001503   0.5 -0.5  0.3  0.3   0.0     0   0.0   0.0   0.0   0.0     0     0
0.427   1.738  0.232022  20.005   0.0  0.004778  0.004176   0.5  0.3  0.3  0.3   0.0     0   0.4   0.4   0.0   0.0     0     0
0.377   1.714  0.257922  20.005   0.0  0.005379  0.004643   0.6  0.3  0.3  0.3   0.0     0   0.4   0.4   0.0   0.0     0     0
0.326   1.681  0.288339  20.005   0.0  0.006055  0.005190   0.7  0.3  0.3  0.3   0.0     0   0.4   0.4   0.0   0.0     0     0
0.274   1.638  0.313898  20.005   0.0  0.006666  0.005650   0.8  0.2  0.3  0.3   0.0     0   0.4   0.4   0.0   0.0     0     0
0.224   1.582  0.328263  20.005   0.0  0.006971  0.005909   0.8  0.2  0.3  0.3   0.0     0   0.4   0.4   0.0   0.0     0     0
0.176   1.504  0.337907  20.005   0.0  0.007112  0.006082   0.8  0.1  0.3  0.3   0.0     0   0.4   0.4   0.0   0.0     0     0
0.138   1.415  0.340186  20.005   0.0  0.007030  0.006123   0.7  0.0  0.3  0.3   0.0     0   0.4   0.4   0.0   0.0     0     0
0.112   1.331  0.332965  20.005   0.0  0.006533  0.005660   0.6 -0.1  0.3  0.3   0.0     0   0.4   0.4   0.0   0.0     0     0
0.099   1.279  0.330140  20.005   0.0  0.006814  0.005612   0.6 -0.1  0.4  0.4   0.0     0   0.4   0.4   0.0   0.0     0     0
0.084   1.203  0.326430  20.005   0.0  0.007401  0.005549   0.6 -0.2  0.4  0.4   0.0     0   0.4   0.4   0.0   0.0     0     0
0.068   1.107  0.318491  20.005   0.0  0.006890  0.005414   0.5 -0.3  0.4  0.4   0.0     0   0.4   0.4   0.0   0.0     0     0
0.373   1.404  0.261027  18.010   0.0  0.005537  0.004698   0.6  0.2  0.3  0.3   0.0     0   0.4   0.4   0.0   0.0     0     0
0.323   1.380  0.293493  18.010   0.0  0.006219  0.005283   0.7  0.1  0.3  0.3   0.0     0   0.4   0.4   0.0   0.0     0     0
0.271   1.347  0.313904  18.010   0.0  0.006696  0.005650   0.8  0.1  0.3  0.3   0.0     0   0.4   0.4   0.0   0.0     0     0
0.221   1.303  0.331197  18.010   0.0  0.007057  0.005962   0.8  0.0  0.3  0.3   0.0     0   0.4   0.4   0.0   0.0     0     0
0.178   1.249  0.333282  18.010   0.0  0.007171  0.005999   0.8  0.0  0.3  0.3   0.0     0   0.4   0.4   0.0   0.0     0     0
0.124   1.147  0.325326  18.010   0.0  0.007447  0.005856   0.7 -0.1  0.3  0.3   0.0     0   0.4   0.4   0.0   0.0     0     0
0.100   1.077  0.325827  18.010   0.0  0.007131  0.005539   0.6 -0.2  0.3  0.3   0.0     0   0.4   0.4   0.0   0.0     0     0
0.081   1.002  0.314550  18.010   0.0  0.007019  0.005347   0.6 -0.3  0.4  0.4   0.0     0   0.4   0.4   0.0   0.0     0     0
0.065   0.921  0.305079  18.010   0.0  0.006781  0.005186   0.5 -0.4  0.4  0.4   0.0     0   0.4   0.4   0.0   0.0     0     0
0.314   1.101  0.284941  16.000   0.0  0.006071  0.005129   0.8  0.0  0.3  0.3   0.0     0   0.4   0.4   0.0   0.0     0     0
0.266   1.078  0.312356  16.000   0.0  0.006998  0.005935   0.9 -0.1  0.3  0.3   0.0     0   0.4   0.4   0.0   0.0     0     0
0.218   1.047  0.319735  16.000   0.0  0.006895  0.005755   0.9 -0.1  0.3  0.3   0.0     0   0.4   0.4   0.0   0.0     0     0
0.168   0.998  0.327629  16.000   0.0  0.007326  0.005897   0.9 -0.2  0.5  0.5   0.0     0   0.4   0.4   0.0   0.0     0     0
0.126   0.937  0.324515  16.000   0.0  0.007541  0.005841   0.7 -0.2  0.5  0.5   0.0     0   0.4   0.4   0.0   0.0     0     0
0.097   0.874  0.310127  16.000   0.0  0.007011  0.005272   0.7 -0.3  0.4  0.4   0.0     0   0.4   0.4   0.0   0.0     0     0
0.077   0.811  0.296299  16.000   0.0  0.006658  0.005037   0.6 -0.4  0.4  0.4   0.0     0   0.4   0.4   0.0   0.0     0     0
0.229   0.717  0.301146  13.000   0.0  0.007234  0.005722   1.1 -0.3  0.5  0.5   0.0     0   0.4   0.4   0.0   0.0     0     0
0.179   0.692  0.309121  13.000   0.0  0.007335  0.005873   1.0 -0.4  0.5  0.5   0.0     0   0.4   0.4   0.0   0.0     0     0
0.133   0.655  0.303504  13.000   0.0  0.006868  0.005463   0.9 -0.4  0.5  0.5   0.0     0   0.4   0.4   0.0   0.0     0     0
0.101   0.617  0.289178  13.000   0.0  0.006720  0.005205   1.0 -0.5  0.5  0.5   0.0     0   0.4   0.4   0.0   0.0     0     0
0.081   0.581  0.276377  13.000   0.0  0.006137  0.004698   0.9 -0.5  0.5  0.5   0.0     0   0.4   0.4   0.0   0.0     0     0
0.747  11.769  0.025616  18.001   0.0  0.001062  0.000435   1.6  0.1  0.3  0.3   0.0     0   0.0   0.0   0.0   0.0     0     0
0.703  11.437  0.036162  18.001   0.0  0.000969  0.000470   1.3  0.1  0.3  0.3   0.0     0   0.0   0.0   0.0   0.0     0     0
0.647  10.977  0.058184  18.001   0.0  0.001105  0.000640   1.0  0.1  0.3  0.3   0.0     0   0.0   0.0   0.0   0.0     0     0
0.604  10.594  0.077113  18.001   0.0  0.001209  0.000771   0.8  0.0  0.3  0.3   0.0     0   0.0   0.0   0.0   0.0     0     0
0.553  10.106  0.103873  18.001   0.0  0.002136  0.001039   0.7  0.0  0.3  0.3   0.0     0   0.0   0.0   0.0   0.0     0     0
0.498   9.537  0.135821  18.001   0.0  0.002859  0.001358   0.6  0.0  0.3  0.3   0.0     0   0.0   0.0   0.0   0.0     0     0
0.449   8.989  0.175666  18.001   0.0  0.003651  0.001757   0.5  0.0  0.3  0.3   0.0     0   0.0   0.0   0.0   0.0     0     0
0.406   8.453  0.204242  18.001   0.0  0.004414  0.002042   0.5  0.0  0.3  0.3   0.0     0   0.0   0.0   0.0   0.0     0     0
0.368   7.950  0.230038  18.001   0.0  0.004971  0.002300   0.5  0.0  0.3  0.3   0.0     0   0.0   0.0   0.0   0.0     0     0
0.334   7.465  0.248247  18.001   0.0  0.004321  0.002482   0.4  0.0  0.3  0.3   0.0     0   0.0   0.0   0.0   0.0     0     0
0.313   7.144  0.260590  18.001   0.0  0.006659  0.002606   0.4  0.0  0.2  0.2   0.0     0   0.0   0.0   0.0   0.0     0     0
0.784   9.045  0.021217  15.004   0.0  0.000652  0.000361   2.1  0.1  0.3  0.3   0.0     0   0.0   0.0   0.0   0.0     0     0
0.738   8.817  0.030897  15.004   0.0  0.000764  0.000402   1.6  0.0  0.3  0.3   0.0     0   0.0   0.0   0.0   0.0     0     0
0.684   8.530  0.048561  15.004   0.0  0.001161  0.000534   1.2  0.0  0.3  0.3   0.0     0   0.0   0.0   0.0   0.0     0     0
0.628   8.207  0.070776  15.004   0.0  0.001791  0.000708   0.9  0.0  0.3  0.3   0.0     0   0.0   0.0   0.0   0.0     0     0
0.573   7.857  0.100733  15.004   0.0  0.002151  0.001007   0.7  0.0  0.3  0.3   0.0     0   0.0   0.0   0.0   0.0     0     0
0.528   7.544  0.123143  15.004   0.0  0.002240  0.001108   0.6  0.0  0.3  0.3   0.0     0   0.0   0.0   0.0   0.0     0     0
0.476   7.145  0.160222  15.004   0.0  0.003123  0.001442   0.5  0.0  0.3  0.3   0.0     0   0.0   0.0   0.0   0.0     0     0
0.427   6.737  0.188793  15.004   0.0  0.003527  0.001699   0.5  0.0  0.3  0.3   0.0     0   0.0   0.0   0.0   0.0     0     0
0.382   6.321  0.215065  15.004   0.0  0.004018  0.001936   0.5  0.0  0.3  0.3   0.0     0   0.0   0.0   0.0   0.0     0     0
0.352   6.017  0.241284  15.004   0.0  0.006343  0.002172   0.4  0.0  0.3  0.3   0.0     0   0.0   0.0   0.0   0.0     0     0
0.728   6.551  0.041691  12.497   0.0  0.001159  0.000542   1.5  0.0  0.3  0.3   0.0     0   0.0   0.0   0.0   0.0     0     0
0.679   6.373  0.055819  12.497   0.0  0.001308  0.000614   1.1  0.0  0.3  0.3   0.0     0   0.0   0.0   0.0   0.0     0     0
0.625   6.162  0.083349  12.497   0.0  0.001972  0.000833   0.9  0.0  0.3  0.3   0.0     0   0.0   0.0   0.0   0.0     0     0
0.568   5.911  0.113000  12.497   0.0  0.002691  0.001130   0.7  0.0  0.3  0.3   0.0     0   0.0   0.0   0.0   0.0     0     0
0.513   5.643  0.141892  12.497   0.0  0.003160  0.001277   0.6  0.0  0.3  0.3   0.0     0   0.0   0.0   0.0   0.0     0     0
0.460   5.352  0.176265  12.497   0.0  0.003882  0.001586   0.5  0.0  0.3  0.3   0.0     0   0.0   0.0   0.0   0.0     0     0
0.416   5.084  0.212917  12.497   0.0  0.005441  0.001916   0.5  0.0  0.3  0.3   0.0     0   0.0   0.0   0.0   0.0     0     0
0.384   4.877  0.227836  12.497   0.0  0.022924  0.002115   0.5  0.0  0.3  0.3   0.0     0   0.0   0.0   0.0   0.0     0     0
0.644   4.354  0.082805   9.999   0.0  0.001534  0.000828   0.9  0.0  0.3  0.3   0.0     0   0.0   0.0   0.0   0.0     0     0
0.595   4.228  0.106587   9.999   0.0  0.001742  0.001066   0.7  0.0  0.3  0.3   0.0     0   0.0   0.0   0.0   0.0     0     0
0.543   4.079  0.136219   9.999   0.0  0.002002  0.001226   0.6  0.0  0.3  0.3   0.0     0   0.0   0.0   0.0   0.0     0     0
0.505   3.959  0.156173   9.999   0.0  0.004132  0.001406   0.5  0.0  0.3  0.3   0.0     0   0.0   0.0   0.0   0.0     0     0
0.868  18.643  0.003756  20.001   0.0  0.000176  0.000086   3.2  0.0  0.3  0.3   0.0     0   0.0   0.0   0.0   0.0     0     0
0.823  18.075  0.007941  20.001   0.0  0.000274  0.000135   2.2  0.0  0.3  0.3   0.0     0   0.0   0.0   0.0   0.0     0     0
0.770  17.373  0.014863  20.001   0.0  0.000442  0.000193   1.6  0.0  0.3  0.3   0.0     0   0.0   0.0   0.0   0.0     0     0
0.719  16.668  0.026820  20.001   0.0  0.000713  0.000322   1.2  0.0  0.3  0.3   0.0     0   0.0   0.0   0.0   0.0     0     0
0.668  15.914  0.042806  20.001   0.0  0.001030  0.000428   1.0  0.0  0.3  0.3   0.0     0   0.0   0.0   0.0   0.0     0     0
0.616  15.106  0.065051  20.001   0.0  0.001463  0.000651   0.8  0.0  0.3  0.3   0.0     0   0.0   0.0   0.0   0.0     0     0
0.564  14.243  0.091275  20.001   0.0  0.002059  0.000821   0.7  0.0  0.3  0.3   0.0     0   0.0   0.0   0.0   0.0     0     0
0.516  13.401  0.117954  20.001   0.0  0.002627  0.001062   0.6  0.0  0.3  0.3   0.0     0   0.0   0.0   0.0   0.0     0     0
0.471  12.571  0.149756  20.001   0.0  0.003428  0.001348   0.5  0.0  0.3  0.3   0.0     0   0.0   0.0   0.0   0.0     0     0
0.436  11.896  0.166586  20.001   0.0  0.004712  0.001499   0.5  0.0  0.3  0.3   0.0     0   0.0   0.0   0.0   0.0     0     0
0.412  11.407  0.215777  20.001   0.0  0.021282  0.001993   0.5  0.0  0.3  0.3   0.0     0   0.0   0.0   0.0   0.0     0     0
0.855  15.906  0.005472  18.018   0.0  0.000231  0.000115   2.9  0.0  0.3  0.3   0.0     0   0.0   0.0   0.0   0.0     0     0
0.809  15.420  0.010376  18.018   0.0  0.000340  0.000166   2.1  0.0  0.3  0.3   0.0     0   0.0   0.0   0.0   0.0     0     0
0.753  14.796  0.020043  18.018   0.0  0.000585  0.000261   1.5  0.0  0.3  0.3   0.0     0   0.0   0.0   0.0   0.0     0     0
0.702  14.195  0.032970  18.018   0.0  0.000822  0.000363   1.1  0.0  0.3  0.3   0.0     0   0.0   0.0   0.0   0.0     0     0
0.650  13.553  0.050582  18.018   0.0  0.001197  0.000506   0.9  0.0  0.3  0.3   0.0     0   0.0   0.0   0.0   0.0     0     0
0.598  12.866  0.072231  18.018   0.0  0.001683  0.000722   0.8  0.0  0.3  0.3   0.0     0   0.0   0.0   0.0   0.0     0     0
0.547  12.138  0.102804  18.018   0.0  0.002203  0.000925   0.6  0.0  0.3  0.3   0.0     0   0.0   0.0   0.0   0.0     0     0
0.489  11.268  0.138017  18.018   0.0  0.002362  0.001242   0.5  0.0  0.3  0.3   0.0     0   0.0   0.0   0.0   0.0     0     0
0.457  10.743  0.159207  18.018   0.0  0.002183  0.001433   0.5  0.0  0.3  0.3   0.0     0   0.0   0.0   0.0   0.0     0     0
0.432  10.342  0.179358  18.018   0.0  0.005908  0.001615   0.5  0.0  0.3  0.3   0.0     0   0.0   0.0   0.0   0.0     0     0
0.819  11.884  0.010471  15.004   0.0  0.000446  0.000178   2.2  0.0  0.3  0.3   0.0     0   0.0   0.0   0.0   0.0     0     0
0.774  11.536  0.018798  15.004   0.0  0.000582  0.000244   1.7  0.0  0.3  0.3   0.0     0   0.0   0.0   0.0   0.0     0     0
0.723  11.120  0.031694  15.004   0.0  0.000892  0.000349   1.3  0.0  0.3  0.3   0.0     0   0.0   0.0   0.0   0.0     0     0
0.669  10.653  0.047749  15.004   0.0  0.001226  0.000477   1.0  0.0  0.3  0.3   0.0     0   0.0   0.0   0.0   0.0     0     0
0.616  10.161  0.071616  15.004   0.0  0.001669  0.000716   0.8  0.0  0.3  0.3   0.0     0   0.0   0.0   0.0   0.0     0     0
0.566   9.651  0.098294  15.004   0.0  0.002135  0.000885   0.7  0.0  0.3  0.3   0.0     0   0.0   0.0   0.0   0.0     0     0
0.515   9.106  0.131392  15.004   0.0  0.002926  0.001183   0.6  0.0  0.3  0.3   0.0     0   0.0   0.0   0.0   0.0     0     0
0.479   8.695  0.143966  15.004   0.0  0.007656  0.001297   0.5  0.0  0.3  0.3   0.0     0   0.0   0.0   0.0   0.0     0     0
0.778   8.805  0.021943  12.498   0.0  0.000659  0.000307   1.7  0.0  0.3  0.3   0.0     0   0.0   0.0   0.0   0.0     0     0
0.726   8.510  0.036161  12.498   0.0  0.000859  0.000398   1.3  0.0  0.3  0.3   0.0     0   0.0   0.0   0.0   0.0     0     0
0.673   8.187  0.054707  12.498   0.0  0.001191  0.000547   1.0  0.0  0.3  0.3   0.0     0   0.0   0.0   0.0   0.0     0     0
0.621   7.843  0.078252  12.498   0.0  0.001579  0.000783   0.8  0.0  0.3  0.3   0.0     0   0.0   0.0   0.0   0.0     0     0
0.572   7.501  0.101379  12.498   0.0  0.002549  0.000912   0.7  0.0  0.3  0.3   0.0     0   0.0   0.0   0.0   0.0     0     0
0.534   7.215  0.131312  12.498   0.0  0.008154  0.001184   0.6  0.0  0.3  0.3   0.0     0   0.0   0.0   0.0   0.0     0     0
0.876  20.410  0.003038  18.018   0.0  0.000152  0.000058   2.9  0.0  0.3  0.3   0.0     0   0.0   0.0   0.0   0.0     0     0
0.832  19.700  0.006276  18.018   0.0  0.000232  0.000094   2.0  0.0  0.3  0.3   0.0     0   0.0   0.0   0.0   0.0     0     0
0.779  18.803  0.013373  18.018   0.0  0.000425  0.000160   1.5  0.0  0.3  0.3   0.0     0   0.0   0.0   0.0   0.0     0     0
0.732  17.964  0.022446  18.018   0.0  0.000714  0.000247   1.2  0.0  0.3  0.3   0.0     0   0.0   0.0   0.0   0.0     0     0
0.674  16.911  0.037582  18.018   0.0  0.001079  0.000376   0.9  0.0  0.3  0.3   0.0     0   0.0   0.0   0.0   0.0     0     0
0.618  15.850  0.061543  18.018   0.0  0.001565  0.000554   0.8  0.0  0.3  0.3   0.0     0   0.0   0.0   0.0   0.0     0     0
0.566  14.812  0.087770  18.018   0.0  0.002420  0.000790   0.6  0.0  0.3  0.3   0.0     0   0.0   0.0   0.0   0.0     0     0
0.522  13.908  0.108998  18.018   0.0  0.003005  0.000981   0.6  0.0  0.3  0.3   0.0     0   0.0   0.0   0.0   0.0     0     0
0.480  13.012  0.142168  18.018   0.0  0.004155  0.001280   0.5 -0.1  0.3  0.3   0.0     0   0.0   0.0   0.0   0.0     0     0
0.460  12.579  0.149044  18.018   0.0  0.008511  0.001343   0.5 -0.1  0.3  0.3   0.0     0   0.0   0.0   0.0   0.0     0     0
0.851  15.704  0.005734  15.005   0.0  0.000232  0.000092   2.4  0.0  0.3  0.3   0.0     0   0.0   0.0   0.0   0.0     0     0
0.802  15.097  0.011625  15.005   0.0  0.000344  0.000151   1.7  0.0  0.3  0.3   0.0     0   0.0   0.0   0.0   0.0     0     0
0.752  14.450  0.019847  15.005   0.0  0.000528  0.000218   1.3  0.0  0.3  0.3   0.0     0   0.0   0.0   0.0   0.0     0     0
0.696  13.693  0.035975  15.005   0.0  0.000983  0.000360   1.0  0.0  0.3  0.3   0.0     0   0.0   0.0   0.0   0.0     0     0
0.641  12.928  0.054872  15.005   0.0  0.001370  0.000549   0.8  0.0  0.3  0.3   0.0     0   0.0   0.0   0.0   0.0     0     0
0.587  12.127  0.080397  15.005   0.0  0.001882  0.000724   0.7  0.0  0.3  0.3   0.0     0   0.0   0.0   0.0   0.0     0     0
0.538  11.373  0.108896  15.005   0.0  0.002711  0.000980   0.6 -0.1  0.3  0.3   0.0     0   0.0   0.0   0.0   0.0     0     0
0.496  10.681  0.139506  15.005   0.0  0.004597  0.001256   0.5 -0.1  0.3  0.3   0.0     0   0.0   0.0   0.0   0.0     0     0
0.810  11.069  0.012550  11.884   0.0  0.000471  0.000163   1.8  0.0  0.3  0.3   0.0     0   0.0   0.0   0.0   0.0     0     0
0.769  10.720  0.020813  11.884   0.0  0.000749  0.000229   1.4  0.0  0.3  0.3   0.0     0   0.0   0.0   0.0   0.0     0     0
0.712  10.203  0.036777  11.884   0.0  0.001068  0.000368   1.0  0.0  0.3  0.3   0.0     0   0.0   0.0   0.0   0.0     0     0
0.649   9.603  0.057646  11.884   0.0  0.001466  0.000519   0.8  0.0  0.3  0.3   0.0     0   0.0   0.0   0.0   0.0     0     0
0.590   9.005  0.085297  11.884   0.0  0.002221  0.000768   0.7 -0.1  0.3  0.3   0.0     0   0.0   0.0   0.0   0.0     0     0
0.534   8.407  0.117333  11.884   0.0  0.003131  0.001056   0.6 -0.1  0.3  0.3   0.0     0   0.0   0.0   0.0   0.0     0     0
0.735   6.726  0.038120   8.700   0.0  0.000876  0.000381   1.1  0.0  0.3  0.3   0.0     0   0.0   0.0   0.0   0.0     0     0
0.686   6.467  0.054903   8.700   0.0  0.001390  0.000549   0.9 -0.1  0.3  0.3   0.0     0   0.0   0.0   0.0   0.0     0     0
0.636   6.189  0.074338   8.700   0.0  0.002002  0.000669   0.7 -0.1  0.3  0.3   0.0     0   0.0   0.0   0.0   0.0     0     0
0.599   5.970  0.084401   8.700   0.0  0.010432  0.000767   0.7 -0.1  0.3  0.3   0.0     0   0.0   0.0   0.0   0.0     0     0
0.831  17.948  0.006891  15.004   0.0  0.000410  0.000090   1.8 -0.1  0.3  0.3   0.0     0   0.0   0.0   0.0   0.0     0     0
0.756  16.666  0.018127  15.004   0.0  0.000688  0.000199   1.2 -0.1  0.3  0.3   0.0     0   0.0   0.0   0.0   0.0     0     0
0.683  15.384  0.037401  15.004   0.0  0.001240  0.000374   0.9 -0.1  0.3  0.3   0.0     0   0.0   0.0   0.0   0.0     0     0
0.613  14.102  0.065880  15.004   0.0  0.002073  0.000593   0.7 -0.1  0.3  0.3   0.0     0   0.0   0.0   0.0   0.0     0     0
0.546  12.820  0.103755  15.004   0.0  0.003243  0.000934   0.6 -0.1  0.3  0.3   0.0     0   0.0   0.0   0.0   0.0     0     0
0.800  13.883  0.012973  12.499   0.0  0.000510  0.000156   1.5 -0.1  0.3  0.3   0.0     0   0.0   0.0   0.0   0.0     0     0
0.719  12.815  0.030117  12.499   0.0  0.000927  0.000301   1.0 -0.1  0.3  0.3   0.0     0   0.0   0.0   0.0   0.0     0     0
0.642  11.747  0.058829  12.499   0.0  0.001758  0.000529   0.8 -0.1  0.3  0.3   0.0     0   0.0   0.0   0.0   0.0     0     0
0.569  10.679  0.092024  12.499   0.0  0.002876  0.000828   0.6 -0.1  0.3  0.3   0.0     0   0.0   0.0   0.0   0.0     0     0
0.781  10.252  0.019142   9.999   0.0  0.000699  0.000211   1.3 -0.1  0.3  0.3   0.0     0   0.0   0.0   0.0   0.0     0     0
0.691   9.398  0.042164   9.999   0.0  0.001323  0.000422   0.9 -0.1  0.3  0.3   0.0     0   0.0   0.0   0.0   0.0     0     0
0.607   8.543  0.085958   9.999   0.0  0.002626  0.000774   0.7 -0.1  0.3  0.3   0.0     0   0.0   0.0   0.0   0.0     0     0
0.529   7.689  0.118970   9.999   0.0  0.004714  0.001071   0.6 -0.1  0.2  0.2   0.0     0   0.0   0.0   0.0   0.0     0     0
0.900  30.314  0.000777  19.505   0.0  0.000074  0.000016   3.4  0.4  0.3  0.3   0.0     0   0.0   0.0   2.8   0.0     0     0
0.845  28.600  0.003324  19.505   0.0  0.000202  0.000060   2.8  0.3  0.3  0.3   0.0     0   0.0   0.0   2.8   0.0     0     0
0.785  26.693  0.009239  19.505   0.0  0.000484  0.000148   2.8  0.2  0.3  0.3   0.0     0   0.0   0.0   2.8   0.0     0     0
0.727  24.851  0.019427  19.505   0.0  0.001128  0.000311   3.3  0.1  0.3  0.3   0.0     0   0.0   0.0   2.8   0.0     0     0
0.667  22.931  0.037694  19.505   0.0  0.002220  0.000565   4.0  0.0  0.3  0.3   0.0     0   0.0   0.0   2.8   0.0     0     0
0.619  21.388  0.058326  19.505   0.0  0.003892  0.000875   4.9 -0.1  0.3  0.3   0.0     0   0.0   0.0   2.8   0.0     0     0
0.584  20.230  0.073582  19.505   0.0  0.006679  0.001104   5.8 -0.2  0.3  0.3   0.0     0   0.0   0.0   2.8   0.0     0     0
0.885  24.068  0.001860  16.002   0.0  0.000127  0.000035   3.1  0.3  0.3  0.3   0.0     0   0.0   0.0   2.8   0.0     0     0
0.838  22.899  0.004727  16.002   0.0  0.000282  0.000080   2.8  0.2  0.3  0.3   0.0     0   0.0   0.0   2.8   0.0     0     0
0.785  21.584  0.010794  16.002   0.0  0.000610  0.000173   2.9  0.2  0.3  0.3   0.0     0   0.0   0.0   2.8   0.0     0     0
0.726  20.078  0.021082  16.002   0.0  0.001237  0.000337   3.4  0.1  0.3  0.3   0.0     0   0.0   0.0   2.8   0.0     0     0
0.675  18.773  0.034674  16.002   0.0  0.002214  0.000520   4.1  0.0  0.3  0.3   0.0     0   0.0   0.0   2.8   0.0     0     0
0.633  17.693  0.053354  16.002   0.0  0.003938  0.000800   4.8 -0.1  0.3  0.3   0.0     0   0.0   0.0   2.8   0.0     0     0
0.595  16.706  0.083057  16.002   0.0  0.013668  0.001256   5.7 -0.2  0.3  0.3   0.0     0   0.0   0.0   2.8   0.0     0     0
0.873  19.382  0.003071  13.290   0.0  0.000201  0.000055   2.3  0.3  0.3  0.3   0.0     0   0.0   0.0   2.8   0.0     0     0
0.826  18.442  0.006579  13.290   0.0  0.000359  0.000112   1.7  0.2  0.3  0.3   0.0     0   0.0   0.0   2.8   0.0     0     0
0.773  17.384  0.013130  13.290   0.0  0.000673  0.000210   1.4  0.1  0.3  0.3   0.0     0   0.0   0.0   2.8   0.0     0     0
0.725  16.393  0.022094  13.290   0.0  0.001164  0.000354   1.4  0.0  0.3  0.3   0.0     0   0.0   0.0   2.8   0.0     0     0
0.674  15.345  0.036872  13.290   0.0  0.002238  0.000553   1.6  0.0  0.3  0.3   0.0     0   0.0   0.0   2.8   0.0     0     0
0.626  14.348  0.063606  13.290   0.0  0.004130  0.000954   2.2 -0.1  0.3  0.3   0.0     0   0.0   0.0   2.8   0.0     0     0
0.580  13.376  0.081331  13.290   0.0  0.005331  0.001220   3.1 -0.2  0.3  0.3   0.0     0   0.0   0.0   2.8   0.0     0     0
0.543  12.569  0.108972  13.290   0.0  0.007076  0.001635   4.5 -0.3  0.3  0.3   0.0     0   0.0   0.0   2.8   0.0     0     0
0.514  11.945  0.138683  13.290   0.0  0.013609  0.002082   6.3 -0.3  0.3  0.3   0.0     0   0.0   0.0   2.8   0.0     0     0
0.844  14.288  0.006196  10.400   0.0  0.000434  0.000105   1.8  0.2  0.3  0.3   0.0     0   0.0   0.0   2.8   0.0     0     0
0.792  13.527  0.013728  10.400   0.0  0.000730  0.000220   1.3  0.1  0.3  0.3   0.0     0   0.0   0.0   2.8   0.0     0     0
0.736  12.684  0.026008  10.400   0.0  0.001363  0.000390   1.1  0.0  0.3  0.3   0.0     0   0.0   0.0   2.8   0.0     0     0
0.681  11.839  0.041947  10.400   0.0  0.002044  0.000629   1.1 -0.1  0.3  0.3   0.0     0   0.0   0.0   2.8   0.0     0     0
0.632  11.076  0.060550  10.400   0.0  0.002879  0.000908   1.2 -0.1  0.3  0.3   0.0     0   0.0   0.0   2.8   0.0     0     0
0.590  10.410  0.081849  10.400   0.0  0.003963  0.001228   1.7 -0.2  0.3  0.3   0.0     0   0.0   0.0   2.8   0.0     0     0
0.545   9.682  0.107522  10.400   0.0  0.005968  0.001613   2.6 -0.3  0.3  0.3   0.0     0   0.0   0.0   2.8   0.0     0     0
0.509   9.094  0.124538  10.400   0.0  0.012312  0.001871   4.1 -0.3  0.3  0.3   0.0     0   0.0   0.0   2.8   0.0     0     0
0.758   7.587  0.029207   6.500   0.0  0.001078  0.000438   1.1  0.0  0.2  0.2   0.0     0   0.0   0.0   2.8   0.0     0     0
0.706   7.150  0.045215   6.500   0.0  0.001657  0.000678   1.0 -0.1  0.2  0.2   0.0     0   0.0   0.0   2.8   0.0     0     0
0.654   6.710  0.066351   6.500   0.0  0.002365  0.000995   0.9 -0.2  0.2  0.2   0.0     0   0.0   0.0   2.8   0.0     0     0
0.609   6.317  0.088490   6.500   0.0  0.003173  0.001327   1.1 -0.2  0.2  0.2   0.0     0   0.0   0.0   2.8   0.0     0     0
0.569   5.963  0.116927   6.500   0.0  0.004855  0.001754   1.3 -0.3  0.2  0.2   0.0     0   0.0   0.0   2.8   0.0     0     0
0.522   5.534  0.131694   6.500   0.0  0.008317  0.001976   1.9 -0.3  0.2  0.2   0.0     0   0.0   0.0   2.8   0.0     0     0
0.483   5.173  0.169585   6.500   0.0  0.010887  0.002545   2.8 -0.4  0.2  0.2   0.0     0   0.0   0.0   2.8   0.0     0     0
0.444   4.796  0.220413   6.500   0.0  0.017714  0.003311   4.4 -0.5  0.2  0.2   0.0     0   0.0   0.0   2.8   0.0     0     0
0.413   4.503  0.249017   6.500   0.0  0.024443  0.003743   6.8 -0.5  0.2  0.2   0.0     0   0.0   0.0   2.8   0.0     0     0
0.390   4.277  0.196013   6.500   0.0  0.050868  0.003636  10.3 -0.5  0.2  0.2   0.0     0   0.0   0.0   2.8   0.0     0     0
0.708  23.662  0.025380  19.500   0.0  0.002005  0.000406   1.6  0.5  0.3  0.3   0.0     0   0.0   0.0   2.8   0.0     0     0
0.658  22.121  0.040662  19.500   0.0  0.002015  0.000610   1.8  0.4  0.3  0.3   0.0     0   0.0   0.0   2.8   0.0     0     0
0.610  20.616  0.056751  19.500   0.0  0.002950  0.000851   2.1  0.3  0.3  0.3   0.0     0   0.0   0.0   2.8   0.0     0     0
0.566  19.255  0.078173  19.500   0.0  0.004047  0.001173   2.5  0.2  0.3  0.3   0.0     0   0.0   0.0   2.8   0.0     0     0
0.523  17.890  0.097611  19.500   0.0  0.005595  0.001464   3.1  0.1  0.3  0.3   0.0     0   0.0   0.0   2.8   0.0     0     0
0.476  16.364  0.140367  19.500   0.0  0.009126  0.002106   4.0  0.0  0.3  0.3   0.0     0   0.0   0.0   2.8   0.0     0     0
0.434  15.014  0.160549  19.500   0.0  0.014228  0.002411   5.1 -0.1  0.3  0.3   0.0     0   0.0   0.0   2.8   0.0     0     0
0.729  19.539  0.018199  16.000   0.0  0.001870  0.000291   1.6  0.5  0.3  0.3   0.0     0   0.0   0.0   2.8   0.0     0     0
0.676  18.260  0.036080  16.000   0.0  0.002063  0.000541   1.7  0.4  0.3  0.3   0.0     0   0.0   0.0   2.8   0.0     0     0
0.621  16.913  0.054071  16.000   0.0  0.003540  0.000811   2.1  0.3  0.3  0.3   0.0     0   0.0   0.0   2.8   0.0     0     0
0.571  15.667  0.077985  16.000   0.0  0.004939  0.001170   2.6  0.2  0.3  0.3   0.0     0   0.0   0.0   2.8   0.0     0     0
0.523  14.464  0.106452  16.000   0.0  0.006576  0.001597   3.2  0.1  0.3  0.3   0.0     0   0.0   0.0   2.8   0.0     0     0
0.472  13.136  0.133328  16.000   0.0  0.009340  0.002000   4.2  0.0  0.3  0.3   0.0     0   0.0   0.0   2.8   0.0     0     0
0.432  12.103  0.160225  16.000   0.0  0.015161  0.002407   5.5 -0.1  0.3  0.3   0.0     0   0.0   0.0   2.8   0.0     0     0
0.405  11.394  0.171373  16.000   0.0  0.019805  0.002582   6.5 -0.2  0.3  0.3   0.0     0   0.0   0.0   2.8   0.0     0     0
0.377  10.663  0.118978  16.000   0.0  0.051946  0.003148   8.0 -0.3  0.3  0.3   0.0     0   0.0   0.0   2.8   0.0     0     0
0.740  16.389  0.021475  13.500   0.0  0.002477  0.000344   1.1  0.5  0.3  0.3   0.0     0   0.0   0.0   2.8   0.0     0     0
0.692  15.438  0.035209  13.500   0.0  0.002674  0.000528   1.0  0.4  0.3  0.3   0.0     0   0.0   0.0   2.8   0.0     0     0
0.645  14.517  0.051793  13.500   0.0  0.003333  0.000777   0.9  0.3  0.3  0.3   0.0     0   0.0   0.0   2.8   0.0     0     0
0.595  13.496  0.066947  13.500   0.0  0.004537  0.001004   0.9  0.2  0.3  0.3   0.0     0   0.0   0.0   2.8   0.0     0     0
0.548  12.541  0.099708  13.500   0.0  0.006511  0.001496   1.0  0.1  0.3  0.3   0.0     0   0.0   0.0   2.8   0.0     0     0
0.504  11.619  0.123007  13.500   0.0  0.007968  0.001846   1.2  0.0  0.3  0.3   0.0     0   0.0   0.0   2.8   0.0     0     0
0.466  10.825  0.144859  13.500   0.0  0.008488  0.002173   1.7 -0.1  0.3  0.3   0.0     0   0.0   0.0   2.8   0.0     0     0
0.429  10.024  0.167341  13.500   0.0  0.013030  0.002513   2.6 -0.2  0.3  0.3   0.0     0   0.0   0.0   2.8   0.0     0     0
0.402   9.444  0.163515  13.500   0.0  0.020590  0.002479   3.7 -0.2  0.3  0.3   0.0     0   0.0   0.0   2.8   0.0     0     0
0.741   7.619  0.036989   7.000   0.0  0.005325  0.000555   1.0  0.3  0.2  0.2   0.0     0   0.0   0.0   2.8   0.0     0     0
0.695   7.241  0.044173   7.000   0.0  0.003663  0.000663   0.9  0.2  0.2  0.2   0.0     0   0.0   0.0   2.8   0.0     0     0
0.645   6.819  0.062213   7.000   0.0  0.004757  0.000933   0.8  0.2  0.2  0.2   0.0     0   0.0   0.0   2.8   0.0     0     0
0.587   6.316  0.095580   7.000   0.0  0.006114  0.001434   0.7  0.1  0.2  0.2   0.0     0   0.0   0.0   2.8   0.0     0     0
0.541   5.906  0.120321   7.000   0.0  0.008113  0.001806   0.7  0.0  0.2  0.2   0.0     0   0.0   0.0   2.8   0.0     0     0
0.502   5.545  0.149025   7.000   0.0  0.009278  0.002236   0.7 -0.1  0.2  0.2   0.0     0   0.0   0.0   2.8   0.0     0     0
0.462   5.168  0.169426   7.000   0.0  0.009043  0.002542   0.8 -0.2  0.2  0.2   0.0     0   0.0   0.0   2.8   0.0     0     0
0.422   4.784  0.220605   7.000   0.0  0.011008  0.003310   1.0 -0.2  0.2  0.2   0.0     0   0.0   0.0   2.8   0.0     0     0
0.381   4.374  0.242733   7.000   0.0  0.012154  0.003642   1.6 -0.3  0.2  0.2   0.0     0   0.0   0.0   2.8   0.0     0     0
0.344   4.003  0.246846   7.000   0.0  0.013861  0.003704   2.6 -0.4  0.2  0.2   0.0     0   0.0   0.0   2.8   0.0     0     0
0.310   3.645  0.413503   7.000   0.0  0.151642  0.023249   4.9 -0.5  0.2  0.2   0.0     0   0.0   0.0   2.8   0.0     0     0
0.418   1.680  0.242785  13.500   0.0  0.004516  0.003399   0.6  0.4  0.3  0.3   0.0     0   0.0   0.0   0.0   0.4     0     0
0.363   1.640  0.276635  13.500   0.0  0.005985  0.004150   0.7  0.4  0.3  0.3   0.0     0   0.0   0.0   0.0   0.4     0     0
0.324   1.606  0.308207  13.500   0.0  0.006843  0.004623   0.7  0.4  0.3  0.3   0.0     0   0.0   0.0   0.0   0.4     0     0
0.213   1.457  0.333987  13.500   0.0  0.007233  0.005344   0.7  0.3  0.3  0.3   0.0     0   0.0   0.0   0.0   0.4     0     0
0.134   1.256  0.339506  13.500   0.0  0.007962  0.005093   1.1  0.1  0.3  0.3   0.0     0   0.0   0.0   0.0   0.4     0     0
0.082   1.019  0.314998  13.500   0.0  0.006555  0.004410   1.1 -0.1  0.3  0.3   0.0     0   0.0   0.0   0.0   0.4     0     0
0.063   0.887  0.296041  13.500   0.0  0.006432  0.003849   1.1 -0.2  0.3  0.3   0.0     0   0.0   0.0   0.0   0.4     0     0
0.517   2.375  0.185294  16.000   0.0  0.005329  0.002594   0.8  0.7  0.3  0.3   0.0     0   0.0   0.0   0.0   0.4     0     0
0.447   2.320  0.211724  16.000   0.0  0.005767  0.002752   0.7  0.7  0.3  0.3   0.0     0   0.0   0.0   0.0   0.4     0     0
0.405   2.279  0.247843  16.000   0.0  0.005855  0.003470   0.6  0.6  0.3  0.3   0.0     0   0.0   0.0   0.0   0.4     0     0
0.344   2.206  0.257129  16.000   0.0  0.005903  0.003857   0.6  0.6  0.3  0.3   0.0     0   0.0   0.0   0.0   0.4     0     0
0.281   2.105  0.311584  16.000   0.0  0.005985  0.004674   0.7  0.5  0.3  0.3   0.0     0   0.0   0.0   0.0   0.4     0     0
0.229   1.993  0.329039  16.000   0.0  0.007306  0.004936   0.7  0.4  0.3  0.3   0.0     0   0.0   0.0   0.0   0.4     0     0
0.187   1.869  0.337837  16.000   0.0  0.006799  0.005068   0.7  0.4  0.3  0.3   0.0     0   0.0   0.0   0.0   0.4     0     0
0.152   1.736  0.339728  16.000   0.0  0.006778  0.005096   0.7  0.3  0.3  0.3   0.0     0   0.0   0.0   0.0   0.4     0     0
0.123   1.592  0.337530  16.000   0.0  0.006076  0.004725   0.6  0.2  0.2  0.2   0.0     0   0.0   0.0   0.0   0.4     0     0
0.078   1.272  0.325840  16.000   0.0  0.010304  0.004562   2.5 -0.1  0.3  0.3   0.0     0   0.0   0.0   0.0   0.4     0     0
0.598   3.499  0.114867  19.500   0.0  0.003245  0.002068   1.4  1.0  0.3  0.3   0.0     0   0.0   0.0   0.0   0.4     0     0
0.548   3.450  0.138428  19.500   0.0  0.003458  0.002076   1.1  1.0  0.3  0.3   0.0     0   0.0   0.0   0.0   0.4     0     0
0.493   3.384  0.177007  19.500   0.0  0.004200  0.002478   0.8  1.0  0.3  0.3   0.0     0   0.0   0.0   0.0   0.4     0     0
0.440   3.310  0.208631  19.500   0.0  0.004341  0.002712   0.7  0.9  0.3  0.3   0.0     0   0.0   0.0   0.0   0.4     0     0
0.372   3.189  0.253769  19.500   0.0  0.005050  0.003553   0.6  0.9  0.3  0.3   0.0     0   0.0   0.0   0.0   0.4     0     0
0.313   3.055  0.283735  19.500   0.0  0.005822  0.004256   0.7  0.8  0.3  0.3   0.0     0   0.0   0.0   0.0   0.4     0     0
0.255   2.877  0.315147  19.500   0.0  0.006248  0.004727   0.7  0.7  0.3  0.3   0.0     0   0.0   0.0   0.0   0.4     0     0
0.185   2.576  0.332789  19.500   0.0  0.007359  0.004992   0.6  0.5  0.3  0.3   0.0     0   0.0   0.0   0.0   0.4     0     0
0.153   2.391  0.348699  19.500   0.0  0.007852  0.004882   0.6  0.4  0.3  0.3   0.0     0   0.0   0.0   0.0   0.4     0     0
0.127   2.193  0.338000  19.500   0.0  0.007257  0.004732   0.6  0.3  0.2  0.2   0.0     0   0.0   0.0   0.0   0.4     0     0
0.103   1.983  0.332377  19.500   0.0  0.006306  0.004653   0.6  0.2  0.2  0.2   0.0     0   0.0   0.0   0.0   0.4     0     0
0.083   1.759  0.321766  19.500   0.0  0.009754  0.004183   2.5  0.1  0.2  0.2   0.0     0   0.0   0.0   0.0   0.4     0     0
0.066   1.523  0.333290  19.500   0.0  0.012237  0.004333   2.5 -0.1  0.2  0.2   0.0     0   0.0   0.0   0.0   0.4     0     0
0.770   8.193  0.024311  19.500   0.0  0.001029  0.000729   2.7  0.7  0.3  0.3   0.0     0   0.0   0.0   0.0   0.4     0     0
0.718   8.025  0.036947  19.500   0.0  0.001155  0.000813   1.9  0.7  0.3  0.3   0.0     0   0.0   0.0   0.0   0.4     0     0
0.670   7.851  0.055131  19.500   0.0  0.001456  0.000937   1.5  0.7  0.3  0.3   0.0     0   0.0   0.0   0.0   0.4     0     0
0.610   7.614  0.080790  19.500   0.0  0.001748  0.001131   1.1  0.6  0.3  0.3   0.0     0   0.0   0.0   0.0   0.4     0     0
0.531   7.245  0.125264  19.500   0.0  0.002269  0.001628   0.8  0.5  0.3  0.3   0.0     0   0.0   0.0   0.0   0.4     0     0
0.422   6.606  0.192824  19.500   0.0  0.003444  0.002507   0.6  0.4  0.3  0.3   0.0     0   0.0   0.0   0.0   0.4     0     0
0.350   6.071  0.246757  19.500   0.0  0.004253  0.003208   0.6  0.3  0.3  0.3   0.0     0   0.0   0.0   0.0   0.4     0     0
0.261   5.223  0.293502  19.500   0.0  0.008697  0.003816   2.5  0.1  0.3  0.3   0.0     0   0.0   0.0   0.0   0.4     0     0
0.173   4.084  0.327912  19.500   0.0  0.009661  0.004263   2.5 -0.1  0.2  0.2   0.0     0   0.0   0.0   0.0   0.4     0     0
0.751   7.334  0.031287  13.300   0.0  0.000889  0.000563   2.0  0.0  0.3  0.3   0.0     0   0.0   0.0   0.0   0.4     0     0
0.704   7.148  0.045616  13.300   0.0  0.001083  0.000684   1.6  0.0  0.3  0.3   0.0     0   0.0   0.0   0.0   0.4     0     0
0.660   6.960  0.063698  13.300   0.0  0.001396  0.000828   1.4  0.0  0.3  0.3   0.0     0   0.0   0.0   0.0   0.4     0     0
0.616   6.757  0.082335  13.300   0.0  0.001752  0.001070   1.3  0.0  0.3  0.3   0.0     0   0.0   0.0   0.0   0.4     0     0
0.536   6.341  0.124796  13.300   0.0  0.002455  0.001498   1.2 -0.1  0.3  0.3   0.0     0   0.0   0.0   0.0   0.4     0     0
0.426   5.648  0.199482  13.300   0.0  0.003748  0.002593   1.1 -0.2  0.3  0.3   0.0     0   0.0   0.0   0.0   0.4     0     0
0.353   5.090  0.248901  13.300   0.0  0.004749  0.003236   1.1 -0.2  0.3  0.3   0.0     0   0.0   0.0   0.0   0.4     0     0
0.263   4.252  0.293273  13.300   0.0  0.005360  0.003813   0.5 -0.4  0.2  0.2   0.0     0   0.0   0.0   0.0   0.4     0     0
0.174   3.198  0.341752  13.300   0.0  0.008095  0.004443   0.5 -0.5  0.1  0.1   0.0     0   0.0   0.0   0.0   0.4     0     0
0.802  10.115  0.015468  16.000   0.0  0.000565  0.000371   2.4  0.2  0.3  0.3   0.0     0   0.0   0.0   0.0   0.4     0     0
0.760   9.883  0.024521  16.000   0.0  0.000717  0.000441   1.8  0.2  0.3  0.3   0.0     0   0.0   0.0   0.0   0.4     0     0
0.690   9.468  0.044057  16.000   0.0  0.001128  0.000617   1.6  0.1  0.3  0.3   0.0     0   0.0   0.0   0.0   0.4     0     0
0.607   8.912  0.079092  16.000   0.0  0.001720  0.001028   1.3  0.1  0.3  0.3   0.0     0   0.0   0.0   0.0   0.4     0     0
0.529   8.314  0.123327  16.000   0.0  0.002533  0.001480   1.2  0.0  0.3  0.3   0.0     0   0.0   0.0   0.0   0.4     0     0
0.421   7.332  0.195206  16.000   0.0  0.003933  0.002538   1.1 -0.1  0.3  0.3   0.0     0   0.0   0.0   0.0   0.4     0     0
0.350   6.558  0.249129  16.000   0.0  0.005412  0.003239   1.1 -0.2  0.3  0.3   0.0     0   0.0   0.0   0.0   0.4     0     0
0.262   5.416  0.296272  16.000   0.0  0.005527  0.003852   0.5 -0.3  0.2  0.2   0.0     0   0.0   0.0   0.0   0.4     0     0
0.174   4.018  0.316742  16.000   0.0  0.007004  0.004118   0.9 -0.5  0.1  0.1   0.0     0   0.0   0.0   0.0   0.4     0     0
0.820  13.907  0.009711  19.500   0.0  0.000397  0.000243   2.6  0.3  0.3  0.3   0.0     0   0.0   0.0   0.0   0.4     0     0
0.787  13.638  0.014978  19.500   0.0  0.000508  0.000315   2.1  0.3  0.3  0.3   0.0     0   0.0   0.0   0.0   0.4     0     0
0.749  13.318  0.022529  19.500   0.0  0.000614  0.000383   1.7  0.3  0.3  0.3   0.0     0   0.0   0.0   0.0   0.4     0     0
0.675  12.643  0.044619  19.500   0.0  0.000997  0.000625   1.2  0.2  0.3  0.3   0.0     0   0.0   0.0   0.0   0.4     0     0
0.596  11.844  0.077806  19.500   0.0  0.001769  0.001011   1.3  0.1  0.3  0.3   0.0     0   0.0   0.0   0.0   0.4     0     0
0.521  10.978  0.120528  19.500   0.0  0.002545  0.001567   1.1  0.1  0.3  0.3   0.0     0   0.0   0.0   0.0   0.4     0     0
0.415   9.576  0.194154  19.500   0.0  0.004003  0.002524   1.1 -0.1  0.3  0.3   0.0     0   0.0   0.0   0.0   0.4     0     0
0.222   6.182  0.307136  19.500   0.0  0.005787  0.003993   0.5 -0.4  0.2  0.2   0.0     0   0.0   0.0   0.0   0.4     0     0
0.172   5.056  0.325224  19.500   0.0  0.007445  0.004228   0.9 -0.5  0.2  0.2   0.0     0   0.0   0.0   0.0   0.4     0     0
0.517   2.497  0.165135   6.500   0.0  0.002738  0.001982   0.6 -0.5  0.3  0.3   0.0     0   0.0   0.0   0.0   0.4     0     0
0.485   2.434  0.182066   6.500   0.0  0.003678  0.002367   0.6 -0.5  0.3  0.3   0.0     0   0.0   0.0   0.0   0.4     0     0
0.421   2.292  0.227026   6.500   0.0  0.004271  0.002951   0.6 -0.5  0.2  0.2   0.0     0   0.0   0.0   0.0   0.4     0     0
0.326   2.028  0.277188   6.500   0.0  0.004630  0.003603   0.5 -0.5  0.2  0.2   0.0     0   0.0   0.0   0.0   0.4     0     0
0.243   1.727  0.311770   6.500   0.0  0.005706  0.004053   0.5 -0.6  0.2  0.2   0.0     0   0.0   0.0   0.0   0.4     0     0
0.173   1.395  0.294369   6.500   0.0  0.005924  0.003827   0.5 -0.7  0.1  0.1   0.0     0   0.0   0.0   0.0   0.4     0     0
0.718   6.029  0.044111  10.400   0.0  0.001346  0.000618   1.6 -0.2  0.3  0.3   0.0     0   0.0   0.0   0.0   0.4     0     0
0.653   5.782  0.068883  10.400   0.0  0.002637  0.000895   1.3 -0.2  0.3  0.3   0.0     0   0.0   0.0   0.0   0.4     0     0
0.615   5.624  0.089360  10.400   0.0  0.002984  0.001072   1.2 -0.3  0.3  0.3   0.0     0   0.0   0.0   0.0   0.4     0     0
0.544   5.303  0.126378  10.400   0.0  0.003177  0.001517   1.1 -0.3  0.3  0.3   0.0     0   0.0   0.0   0.0   0.4     0     0
0.432   4.693  0.200039  10.400   0.0  0.004965  0.002601   0.6 -0.4  0.3  0.3   0.0     0   0.0   0.0   0.0   0.4     0     0
0.358   4.208  0.256253  10.400   0.0  0.005314  0.003331   0.5 -0.4  0.2  0.2   0.0     0   0.0   0.0   0.0   0.4     0     0
0.267   3.488  0.295721  10.400   0.0  0.005818  0.003844   0.5 -0.5  0.2  0.2   0.0     0   0.0   0.0   0.0   0.4     0     0
0.176   2.598  0.315023  10.400   0.0  0.008124  0.004095   0.9 -0.6  0.1  0.1   0.0     0   0.0   0.0   0.0   0.4     0     0
0.786   9.198  0.018893  13.300   0.0  0.000625  0.000359   2.1 -0.1  0.3  0.3   0.0     0   0.0   0.0   0.0   0.4     0     0
0.747   8.978  0.028177  13.300   0.0  0.000884  0.000423   1.8 -0.1  0.3  0.3   0.0     0   0.0   0.0   0.0   0.4     0     0
0.690   8.633  0.045495  13.300   0.0  0.001089  0.000591   1.5 -0.1  0.3  0.3   0.0     0   0.0   0.0   0.0   0.4     0     0
0.609   8.098  0.080173  13.300   0.0  0.001875  0.001042   1.2 -0.2  0.3  0.3   0.0     0   0.0   0.0   0.0   0.4     0     0
0.533   7.521  0.122399  13.300   0.0  0.002457  0.001469   1.1 -0.2  0.3  0.3   0.0     0   0.0   0.0   0.0   0.4     0     0
0.424   6.571  0.194833  13.300   0.0  0.004255  0.002533   1.1 -0.3  0.3  0.3   0.0     0   0.0   0.0   0.0   0.4     0     0
0.353   5.836  0.244327  13.300   0.0  0.004905  0.003176   0.5 -0.4  0.2  0.2   0.0     0   0.0   0.0   0.0   0.4     0     0
0.264   4.773  0.293265  13.300   0.0  0.006551  0.003813   0.5 -0.5  0.2  0.2   0.0     0   0.0   0.0   0.0   0.4     0     0
0.176   3.500  0.319274  13.300   0.0  0.008714  0.004151   0.9 -0.6  0.1  0.1   0.0     0   0.0   0.0   0.0   0.4     0     0
0.818  12.405  0.010507  16.000   0.0  0.000402  0.000221   2.5  0.0  0.3  0.3   0.0     0   0.0   0.0   0.0   0.4     0     0
0.763  11.963  0.020828  16.000   0.0  0.000587  0.000333   1.9  0.0  0.3  0.3   0.0     0   0.0   0.0   0.0   0.4     0     0
0.678  11.236  0.044036  16.000   0.0  0.001050  0.000572   1.4 -0.1  0.3  0.3   0.0     0   0.0   0.0   0.0   0.4     0     0
0.599  10.475  0.078324  16.000   0.0  0.001696  0.001018   1.2 -0.1  0.3  0.3   0.0     0   0.0   0.0   0.0   0.4     0     0
0.523   9.656  0.120623  16.000   0.0  0.002621  0.001447   1.1 -0.2  0.3  0.3   0.0     0   0.0   0.0   0.0   0.4     0     0
0.417   8.349  0.190355  16.000   0.0  0.004056  0.002475   1.1 -0.3  0.3  0.3   0.0     0   0.0   0.0   0.0   0.4     0     0
0.347   7.355  0.245140  16.000   0.0  0.004921  0.003187   0.5 -0.4  0.2  0.2   0.0     0   0.0   0.0   0.0   0.4     0     0
0.259   5.941  0.294479  16.000   0.0  0.006371  0.003828   0.5 -0.5  0.2  0.2   0.0     0   0.0   0.0   0.0   0.4     0     0
0.172   4.290  0.305730  16.000   0.0  0.008204  0.003669   0.9 -0.6  0.1  0.1   0.0     0   0.0   0.0   0.0   0.4     0     0
0.860  17.049  0.004473  19.500   0.0  0.000287  0.000125   3.3  0.2  0.3  0.3   0.0     0   0.0   0.0   0.0   0.4     0     0
0.807  16.463  0.010279  19.500   0.0  0.000405  0.000195   2.3  0.1  0.3  0.3   0.0     0   0.0   0.0   0.0   0.4     0     0
0.742  15.706  0.022113  19.500   0.0  0.000711  0.000332   1.7  0.1  0.3  0.3   0.0     0   0.0   0.0   0.0   0.4     0     0
0.670  14.778  0.043196  19.500   0.0  0.001161  0.000562   1.4  0.0  0.3  0.3   0.0     0   0.0   0.0   0.0   0.4     0     0
0.592  13.694  0.075616  19.500   0.0  0.001810  0.000983   1.2 -0.1  0.3  0.3   0.0     0   0.0   0.0   0.0   0.4     0     0
0.517  12.547  0.119851  19.500   0.0  0.002811  0.001558   1.1 -0.1  0.3  0.3   0.0     0   0.0   0.0   0.0   0.4     0     0
0.413  10.743  0.196542  19.500   0.0  0.005019  0.002555   1.1 -0.2  0.3  0.3   0.0     0   0.0   0.0   0.0   0.4     0     0
0.343   9.391  0.233732  19.500   0.0  0.005190  0.003039   0.5 -0.3  0.3  0.3   0.0     0   0.0   0.0   0.0   0.4     0     0
0.257   7.502  0.287480  19.500   0.0  0.007012  0.003737   0.5 -0.4  0.2  0.2   0.0     0   0.0   0.0   0.0   0.4     0     0
0.171   5.350  0.316386  19.500   0.0  0.008525  0.003797   0.9 -0.6  0.2  0.2   0.0     0   0.0   0.0   0.0   0.4     0     0
0.866  19.180  0.003435  19.500   0.0  0.000194  0.000086   3.2  0.0  0.3  0.3   0.0     0   0.0   0.0   0.0   0.4     0     0
0.809  18.400  0.008656  19.500   0.0  0.000306  0.000147   2.2  0.0  0.3  0.3   0.0     0   0.0   0.0   0.0   0.4     0     0
0.740  17.398  0.020565  19.500   0.0  0.000626  0.000288   1.6 -0.1  0.3  0.3   0.0     0   0.0   0.0   0.0   0.4     0     0
0.668  16.264  0.041054  19.500   0.0  0.001133  0.000534   1.4 -0.1  0.3  0.3   0.0     0   0.0   0.0   0.0   0.4     0     0
0.591  14.965  0.073253  19.500   0.0  0.001853  0.000952   1.2 -0.2  0.3  0.3   0.0     0   0.0   0.0   0.0   0.4     0     0
0.516  13.606  0.120153  19.500   0.0  0.002838  0.001562   1.1 -0.3  0.3  0.3   0.0     0   0.0   0.0   0.0   0.4     0     0
0.412  11.516  0.185010  19.500   0.0  0.003810  0.002405   0.6 -0.4  0.3  0.3   0.0     0   0.0   0.0   0.0   0.4     0     0
0.343   9.980  0.233267  19.500   0.0  0.004741  0.003032   0.5 -0.4  0.3  0.3   0.0     0   0.0   0.0   0.0   0.4     0     0
0.257   7.880  0.281576  19.500   0.0  0.005729  0.003379   0.5 -0.5  0.2  0.2   0.0     0   0.0   0.0   0.0   0.4     0     0
0.171   5.548  0.287465  19.500   0.0  0.009212  0.003450   0.9 -0.7  0.2  0.2   0.0     0   0.0   0.0   0.0   0.4     0     0