slac,R,p target
converted from 10064.xlsx
*
 0.0000  1
x     Q2     F2  Ebeam   stat   sys_tot  sys_u         drrc
0.100   0.63  0.223    0.0  0.082  0.053503  0.047    11.463901
0.100   0.80  0.205    0.0  0.179  0.097360  0.094    12.369512
0.100   1.00  0.377    0.0  0.077  0.046811  0.038     7.250796
0.100   1.25  0.445    0.0  0.090  0.039681  0.028     6.318539
0.100   1.60  0.339    0.0  0.055  0.036049  0.024     7.934661
0.100   2.00  0.286    0.0  0.052  0.034280  0.022     9.191958
0.100   2.50  0.475    0.0  0.155  0.083031  0.078     5.992105
0.100   3.20  0.485    0.0  0.188  0.068269  0.062     5.892268
0.175   0.80  0.396    0.0  0.152  0.065117  0.059     6.958081
0.175   1.00  0.203    0.0  0.058  0.041603  0.033    12.480049
0.175   1.25  0.501    0.0  0.099  0.051732  0.043     5.740818
0.175   1.60  0.386    0.0  0.085  0.045265  0.036     7.108549
0.175   2.00  0.248    0.0  0.052  0.036665  0.026    10.424194
0.175   2.50  0.260    0.0  0.052  0.034051  0.022     9.996154
0.175   3.20  0.437    0.0  0.123  0.056448  0.049     6.413158
0.175   4.00  0.223    0.0  0.073  0.050025  0.043    11.463901
0.175   5.00  0.922    0.0  0.361  0.061075  0.051     3.644577
0.250   1.00  0.168    0.0  0.126  0.066825  0.062    14.840476
0.250   1.25  0.405    0.0  0.111  0.056267  0.049     6.829012
0.250   1.60  0.267    0.0  0.061  0.038996  0.029     9.764232
0.250   2.00  0.288    0.0  0.074  0.039158  0.029     9.136111
0.250   2.50  0.223    0.0  0.071  0.037915  0.028    11.463901
0.250   3.20  0.210    0.0  0.053  0.034277  0.023    12.102381
0.250   4.00 -0.020    0.0  0.089  0.033083  0.024  -113.850000
0.250   5.00  0.084    0.0  0.052  0.059079  0.054    28.530952
0.250   6.40  0.696    0.0  0.370  0.093302  0.088     4.454598
0.250   8.00  0.460    0.0  0.403  0.058321  0.051     6.150000
0.325   1.00  0.262    0.0  0.187  0.086981  0.083     9.928626
0.325   1.25  0.767    0.0  0.388  0.191660  0.189     4.148696
0.325   1.60  0.261    0.0  0.104  0.046044  0.038     9.962261
0.325   2.00  0.158    0.0  0.076  0.037415  0.028    15.706962
0.325   2.50  0.197    0.0  0.075  0.036254  0.026    12.825127
0.325   3.20  0.181    0.0  0.082  0.043876  0.036    13.857182
0.325   4.00  0.114    0.0  0.060  0.043440  0.036    21.325439
0.325   5.00  0.085    0.0  0.069  0.035368  0.026    28.208824
0.325   6.40  0.051    0.0  0.061  0.030287  0.019    46.248039
0.325   8.00  0.191    0.0  0.122  0.059589  0.054    13.191885
0.325  10.00  0.110    0.0  0.216  0.048506  0.042    22.059091
0.400   2.00  0.265    0.0  0.160  0.056378  0.050     9.829245
0.400   2.50  0.370    0.0  0.212  0.090215  0.086     7.366216
0.400   3.20  0.218    0.0  0.064  0.040922  0.032    11.700459
0.400   4.00  0.034    0.0  0.065  0.048950  0.043    68.797059
0.400   5.00 -0.021    0.0  0.044  0.052220  0.047  -108.373810
0.400   6.40 -0.028    0.0  0.053  0.027754  0.016   -80.992857
0.400   8.00  0.150    0.0  0.075  0.042852  0.035    16.483333
0.400  10.00  0.124    0.0  0.087  0.050325  0.044    19.698387
0.400  12.50  0.097    0.0  0.171  0.144033  0.142    24.861340
0.475   2.00  0.656    0.0  0.426  0.126736  0.123     4.656098
0.475   2.50  0.094    0.0  0.088  0.036931  0.028    25.618085
0.475   3.20  0.231    0.0  0.090  0.040240  0.031    11.106710
0.475   4.00 -0.001    0.0  0.140  0.040218  0.033 -2298.850000
0.475   5.00  0.076    0.0  0.047  0.055407  0.050    31.413158
0.475   6.40  0.083    0.0  0.098  0.032524  0.022    28.860843
0.475   8.00 -0.070    0.0  0.102  0.039770  0.033   -31.707143
0.475  10.00  0.076    0.0  0.069  0.045727  0.039    31.413158
0.475  12.50  0.146    0.0  0.097  0.088510  0.085    16.903425
0.550   2.50  0.427    0.0  0.370  0.052953  0.045     6.536417
0.550   4.00  0.183    0.0  0.116  0.050658  0.044    13.718306
0.550   5.00  0.074    0.0  0.112  0.053599  0.048    32.231081
0.550   6.40 -0.002    0.0  0.040  0.048754  0.043 -1148.850000
0.550   8.00  0.073    0.0  0.052  0.031118  0.020    32.656849
0.550  10.00  0.067    0.0  0.055  0.050010  0.044    35.478358
0.550  12.50 -0.033    0.0  0.056  0.073564  0.070   -68.546970
0.550  16.00  0.257    0.0  0.134  0.102346  0.099    10.099416
0.625   4.00  0.643    0.0  0.646  0.277669  0.276     4.726983
0.625   5.00  1.087    0.0  1.168  0.276290  0.274     3.265915
0.625   6.40  0.089    0.0  0.037  0.056375  0.051    26.992697
0.625   8.00 -0.030    0.0  0.060  0.032284  0.023   -75.516667
0.625  10.00  0.128    0.0  0.061  0.057471  0.052    19.118750
0.625  12.50  0.059    0.0  0.055  0.040616  0.033    40.133051
0.625  16.00  0.005    0.0  0.075  0.077509  0.074   461.150000
0.700   4.00  0.491    0.0  0.525  0.081220  0.076     5.834318
0.700   6.40  0.081    0.0  0.044  0.052742  0.047    29.545062
0.700   8.00  0.097    0.0  0.052  0.054613  0.049    24.861340
0.700  10.00  0.150    0.0  0.108  0.046177  0.039    16.483333
0.700  12.50  0.030    0.0  0.054  0.040423  0.033    77.816667
0.700  16.00  0.092    0.0  0.069  0.053692  0.048    26.150000
0.700  20.00  0.418    0.0  0.206  0.157475  0.155     6.652392
0.775   6.40  0.129    0.0  0.247  0.048615  0.042    18.979457
0.775   8.00  0.059    0.0  0.046  0.053523  0.048    40.133051
0.775  10.00  0.207    0.0  0.134  0.034931  0.024    12.261111
0.775  12.50  0.042    0.0  0.067  0.046384  0.040    55.911905
0.775  16.00  0.207    0.0  0.087  0.056073  0.050    12.261111
0.775  20.00  0.024    0.0  0.090  0.082358  0.079    96.983333
0.860  10.00  0.467    0.0  0.593  0.113600  0.110     6.075054
0.860  12.50  0.259    0.0  0.177  0.062641  0.057    10.030309
0.860  16.00  0.290    0.0  0.191  0.064611  0.059     9.081034
0.860  20.00  0.099    0.0  0.098  0.063747  0.059    24.382323