slac,R,d target
converted from 10065.xlsx
*
 0.0000  1
x     Q2     F2  Ebeam   stat      sys_tot  sys_u         drrc
0.100   0.63  0.291    0.0  0.086     9.053929  0.052     9.053780
0.100   0.80  0.214    0.0  0.170    11.897989  0.088    11.897664
0.100   1.00  0.294    0.0  0.060     8.973190  0.033     8.973129
0.100   1.25  0.203    0.0  0.076    12.480074  0.025    12.480049
0.100   1.60  0.366    0.0  0.061     7.434192  0.024     7.434153
0.100   2.00  0.285    0.0  0.044     9.220193  0.018     9.220175
0.100   2.50  0.425    0.0  0.133     6.562216  0.077     6.561765
0.100   3.20  0.408    0.0  0.131     6.787538  0.062     6.787255
0.175   0.80  0.217    0.0  0.120    11.749176  0.048    11.749078
0.175   1.00  0.274    0.0  0.057     9.544228  0.036     9.544161
0.175   1.25  0.435    0.0  0.084     6.437463  0.037     6.437356
0.175   1.60  0.349    0.0  0.071     7.740328  0.033     7.740258
0.175   2.00  0.304    0.0  0.055     8.715831  0.027     8.715789
0.175   2.50  0.217    0.0  0.044    11.749097  0.021    11.749078
0.175   3.20  0.331    0.0  0.098     8.098766  0.045     8.098640
0.175   4.00  0.381    0.0  0.082     7.186880  0.044     7.186745
0.175   5.00  0.270    0.0  0.172     9.668765  0.069     9.668519
0.250   1.00  0.225    0.0  0.133    11.372432  0.069    11.372222
0.250   1.25  0.259    0.0  0.075    10.030389  0.040    10.030309
0.250   1.60  0.231    0.0  0.050    11.106748  0.029    11.106710
0.250   2.00  0.275    0.0  0.065     9.513675  0.027     9.513636
0.250   2.50  0.205    0.0  0.061    12.369542  0.027    12.369512
0.250   3.20  0.219    0.0  0.046    11.652304  0.022    11.652283
0.250   4.00  0.176    0.0  0.089    14.218218  0.032    14.218182
0.250   5.00  0.162    0.0  0.065    15.347551  0.025    15.347531
0.250   6.40  0.349    0.0  0.201     7.740475  0.058     7.740258
0.250   8.00  0.266    0.0  0.289     9.796874  0.071     9.796617
0.325   1.00  0.308    0.0  0.189     8.617972  0.087     8.617532
0.325   1.25  0.460    0.0  0.263     6.151311  0.127     6.150000
0.325   1.60  0.334    0.0  0.099     8.036343  0.043     8.036228
0.325   2.00  0.238    0.0  0.065    10.813910  0.031    10.813866
0.325   2.50  0.225    0.0  0.062    11.372257  0.028    11.372222
0.325   3.20  0.205    0.0  0.082    12.369549  0.030    12.369512
0.325   4.00  0.179    0.0  0.059    13.999225  0.042    13.999162
0.325   5.00  0.138    0.0  0.049    17.816677  0.019    17.816667
0.325   6.40 -0.001    0.0  0.062  2298.850000  0.022 -2298.850000
0.325   8.00  0.145    0.0  0.091    17.012128  0.045    17.012069
0.325  10.00  0.448    0.0  0.157     6.284043  0.038     6.283929
0.400   2.00  0.280    0.0  0.093     9.364380  0.042     9.364286
0.400   2.50  0.394    0.0  0.189     6.988093  0.086     6.987563
0.400   3.20  0.208    0.0  0.053    12.207732  0.031    12.207692
0.400   4.00  0.150    0.0  0.067    16.483370  0.035    16.483333
0.400   5.00  0.099    0.0  0.048    24.382348  0.035    24.382323
0.400   6.40  0.074    0.0  0.054    32.231087  0.019    32.231081
0.400   8.00  0.070    0.0  0.053    34.007156  0.030    34.007143
0.400  10.00  0.102    0.0  0.057    23.699036  0.028    23.699020
0.400  12.50 -0.246    0.0  0.115     8.200772  0.139    -8.199593
0.475   2.00  0.134    0.0  0.181    18.314294  0.065    18.314179
0.475   2.50  0.191    0.0  0.079    13.191924  0.032    13.191885
0.475   3.20  0.115    0.0  0.053    21.150017  0.027    21.150000
0.475   4.00  0.222    0.0  0.147    11.510430  0.040    11.510360
0.475   5.00  0.113    0.0  0.045    21.504002  0.029    21.503982
0.475   6.40  0.141    0.0  0.076    17.462071  0.022    17.462057
0.475   8.00  0.057    0.0  0.089    41.500891  0.034    41.500877
0.475  10.00  0.036    0.0  0.051    65.038894  0.025    65.038889
0.475  12.50  0.119    0.0  0.091    20.477813  0.058    20.477731
0.550   2.50  0.116    0.0  0.190    20.977609  0.031    20.977586
0.550   4.00  0.057    0.0  0.071    41.500895  0.038    41.500877
0.550   5.00 -0.029    0.0  0.150    78.160357  0.043   -78.160345
0.550   6.40  0.079    0.0  0.044    30.263952  0.041    30.263924
0.550   8.00  0.119    0.0  0.052    20.477739  0.018    20.477731
0.550  10.00  0.041    0.0  0.050    57.247569  0.031    57.247561
0.550  12.50  0.063    0.0  0.073    37.657949  0.031    37.657937
0.550  16.00  0.158    0.0  0.123    15.707187  0.084    15.706962
0.625   5.00  0.080    0.0  0.257    29.900151  0.095    29.900000
0.625   6.40  0.098    0.0  0.039    24.619445  0.053    24.619388
0.625   8.00  0.171    0.0  0.073    14.600305  0.019    14.600292
0.625  10.00  0.024    0.0  0.050    96.983341  0.039    96.983333
0.625  12.50 -0.025    0.0  0.043    90.850005  0.029   -90.850000
0.625  16.00 -0.068    0.0  0.051    32.673581  0.058   -32.673529
0.700   4.00  0.125    0.0  0.153    19.550069  0.052    19.550000
0.700   5.00  0.178    0.0  0.171    14.071352  0.010    14.071348
0.700   6.40  0.075    0.0  0.043    31.816700  0.046    31.816667
0.700   8.00  0.164    0.0  0.066    15.174505  0.059    15.174390
0.700  10.00  0.055    0.0  0.074    42.968192  0.030    42.968182
0.700  12.50  0.111    0.0  0.053    21.870750  0.036    21.870721
0.700  16.00  0.027    0.0  0.056    86.335198  0.047    86.335185
0.700  20.00  0.022    0.0  0.143   105.695534  0.130   105.695455
0.775   6.40 -0.041    0.0  0.169    54.947576  0.041   -54.947561
0.775   8.00  0.103    0.0  0.056    23.480157  0.053    23.480097
0.775  10.00  0.065    0.0  0.086    36.534622  0.022    36.534615
0.775  12.50  0.033    0.0  0.059    70.846982  0.041    70.846970
0.775  16.00  0.114    0.0  0.071    21.325500  0.051    21.325439
0.775  20.00  0.066    0.0  0.083    35.998585  0.085    35.998485
0.860  10.00  0.484    0.0  0.557     5.902982  0.104     5.902066
0.860  12.50  0.265    0.0  0.155     9.829435  0.061     9.829245
0.860  16.00 -0.049    0.0  0.102    45.788804  0.051   -45.788776
0.860  20.00  0.070    0.0  0.084    34.007198  0.061    34.007143