slac,F2,p target
converted from 10010.xlsx
*
 0.0210  13
x      Q2       F2   Ebeam      stat   sys_tot     sys_u   dsy  dse  drc  dn1  1dn2  2dn2  3dn2  4dn2  5dn2  6dn2  7dn2  8dn2  dfsz
0.274   0.904  0.30016  10.027  0.002401  0.007629  0.006904   0.7 -0.3  0.5  0.5   0.3   0.0   0.0   0.0   0.0   0.0   0.0   0.0   0.0
0.224   0.870  0.32066  10.027  0.001924  0.008150  0.007375   0.7 -0.3  0.5  0.5   0.3   0.0   0.0   0.0   0.0   0.0   0.0   0.0   0.0
0.177   0.824  0.32355  10.027  0.001941  0.007985  0.007118   0.7 -0.4  0.5  0.5   0.3   0.0   0.0   0.0   0.0   0.0   0.0   0.0   0.1
0.153   0.794  0.32693  10.027  0.005231  0.007750  0.006866   0.6 -0.5  0.5  0.5   0.3   0.0   0.0   0.0   0.0   0.0   0.0   0.0   0.1
0.119   0.737  0.31220  10.027  0.006556  0.007558  0.006556   0.8 -0.6  0.4  0.4   0.3   0.0   0.0   0.0   0.0   0.0   0.0   0.0   0.2
0.090   0.666  0.30119  10.027  0.005723  0.007191  0.006024   0.8 -0.7  0.4  0.4   0.3   0.0   0.0   0.0   0.0   0.0   0.0   0.0   0.4
0.067   0.586  0.27682  10.027  0.004706  0.006678  0.005260   0.7 -0.9  0.3  0.3   0.3   0.0   0.0   0.0   0.0   0.0   0.0   0.0   0.8
0.417   1.685  0.23967  13.549  0.001917  0.004871  0.004554   0.4  0.3  0.3  0.3   0.3   0.0   0.0   0.0   0.0   0.0   0.0   0.0   0.0
0.365   1.647  0.27490  13.549  0.001924  0.005902  0.005498   0.5  0.3  0.3  0.3   0.3   0.0   0.0   0.0   0.0   0.0   0.0   0.0   0.0
0.315   1.601  0.29547  13.549  0.001773  0.006587  0.006205   0.5  0.2  0.3  0.3   0.3   0.0   0.0   0.0   0.0   0.0   0.0   0.0   0.0
0.271   1.552  0.31447  13.549  0.002201  0.007088  0.006604   0.6  0.2  0.3  0.3   0.3   0.0   0.0   0.0   0.0   0.0   0.0   0.0   0.0
0.209   1.455  0.33159  13.549  0.006963  0.007452  0.006963   0.6  0.0  0.3  0.3   0.3   0.0   0.0   0.0   0.0   0.0   0.0   0.0   0.1
0.168   1.363  0.34548  13.549  0.007601  0.007771  0.007255   0.6 -0.1  0.3  0.3   0.3   0.0   0.0   0.0   0.0   0.0   0.0   0.0   0.1
0.132   1.256  0.32928  13.549  0.007244  0.007062  0.006586   0.5 -0.2  0.3  0.3   0.3   0.0   0.0   0.0   0.0   0.0   0.0   0.0   0.2
0.104   1.141  0.32845  13.549  0.005912  0.007151  0.006569   0.5 -0.4  0.2  0.2   0.3   0.0   0.0   0.0   0.0   0.0   0.0   0.0   0.4
0.081   1.019  0.32385  13.549  0.007125  0.007505  0.006153   0.7 -0.6  0.3  0.3   0.3   0.0   0.0   0.0   0.0   0.0   0.0   0.0   0.8
0.503   2.377  0.17809  16.075  0.001959  0.003782  0.003206   0.6  0.8  0.3  0.3   0.3   0.0   0.0   0.0   0.0   0.0   0.0   0.0   0.0
0.450   2.334  0.21125  16.075  0.002112  0.004309  0.003803   0.4  0.7  0.3  0.3   0.3   0.0   0.0   0.0   0.0   0.0   0.0   0.0   0.0
0.396   2.281  0.25099  16.075  0.002259  0.005342  0.004769   0.4  0.7  0.3  0.3   0.3   0.0   0.0   0.0   0.0   0.0   0.0   0.0   0.0
0.347   2.221  0.27517  16.075  0.001926  0.006022  0.005503   0.4  0.6  0.3  0.3   0.3   0.0   0.0   0.0   0.0   0.0   0.0   0.0   0.0
0.282   2.116  0.31261  16.075  0.004377  0.007122  0.006565   0.5  0.5  0.3  0.3   0.3   0.0   0.0   0.0   0.0   0.0   0.0   0.0   0.1
0.226   1.995  0.33441  16.075  0.006688  0.007500  0.007023   0.5  0.3  0.3  0.3   0.3   0.0   0.0   0.0   0.0   0.0   0.0   0.0   0.1
0.185   1.872  0.33393  16.075  0.007013  0.007162  0.006679   0.5  0.2  0.3  0.3   0.3   0.0   0.0   0.0   0.0   0.0   0.0   0.0   0.2
0.150   1.738  0.34879  16.075  0.006976  0.007448  0.006976   0.5  0.0  0.3  0.3   0.3   0.0   0.0   0.0   0.0   0.0   0.0   0.0   0.2
0.122   1.594  0.34326  16.075  0.007552  0.007298  0.006865   0.5 -0.1  0.2  0.2   0.3   0.0   0.0   0.0   0.0   0.0   0.0   0.0   0.3
0.098   1.440  0.34013  16.075  0.007483  0.007118  0.006462   0.4 -0.3  0.3  0.3   0.3   0.0   0.0   0.0   0.0   0.0   0.0   0.0   0.5
0.077   1.275  0.34363  16.075  0.007216  0.007760  0.006529   0.4 -0.5  0.3  0.3   0.3   0.0   0.0   0.0   0.0   0.0   0.0   0.0   0.9
0.063   1.136  0.32321  16.075  0.007111  0.008125  0.006141   0.7 -0.6  0.2  0.2   0.3   0.0   0.0   0.0   0.0   0.0   0.0   0.0   1.3
0.596   3.500  0.11615  19.544  0.001510  0.003424  0.002671   1.2  1.3  0.3  0.3   0.3   0.0   0.0   0.0   0.0   0.0   0.0   0.0   0.0
0.542   3.446  0.14308  19.544  0.001717  0.003723  0.002862   0.9  1.3  0.3  0.3   0.3   0.0   0.0   0.0   0.0   0.0   0.0   0.0   0.0
0.490   3.383  0.17846  19.544  0.002142  0.004112  0.003212   0.6  1.2  0.3  0.3   0.3   0.0   0.0   0.0   0.0   0.0   0.0   0.0   0.0
0.441   3.313  0.21499  19.544  0.002365  0.004860  0.003870   0.4  1.2  0.3  0.3   0.3   0.0   0.0   0.0   0.0   0.0   0.0   0.0   0.0
0.372   3.191  0.25352  19.544  0.004817  0.005814  0.004817   0.4  1.1  0.3  0.3   0.3   0.0   0.0   0.0   0.0   0.0   0.0   0.0   0.1
0.309   3.047  0.29241  19.544  0.005848  0.006757  0.005848   0.5  0.9  0.3  0.3   0.3   0.0   0.0   0.0   0.0   0.0   0.0   0.0   0.1
0.239   2.818  0.32459  19.544  0.004869  0.007294  0.006492   0.5  0.7  0.3  0.3   0.3   0.0   0.0   0.0   0.0   0.0   0.0   0.0   0.2
0.183   2.569  0.34746  19.544  0.007644  0.007660  0.006949   0.5  0.5  0.3  0.3   0.3   0.0   0.0   0.0   0.0   0.0   0.0   0.0   0.3
0.152   2.382  0.35876  19.544  0.007893  0.007835  0.007175   0.5  0.3  0.3  0.3   0.3   0.0   0.0   0.0   0.0   0.0   0.0   0.0   0.4
0.126   2.188  0.36489  19.544  0.007298  0.007397  0.006933   0.4  0.1  0.2  0.2   0.3   0.0   0.0   0.0   0.0   0.0   0.0   0.0   0.4
0.107   2.017  0.35363  19.544  0.007426  0.007239  0.006719   0.4  0.0  0.2  0.2   0.3   0.0   0.0   0.0   0.0   0.0   0.0   0.0   0.5
0.090   1.845  0.36392  19.544  0.007642  0.007668  0.006914   0.4 -0.2  0.3  0.3   0.3   0.0   0.0   0.0   0.0   0.0   0.0   0.0   0.6
0.075   1.658  0.35448  19.544  0.007799  0.008005  0.006735   0.4 -0.4  0.2  0.2   0.3   0.0   0.0   0.0   0.0   0.0   0.0   0.0   1.0
0.320   1.104  0.27664   7.019  0.003873  0.006622  0.005533   0.8 -0.9  0.3  0.3   0.3   0.0   0.0   0.0   0.0   0.0   0.0   0.0   0.1
0.270   1.053  0.30144   7.019  0.003617  0.007216  0.006029   0.8 -0.9  0.3  0.3   0.3   0.0   0.0   0.0   0.0   0.0   0.0   0.0   0.1
0.240   1.016  0.30967   7.019  0.006813  0.007535  0.006193   0.8 -1.0  0.3  0.3   0.3   0.0   0.0   0.0   0.0   0.0   0.0   0.0   0.1
0.177   0.912  0.32512   7.019  0.006502  0.008160  0.006502   0.8 -1.1  0.4  0.4   0.3   0.0   0.0   0.0   0.0   0.0   0.0   0.0   0.2
0.127   0.791  0.31725   7.019  0.006345  0.007594  0.006028   0.4 -1.2  0.3  0.3   0.3   0.0   0.0   0.0   0.0   0.0   0.0   0.0   0.5
0.089   0.657  0.29204   7.019  0.005841  0.007576  0.005549   0.4 -1.3  0.3  0.3   0.3   0.0   0.0   0.0   0.0   0.0   0.0   0.0   1.0
0.454   1.871  0.22037   9.022  0.005950  0.004607  0.003967   0.7 -0.6  0.3  0.3   0.3   0.0   0.0   0.0   0.0   0.0   0.0   0.0   0.1
0.348   1.741  0.27128   9.022  0.006239  0.005987  0.005154   0.7 -0.7  0.3  0.3   0.3   0.0   0.0   0.0   0.0   0.0   0.0   0.0   0.1
0.214   1.469  0.33795   9.022  0.008449  0.007721  0.006421   0.7 -0.9  0.3  0.3   0.3   0.0   0.0   0.0   0.0   0.0   0.0   0.0   0.2
0.120   1.115  0.33700   9.022  0.009436  0.008234  0.006403   0.7 -1.1  0.2  0.2   0.3   0.0   0.0   0.0   0.0   0.0   0.0   0.0   0.7
0.539   2.762  0.15260  10.998  0.001526  0.003041  0.002747   0.6 -0.3  0.3  0.3   0.3   0.0   0.0   0.0   0.0   0.0   0.0   0.0   0.1
0.489   2.693  0.18149  10.998  0.001815  0.003566  0.003267   0.5 -0.3  0.3  0.3   0.3   0.0   0.0   0.0   0.0   0.0   0.0   0.0   0.1
0.440   2.616  0.21158  10.998  0.002116  0.004146  0.003808   0.4 -0.4  0.3  0.3   0.3   0.0   0.0   0.0   0.0   0.0   0.0   0.0   0.1
0.376   2.494  0.25243  10.998  0.004796  0.005179  0.004796   0.4 -0.4  0.3  0.3   0.3   0.0   0.0   0.0   0.0   0.0   0.0   0.0   0.1
0.297   2.297  0.30233  10.998  0.006349  0.006603  0.005744   0.7 -0.6  0.3  0.3   0.3   0.0   0.0   0.0   0.0   0.0   0.0   0.0   0.2
0.237   2.098  0.33396  10.998  0.007347  0.007430  0.006345   0.7 -0.7  0.3  0.3   0.3   0.0   0.0   0.0   0.0   0.0   0.0   0.0   0.3
0.187   1.880  0.34220  10.998  0.007871  0.007705  0.006502   0.7 -0.8  0.2  0.2   0.3   0.0   0.0   0.0   0.0   0.0   0.0   0.0   0.4
0.144   1.644  0.34421  10.998  0.008261  0.008087  0.006540   0.7 -1.0  0.2  0.2   0.3   0.0   0.0   0.0   0.0   0.0   0.0   0.0   0.5
0.108   1.388  0.33206  10.998  0.007969  0.008038  0.005977   0.7 -1.1  0.1  0.1   0.3   0.0   0.0   0.0   0.0   0.0   0.0   0.0   0.9
0.077   1.114  0.32474  10.998  0.008118  0.009898  0.005845   0.8 -1.3  0.1  0.1   0.3   0.0   0.0   0.0   0.0   0.0   0.0   0.0   1.9
0.638   4.148  0.09100  13.545  0.001456  0.002134  0.001820   1.1  0.1  0.3  0.3   0.3   0.0   0.0   0.0   0.0   0.0   0.0   0.0   0.1
0.580   4.045  0.11591  13.545  0.002666  0.002364  0.002086   0.8  0.0  0.3  0.3   0.3   0.0   0.0   0.0   0.0   0.0   0.0   0.0   0.1
0.553   3.991  0.12534  13.545  0.008272  0.002510  0.002256   0.7  0.0  0.3  0.3   0.3   0.0   0.0   0.0   0.0   0.0   0.0   0.0   0.1
0.471   3.804  0.18311  13.545  0.004028  0.003560  0.003296   0.5 -0.1  0.3  0.3   0.3   0.0   0.0   0.0   0.0   0.0   0.0   0.0   0.1
0.398   3.594  0.23489  13.545  0.004933  0.004549  0.004228   0.4 -0.2  0.3  0.3   0.3   0.0   0.0   0.0   0.0   0.0   0.0   0.0   0.2
0.332   3.357  0.28093  13.545  0.006461  0.005737  0.005338   0.4 -0.3  0.3  0.3   0.3   0.0   0.0   0.0   0.0   0.0   0.0   0.0   0.2
0.273   3.092  0.30827  13.545  0.007090  0.006385  0.005857   0.4 -0.4  0.3  0.3   0.3   0.0   0.0   0.0   0.0   0.0   0.0   0.0   0.3
0.224   2.819  0.33113  13.545  0.008278  0.007315  0.006291   0.7 -0.6  0.2  0.2   0.3   0.0   0.0   0.0   0.0   0.0   0.0   0.0   0.5
0.179   2.509  0.34092  13.545  0.008523  0.007811  0.006477   0.7 -0.7  0.2  0.2   0.3   0.0   0.0   0.0   0.0   0.0   0.0   0.0   0.7
0.142   2.189  0.34797  13.545  0.008699  0.008049  0.006263   0.7 -0.9  0.2  0.2   0.3   0.0   0.0   0.0   0.0   0.0   0.0   0.0   0.8
0.108   1.834  0.36327  13.545  0.009082  0.008635  0.006539   0.7 -1.0  0.1  0.1   0.3   0.0   0.0   0.0   0.0   0.0   0.0   0.0   0.9
0.084   1.542  0.33888  13.545  0.009150  0.009579  0.006100   0.8 -1.2  0.1  0.1   0.3   0.0   0.0   0.0   0.0   0.0   0.0   0.0   1.6
0.692   5.180  0.06271  15.204  0.002759  0.001849  0.001505   1.6  0.3  0.3  0.3   0.3   0.0   0.0   0.0   0.0   0.0   0.0   0.0   0.1
0.601   4.982  0.10437  15.204  0.003027  0.002272  0.001983   0.9  0.2  0.3  0.3   0.3   0.0   0.0   0.0   0.0   0.0   0.0   0.0   0.1
0.530   4.796  0.14042  15.204  0.002808  0.002780  0.002528   0.6  0.1  0.3  0.3   0.3   0.0   0.0   0.0   0.0   0.0   0.0   0.0   0.2
0.454   4.553  0.19577  15.204  0.004503  0.003771  0.003524   0.4  0.0  0.3  0.3   0.3   0.0   0.0   0.0   0.0   0.0   0.0   0.0   0.2
0.387   4.294  0.23110  15.204  0.005546  0.004457  0.004160   0.4 -0.1  0.3  0.3   0.3   0.0   0.0   0.0   0.0   0.0   0.0   0.0   0.2
0.328   4.014  0.28058  15.204  0.005331  0.005730  0.005331   0.4 -0.2  0.3  0.3   0.3   0.0   0.0   0.0   0.0   0.0   0.0   0.0   0.3
0.274   3.699  0.30358  15.204  0.007286  0.006288  0.005768   0.4 -0.3  0.3  0.3   0.3   0.0   0.0   0.0   0.0   0.0   0.0   0.0   0.4
0.227   3.373  0.33368  15.204  0.008342  0.007118  0.006340   0.4 -0.5  0.2  0.2   0.3   0.0   0.0   0.0   0.0   0.0   0.0   0.0   0.6
0.185   3.013  0.36625  15.204  0.009156  0.008408  0.006959   0.7 -0.6  0.2  0.2   0.3   0.0   0.0   0.0   0.0   0.0   0.0   0.0   0.8
0.147   2.631  0.35421  15.204  0.009209  0.008494  0.006376   0.7 -0.8  0.2  0.2   0.3   0.0   0.0   0.0   0.0   0.0   0.0   0.0   1.1
0.120   2.305  0.35712  15.204  0.009285  0.008813  0.006428   0.7 -0.9  0.1  0.1   0.3   0.0   0.0   0.0   0.0   0.0   0.0   0.0   1.2
0.096   1.968  0.35394  15.204  0.009556  0.009364  0.006371   1.0 -1.1  0.1  0.1   0.3   0.0   0.0   0.0   0.0   0.0   0.0   0.0   1.2
0.743   6.873  0.03517  17.706  0.001934  0.001394  0.001125   2.2  0.6  0.3  0.3   0.3   0.0   0.0   0.0   0.0   0.0   0.0   0.0   0.1
0.690   6.729  0.05328  17.706  0.001652  0.001570  0.001279   1.5  0.6  0.3  0.3   0.3   0.0   0.0   0.0   0.0   0.0   0.0   0.0   0.2
0.662   6.647  0.05917  17.706  0.010887  0.001576  0.001302   1.3  0.5  0.3  0.3   0.3   0.0   0.0   0.0   0.0   0.0   0.0   0.0   0.2
0.599   6.441  0.09594  17.706  0.002974  0.002141  0.001823   0.9  0.5  0.3  0.3   0.3   0.0   0.0   0.0   0.0   0.0   0.0   0.0   0.2
0.528   6.174  0.13006  17.706  0.003642  0.002624  0.002341   0.6  0.4  0.3  0.3   0.3   0.0   0.0   0.0   0.0   0.0   0.0   0.0   0.2
0.465   5.894  0.17991  17.706  0.004318  0.003571  0.003238   0.5  0.3  0.3  0.3   0.3   0.0   0.0   0.0   0.0   0.0   0.0   0.0   0.3
0.404   5.569  0.21761  17.706  0.005440  0.004225  0.003917   0.4  0.1  0.3  0.3   0.3   0.0   0.0   0.0   0.0   0.0   0.0   0.0   0.3
0.347   5.215  0.25488  17.706  0.006117  0.004988  0.004588   0.4  0.0  0.3  0.3   0.3   0.0   0.0   0.0   0.0   0.0   0.0   0.0   0.4
0.297   4.845  0.28623  17.706  0.006870  0.005935  0.005438   0.4 -0.1  0.3  0.3   0.3   0.0   0.0   0.0   0.0   0.0   0.0   0.0   0.5
0.251   4.446  0.31369  17.706  0.008156  0.006647  0.005960   0.4 -0.3  0.3  0.3   0.3   0.0   0.0   0.0   0.0   0.0   0.0   0.0   0.6
0.208   4.003  0.33321  17.706  0.008330  0.006966  0.005998   0.4 -0.4  0.2  0.2   0.3   0.0   0.0   0.0   0.0   0.0   0.0   0.0   0.8
0.178   3.649  0.34573  17.706  0.008989  0.008086  0.006223   0.7 -0.6  0.2  0.2   0.3   0.0   0.0   0.0   0.0   0.0   0.0   0.0   1.1
0.150   3.265  0.35661  17.706  0.009628  0.008986  0.006419   0.7 -0.7  0.2  0.2   0.3   0.0   0.0   0.0   0.0   0.0   0.0   0.0   1.4
0.122   2.851  0.36177  17.706  0.009768  0.009934  0.006512   0.7 -0.9  0.1  0.1   0.3   0.0   0.0   0.0   0.0   0.0   0.0   0.0   1.7
0.099   2.438  0.38122  17.706  0.010293  0.010943  0.006862   1.0 -1.0  0.1  0.1   0.3   0.0   0.0   0.0   0.0   0.0   0.0   0.0   1.7
0.077   2.009  0.37937  17.706  0.011381  0.011170  0.006829   0.8 -1.2  0.1  0.1   0.3   0.0   0.0   0.0   0.0   0.0   0.0   0.0   1.8
0.764   8.067  0.02465   19.35  0.000912  0.001087  0.000863   2.5  0.8  0.3  0.3   0.3   0.0   0.0   0.0   0.0   0.0   0.0   0.0   0.2
0.716   7.914  0.03698   19.35  0.001109  0.001253  0.000998   1.8  0.8  0.3  0.3   0.3   0.0   0.0   0.0   0.0   0.0   0.0   0.0   0.2
0.645   7.656  0.06626   19.35  0.001590  0.001709  0.001391   1.2  0.7  0.3  0.3   0.3   0.0   0.0   0.0   0.0   0.0   0.0   0.0   0.2
0.571   7.348  0.10294   19.35  0.002368  0.002208  0.001853   0.8  0.6  0.3  0.3   0.3   0.0   0.0   0.0   0.0   0.0   0.0   0.0   0.3
0.508   7.037  0.14264   19.35  0.003281  0.002927  0.002568   0.6  0.5  0.3  0.3   0.3   0.0   0.0   0.0   0.0   0.0   0.0   0.0   0.3
0.447   6.691  0.18475   19.35  0.004249  0.003625  0.003326   0.4  0.3  0.3  0.3   0.3   0.0   0.0   0.0   0.0   0.0   0.0   0.0   0.3
0.393   6.328  0.21957   19.35  0.005270  0.004319  0.003952   0.4  0.2  0.3  0.3   0.3   0.0   0.0   0.0   0.0   0.0   0.0   0.0   0.4
0.341   5.931  0.26182   19.35  0.006284  0.005190  0.004713   0.4  0.1  0.3  0.3   0.3   0.0   0.0   0.0   0.0   0.0   0.0   0.0   0.5
0.293   5.498  0.28716   19.35  0.006892  0.005772  0.005169   0.4 -0.1  0.3  0.3   0.3   0.0   0.0   0.0   0.0   0.0   0.0   0.0   0.6
0.248   5.032  0.31681   19.35  0.007603  0.006493  0.005703   0.4 -0.2  0.3  0.3   0.3   0.0   0.0   0.0   0.0   0.0   0.0   0.0   0.7
0.215   4.634  0.31944   19.35  0.007986  0.006678  0.005750   0.4 -0.4  0.2  0.2   0.3   0.0   0.0   0.0   0.0   0.0   0.0   0.0   0.8
0.185   4.219  0.34692   19.35  0.008673  0.007616  0.006245   0.4 -0.5  0.2  0.2   0.3   0.0   0.0   0.0   0.0   0.0   0.0   0.0   1.0
0.157   3.804  0.35328   19.35  0.008832  0.008811  0.006359   0.7 -0.6  0.2  0.2   0.3   0.0   0.0   0.0   0.0   0.0   0.0   0.0   1.4
0.131   3.355  0.33947   19.35  0.008826  0.009656  0.006110   0.7 -0.8  0.1  0.1   0.3   0.0   0.0   0.0   0.0   0.0   0.0   0.0   1.9
0.107   2.888  0.36865   19.35  0.008479  0.011517  0.006636   1.0 -1.0  0.1  0.1   0.3   0.0   0.0   0.0   0.0   0.0   0.0   0.0   2.1
0.083   2.386  0.35900   19.35  0.010052  0.011100  0.006462   1.0 -1.1  0.1  0.1   0.3   0.0   0.0   0.0   0.0   0.0   0.0   0.0   2.0
0.337   1.171  0.27603   4.504  0.001656  0.003111  0.002484   0.5 -0.2  0.2  0.2   0.0   0.0   0.0   0.0   0.0   0.0   0.0   0.0   0.3
0.293   1.103  0.29838   4.504  0.001492  0.003428  0.002685   0.5 -0.3  0.2  0.2   0.0   0.0   0.0   0.0   0.0   0.0   0.0   0.0   0.3
0.260   1.043  0.31265   4.504  0.002189  0.003592  0.002814   0.5 -0.3  0.2  0.2   0.0   0.0   0.0   0.0   0.0   0.0   0.0   0.0   0.3
0.235   0.994  0.31662   4.504  0.003799  0.003865  0.002850   0.5 -0.4  0.3  0.3   0.0   0.0   0.0   0.0   0.0   0.0   0.0   0.0   0.3
0.188   0.884  0.32581   4.504  0.003910  0.004185  0.002932   0.4 -0.5  0.3  0.3   0.0   0.0   0.0   0.0   0.0   0.0   0.0   0.0   0.5
0.150   0.773  0.31477   4.504  0.003777  0.004507  0.002833   0.4 -0.6  0.2  0.2   0.0   0.0   0.0   0.0   0.0   0.0   0.0   0.0   0.8
0.118   0.663  0.30610   4.504  0.003979  0.005501  0.002755   0.4 -0.7  0.2  0.2   0.0   0.0   0.0   0.0   0.0   0.0   0.0   0.0   1.3
0.521   2.514  0.16653   6.509  0.001832  0.002033  0.001499   0.5  0.4  0.3  0.3   0.0   0.0   0.0   0.0   0.0   0.0   0.0   0.0   0.3
0.485   2.443  0.18411   6.509  0.003130  0.002247  0.001657   0.5  0.4  0.3  0.3   0.0   0.0   0.0   0.0   0.0   0.0   0.0   0.0   0.3
0.409   2.269  0.23344   6.509  0.003035  0.002631  0.002101   0.5  0.2  0.2  0.2   0.0   0.0   0.0   0.0   0.0   0.0   0.0   0.0   0.3
0.355   2.121  0.26983   6.509  0.003508  0.002894  0.002428   0.4  0.1  0.2  0.2   0.0   0.0   0.0   0.0   0.0   0.0   0.0   0.0   0.3
0.300   1.946  0.29360   6.509  0.003817  0.003230  0.002642   0.4  0.0  0.2  0.2   0.0   0.0   0.0   0.0   0.0   0.0   0.0   0.0   0.4
0.253   1.772  0.32733   6.509  0.003928  0.003746  0.002946   0.4 -0.1  0.2  0.2   0.0   0.0   0.0   0.0   0.0   0.0   0.0   0.0   0.5
0.202   1.545  0.32751   6.509  0.003930  0.003930  0.002948   0.4 -0.3  0.1  0.1   0.0   0.0   0.0   0.0   0.0   0.0   0.0   0.0   0.6
0.179   1.430  0.32510   6.509  0.004226  0.003995  0.002926   0.4 -0.4  0.1  0.1   0.0   0.0   0.0   0.0   0.0   0.0   0.0   0.0   0.6
0.157   1.313  0.33791   6.509  0.004393  0.004633  0.003041   0.4 -0.5  0.1  0.1   0.0   0.0   0.0   0.0   0.0   0.0   0.0   0.0   0.8
0.102   0.958  0.32012   6.509  0.006402  0.007769  0.002881   0.4 -0.7  0.1  0.1   0.0   0.0   0.0   0.0   0.0   0.0   0.0   0.0   2.1
0.649   4.297  0.08494   8.614  0.000849  0.001449  0.000849   0.8  1.0  0.3  0.3   0.0   0.0   0.0   0.0   0.0   0.0   0.0   0.0   0.3
0.606   4.175  0.10065   8.614  0.001510  0.001553  0.000906   0.7  0.9  0.3  0.3   0.0   0.0   0.0   0.0   0.0   0.0   0.0   0.0   0.3
0.540   3.967  0.13808   8.614  0.001381  0.001991  0.001243   0.6  0.8  0.3  0.3   0.0   0.0   0.0   0.0   0.0   0.0   0.0   0.0   0.3
0.475   3.733  0.18281   8.614  0.002011  0.002425  0.001645   0.5  0.6  0.3  0.3   0.0   0.0   0.0   0.0   0.0   0.0   0.0   0.0   0.4
0.409   3.465  0.22460   8.614  0.002695  0.002796  0.002021   0.5  0.5  0.2  0.2   0.0   0.0   0.0   0.0   0.0   0.0   0.0   0.0   0.4
0.346   3.163  0.26887   8.614  0.003226  0.003170  0.002420   0.4  0.3  0.2  0.2   0.0   0.0   0.0   0.0   0.0   0.0   0.0   0.0   0.5
0.298   2.899  0.30317   8.614  0.003335  0.003651  0.002729   0.4  0.2  0.2  0.2   0.0   0.0   0.0   0.0   0.0   0.0   0.0   0.0   0.6
0.267   2.712  0.31102   8.614  0.004976  0.004055  0.002799   0.4  0.1  0.2  0.2   0.0   0.0   0.0   0.0   0.0   0.0   0.0   0.0   0.8
0.236   2.499  0.33630   8.614  0.004036  0.004587  0.003027   0.4  0.0  0.2  0.2   0.0   0.0   0.0   0.0   0.0   0.0   0.0   0.0   0.9
0.209   2.308  0.34507   8.614  0.004141  0.005130  0.003106   0.4 -0.1  0.1  0.1   0.0   0.0   0.0   0.0   0.0   0.0   0.0   0.0   1.1
0.189   2.149  0.35001   8.614  0.004550  0.005501  0.003150   0.4 -0.2  0.1  0.1   0.0   0.0   0.0   0.0   0.0   0.0   0.0   0.0   1.2
0.167   1.966  0.34082   8.614  0.007498  0.005410  0.003067   0.4 -0.3  0.1  0.1   0.0   0.0   0.0   0.0   0.0   0.0   0.0   0.0   1.2
0.150   1.823  0.35465   8.614  0.007448  0.005448  0.003192   0.4 -0.4  0.1  0.1   0.0   0.0   0.0   0.0   0.0   0.0   0.0   0.0   1.1
0.136   1.690  0.34317   8.614  0.007207  0.005371  0.003089   0.4 -0.5  0.1  0.1   0.0   0.0   0.0   0.0   0.0   0.0   0.0   0.0   1.1
0.095   1.268  0.32703   8.614  0.012427  0.008496  0.002943   0.4 -0.7  0.0  0.0   0.0   0.0   0.0   0.0   0.0   0.0   0.0   0.0   2.3
0.742   6.115  0.03750  10.392  0.001575  0.000890  0.000450   1.4  1.4  0.3  0.3   0.0   0.0   0.0   0.0   0.0   0.0   0.0   0.0   0.3
0.673   5.862  0.05873  10.392  0.002408  0.001179  0.000587   1.0  1.3  0.3  0.3   0.0   0.0   0.0   0.0   0.0   0.0   0.0   0.0   0.4
0.610   5.605  0.08898  10.392  0.003203  0.001646  0.000890   0.8  1.2  0.3  0.3   0.0   0.0   0.0   0.0   0.0   0.0   0.0   0.0   0.4
0.555   5.352  0.12325  10.392  0.003821  0.001987  0.001109   0.6  1.0  0.3  0.3   0.0   0.0   0.0   0.0   0.0   0.0   0.0   0.0   0.5
0.460   4.857  0.18538  10.392  0.001112  0.002775  0.001668   0.5  0.8  0.3  0.3   0.0   0.0   0.0   0.0   0.0   0.0   0.0   0.0   0.6
0.405   4.522  0.22510  10.392  0.002476  0.003175  0.002026   0.5  0.7  0.2  0.2   0.0   0.0   0.0   0.0   0.0   0.0   0.0   0.0   0.6
0.343   4.098  0.26848  10.392  0.003490  0.003592  0.002416   0.4  0.5  0.2  0.2   0.0   0.0   0.0   0.0   0.0   0.0   0.0   0.0   0.7
0.300   3.768  0.28827  10.392  0.002883  0.003846  0.002594   0.4  0.3  0.2  0.2   0.0   0.0   0.0   0.0   0.0   0.0   0.0   0.0   0.8
0.266   3.485  0.30956  10.392  0.004334  0.004475  0.002786   0.4  0.2  0.2  0.2   0.0   0.0   0.0   0.0   0.0   0.0   0.0   0.0   1.0
0.241   3.254  0.33705  10.392  0.007078  0.005078  0.003033   0.4  0.1  0.2  0.2   0.0   0.0   0.0   0.0   0.0   0.0   0.0   0.0   1.1
0.211   2.962  0.34308  10.392  0.004460  0.005903  0.003088   0.4 -0.1  0.1  0.1   0.0   0.0   0.0   0.0   0.0   0.0   0.0   0.0   1.4
0.190   2.740  0.34348  10.392  0.006183  0.006508  0.003091   0.4 -0.2  0.1  0.1   0.0   0.0   0.0   0.0   0.0   0.0   0.0   0.0   1.6
0.172   2.546  0.33200  10.392  0.006308  0.006615  0.002988   0.4 -0.3  0.1  0.1   0.0   0.0   0.0   0.0   0.0   0.0   0.0   0.0   1.7
0.156   2.362  0.35096  10.392  0.005615  0.007295  0.003159   0.4 -0.3  0.1  0.1   0.0   0.0   0.0   0.0   0.0   0.0   0.0   0.0   1.8
0.141   2.178  0.32804  10.392  0.011153  0.006594  0.002952   0.4 -0.4  0.1  0.1   0.0   0.0   0.0   0.0   0.0   0.0   0.0   0.0   1.7
0.129   2.036  0.34459  10.392  0.011371  0.006717  0.003101   0.4 -0.5  0.1  0.1   0.0   0.0   0.0   0.0   0.0   0.0   0.0   0.0   1.6
0.113   1.827  0.35348  10.392  0.009544  0.006688  0.003181   0.4 -0.6  0.0  0.0   0.0   0.0   0.0   0.0   0.0   0.0   0.0   0.0   1.5
0.091   1.526  0.33938  10.392  0.010860  0.008817  0.003054   0.4 -0.7  0.0  0.0   0.0   0.0   0.0   0.0   0.0   0.0   0.0   0.0   2.3
0.586   7.263  0.09671  12.518  0.002418  0.001917  0.000870   0.7  1.4  0.3  0.3   0.0   0.0   0.0   0.0   0.0   0.0   0.0   0.0   0.7
0.428   6.075  0.19787  12.518  0.005342  0.003245  0.001781   0.5  0.9  0.3  0.3   0.0   0.0   0.0   0.0   0.0   0.0   0.0   0.0   0.8
0.321   5.061  0.27680  12.518  0.008027  0.004198  0.002491   0.4  0.5  0.2  0.2   0.0   0.0   0.0   0.0   0.0   0.0   0.0   0.0   1.0
0.236   4.070  0.33135  12.518  0.008615  0.005495  0.002982   0.4  0.1  0.2  0.2   0.0   0.0   0.0   0.0   0.0   0.0   0.0   0.0   1.3
0.201   3.615  0.33628  12.518  0.008743  0.006624  0.003027   0.4  0.0  0.1  0.1   0.0   0.0   0.0   0.0   0.0   0.0   0.0   0.0   1.7
0.179   3.302  0.35290  12.518  0.009528  0.007915  0.003176   0.4 -0.2  0.1  0.1   0.0   0.0   0.0   0.0   0.0   0.0   0.0   0.0   2.0
0.157   2.982  0.36228  12.518  0.010868  0.009144  0.003261   0.4 -0.3  0.1  0.1   0.0   0.0   0.0   0.0   0.0   0.0   0.0   0.0   2.3
0.143   2.762  0.36571  12.518  0.011337  0.009613  0.003291   0.4 -0.4  0.1  0.1   0.0   0.0   0.0   0.0   0.0   0.0   0.0   0.0   2.4
0.130   2.542  0.35588  12.518  0.012812  0.009416  0.003203   0.4 -0.5  0.1  0.1   0.0   0.0   0.0   0.0   0.0   0.0   0.0   0.0   2.4
0.116   2.316  0.35139  12.518  0.013353  0.008664  0.003163   0.4 -0.5  0.1  0.1   0.0   0.0   0.0   0.0   0.0   0.0   0.0   0.0   2.2
0.106   2.144  0.36051  12.518  0.013699  0.008323  0.003245   0.4 -0.6  0.0  0.0   0.0   0.0   0.0   0.0   0.0   0.0   0.0   0.0   2.0
0.096   1.971  0.35402  12.518  0.015577  0.008287  0.003186   0.4 -0.7  0.1  0.1   0.0   0.0   0.0   0.0   0.0   0.0   0.0   0.0   2.0
0.080   1.669  0.35137  12.518  0.014406  0.010482  0.003162   0.4 -0.8  0.0  0.0   0.0   0.0   0.0   0.0   0.0   0.0   0.0   0.0   2.7
0.771   9.147  0.02169   13.32  0.001453  0.000651  0.000304   1.7  1.9  0.3  0.3   0.0   0.0   0.0   0.0   0.0   0.0   0.0   0.0   0.6
0.664   8.494  0.05966   13.32  0.002446  0.001364  0.000597   1.0  1.6  0.3  0.3   0.0   0.0   0.0   0.0   0.0   0.0   0.0   0.0   0.7
0.543   7.619  0.11629   13.32  0.002210  0.002231  0.001047   0.6  1.3  0.3  0.3   0.0   0.0   0.0   0.0   0.0   0.0   0.0   0.0   0.8
0.471   7.021  0.16418   13.32  0.002463  0.002964  0.001478   0.5  1.1  0.3  0.3   0.0   0.0   0.0   0.0   0.0   0.0   0.0   0.0   0.9
0.404   6.382  0.21679   13.32  0.003469  0.003786  0.001951   0.5  0.9  0.3  0.3   0.0   0.0   0.0   0.0   0.0   0.0   0.0   0.0   1.0
0.336   5.660  0.27030   13.32  0.003514  0.004375  0.002433   0.4  0.6  0.2  0.2   0.0   0.0   0.0   0.0   0.0   0.0   0.0   0.0   1.1
0.291   5.125  0.29717   13.32  0.003566  0.004838  0.002675   0.4  0.4  0.2  0.2   0.0   0.0   0.0   0.0   0.0   0.0   0.0   0.0   1.2
0.258   4.699  0.30564   13.32  0.005807  0.005142  0.002751   0.4  0.3  0.2  0.2   0.0   0.0   0.0   0.0   0.0   0.0   0.0   0.0   1.3
0.233   4.370  0.34292   13.32  0.007544  0.005959  0.003086   0.4  0.1  0.2  0.2   0.0   0.0   0.0   0.0   0.0   0.0   0.0   0.0   1.4
0.203   3.919  0.33864   13.32  0.005418  0.006722  0.003048   0.4  0.0  0.2  0.2   0.0   0.0   0.0   0.0   0.0   0.0   0.0   0.0   1.7
0.176   3.509  0.33939   13.32  0.006788  0.007916  0.003055   0.4 -0.2  0.1  0.1   0.0   0.0   0.0   0.0   0.0   0.0   0.0   0.0   2.1
0.161   3.267  0.32951   13.32  0.011862  0.008316  0.002966   0.4 -0.3  0.1  0.1   0.0   0.0   0.0   0.0   0.0   0.0   0.0   0.0   2.3
0.146   3.021  0.34852   13.32  0.012547  0.009759  0.003137   0.4 -0.3  0.1  0.1   0.0   0.0   0.0   0.0   0.0   0.0   0.0   0.0   2.6
0.121   2.573  0.34901   13.32  0.008376  0.009871  0.003141   0.4 -0.5  0.1  0.1   0.0   0.0   0.0   0.0   0.0   0.0   0.0   0.0   2.6
0.108   2.334  0.34363   13.32  0.016838  0.008841  0.003093   0.4 -0.6  0.0  0.0   0.0   0.0   0.0   0.0   0.0   0.0   0.0   0.0   2.3
0.098   2.153  0.36937   13.32  0.013297  0.008964  0.003324   0.4 -0.7  0.1  0.1   0.0   0.0   0.0   0.0   0.0   0.0   0.0   0.0   2.1
0.088   1.960  0.31517   13.32  0.021747  0.008188  0.002837   0.4 -0.7  0.0  0.0   0.0   0.0   0.0   0.0   0.0   0.0   0.0   0.0   2.3
0.789  13.363  0.01494  17.027  0.000344  0.000525  0.000224   1.9  2.3  0.3  0.3   0.0   0.0   0.0   0.0   0.0   0.0   0.0   0.0   1.0
0.701  12.528  0.03490  17.027  0.000768  0.001002  0.000384   1.2  2.1  0.3  0.3   0.0   0.0   0.0   0.0   0.0   0.0   0.0   0.0   1.0
0.621  11.693  0.06476  17.027  0.001619  0.001669  0.000648   0.8  1.9  0.3  0.3   0.0   0.0   0.0   0.0   0.0   0.0   0.0   0.0   1.1
0.550  10.858  0.10150  17.027  0.002030  0.002348  0.000914   0.6  1.6  0.3  0.3   0.0   0.0   0.0   0.0   0.0   0.0   0.0   0.0   1.2
0.469   9.816  0.15756  17.027  0.002836  0.003294  0.001418   0.5  1.3  0.3  0.3   0.0   0.0   0.0   0.0   0.0   0.0   0.0   0.0   1.2
0.417   9.069  0.19276  17.027  0.003277  0.003922  0.001735   0.5  1.1  0.3  0.3   0.0   0.0   0.0   0.0   0.0   0.0   0.0   0.0   1.3
0.362   8.220  0.22701  17.027  0.003859  0.004495  0.002043   0.4  0.9  0.3  0.3   0.0   0.0   0.0   0.0   0.0   0.0   0.0   0.0   1.4
0.308   7.302  0.27709  17.027  0.004988  0.005301  0.002494   0.4  0.6  0.2  0.2   0.0   0.0   0.0   0.0   0.0   0.0   0.0   0.0   1.5
0.273   6.682  0.30301  17.027  0.009090  0.005953  0.002727   0.4  0.5  0.2  0.2   0.0   0.0   0.0   0.0   0.0   0.0   0.0   0.0   1.6
0.251   6.264  0.32609  17.027  0.009457  0.006272  0.002935   0.4  0.3  0.2  0.2   0.0   0.0   0.0   0.0   0.0   0.0   0.0   0.0   1.6
0.223   5.701  0.32333  17.027  0.006143  0.006450  0.002910   0.4  0.2  0.2  0.2   0.0   0.0   0.0   0.0   0.0   0.0   0.0   0.0   1.7
0.196   5.139  0.35041  17.027  0.007008  0.007564  0.003154   0.4  0.0  0.2  0.2   0.0   0.0   0.0   0.0   0.0   0.0   0.0   0.0   1.9
0.171   4.594  0.32435  17.027  0.011677  0.007838  0.002919   0.4 -0.1  0.1  0.1   0.0   0.0   0.0   0.0   0.0   0.0   0.0   0.0   2.2
0.153   4.176  0.34563  17.027  0.012097  0.009678  0.003111   0.4 -0.3  0.1  0.1   0.0   0.0   0.0   0.0   0.0   0.0   0.0   0.0   2.6
0.134   3.718  0.35916  17.027  0.015803  0.011781  0.003232   0.4 -0.4  0.1  0.1   0.0   0.0   0.0   0.0   0.0   0.0   0.0   0.0   3.1
0.118   3.341  0.31387  17.027  0.018518  0.011528  0.002825   0.4 -0.5  0.1  0.1   0.0   0.0   0.0   0.0   0.0   0.0   0.0   0.0   3.5
0.105   3.002  0.35163  17.027  0.014065  0.012967  0.003165   0.4 -0.6  0.1  0.1   0.0   0.0   0.0   0.0   0.0   0.0   0.0   0.0   3.5
0.086   2.506  0.35834  17.027  0.030817  0.011933  0.003225   0.4 -0.7  0.1  0.1   0.0   0.0   0.0   0.0   0.0   0.0   0.0   0.0   3.1
0.464   2.009  0.20143   4.506  0.004431  0.002595  0.001813   0.5 -0.4  0.2  0.2   0.0   0.0   0.0   0.0   0.0   0.0   0.0   0.0   0.6
0.388   1.826  0.25516   4.506  0.005614  0.003288  0.002296   0.4 -0.5  0.2  0.2   0.0   0.0   0.0   0.0   0.0   0.0   0.0   0.0   0.6
0.324   1.644  0.29701   4.506  0.005940  0.003951  0.002673   0.4 -0.6  0.2  0.2   0.0   0.0   0.0   0.0   0.0   0.0   0.0   0.0   0.6
0.268   1.461  0.31615   4.506  0.006955  0.004288  0.002845   0.4 -0.7  0.1  0.1   0.0   0.0   0.0   0.0   0.0   0.0   0.0   0.0   0.6
0.219   1.278  0.32192   4.506  0.006438  0.004687  0.002897   0.4 -0.8  0.1  0.1   0.0   0.0   0.0   0.0   0.0   0.0   0.0   0.0   0.7
0.177   1.096  0.35103   4.506  0.007372  0.005874  0.003159   0.4 -0.9  0.1  0.1   0.0   0.0   0.0   0.0   0.0   0.0   0.0   0.0   1.0
0.139   0.913  0.33279   4.506  0.007987  0.007099  0.002995   0.4 -1.0  0.1  0.1   0.0   0.0   0.0   0.0   0.0   0.0   0.0   0.0   1.6
0.586   4.080  0.11441   6.711  0.003089  0.001401  0.001030   0.6  0.0  0.2  0.2   0.0   0.0   0.0   0.0   0.0   0.0   0.0   0.0   0.5
0.503   3.740  0.16760   6.711  0.004693  0.002060  0.001508   0.5 -0.1  0.2  0.2   0.0   0.0   0.0   0.0   0.0   0.0   0.0   0.0   0.6
0.414   3.315  0.22426   6.711  0.004261  0.002863  0.002018   0.4 -0.3  0.2  0.2   0.0   0.0   0.0   0.0   0.0   0.0   0.0   0.0   0.7
0.366   3.060  0.24190   6.711  0.007015  0.003290  0.002177   0.4 -0.4  0.2  0.2   0.0   0.0   0.0   0.0   0.0   0.0   0.0   0.0   0.8
0.319   2.788  0.28654   6.711  0.005444  0.004162  0.002579   0.4 -0.5  0.2  0.2   0.0   0.0   0.0   0.0   0.0   0.0   0.0   0.0   0.9
0.284   2.570  0.30997   6.711  0.007749  0.004639  0.002790   0.4 -0.5  0.1  0.1   0.0   0.0   0.0   0.0   0.0   0.0   0.0   0.0   1.0
0.256   2.380  0.32147   6.711  0.008037  0.005144  0.002893   0.4 -0.6  0.1  0.1   0.0   0.0   0.0   0.0   0.0   0.0   0.0   0.0   1.1
0.233   2.218  0.32457   6.711  0.008439  0.005546  0.002921   0.4 -0.7  0.1  0.1   0.0   0.0   0.0   0.0   0.0   0.0   0.0   0.0   1.2
0.209   2.040  0.31706   6.711  0.009512  0.005645  0.002854   0.4 -0.7  0.1  0.1   0.0   0.0   0.0   0.0   0.0   0.0   0.0   0.0   1.3
0.188   1.878  0.35800   6.711  0.010382  0.006783  0.003222   0.4 -0.8  0.1  0.1   0.0   0.0   0.0   0.0   0.0   0.0   0.0   0.0   1.4
0.156   1.618  0.34024   6.711  0.020074  0.006338  0.003062   0.4 -0.9  0.0  0.0   0.0   0.0   0.0   0.0   0.0   0.0   0.0   0.0   1.3
0.127   1.360  0.31027   6.711  0.019237  0.006840  0.002792   0.4 -1.0  0.0  0.0   0.0   0.0   0.0   0.0   0.0   0.0   0.0   0.0   1.7
0.711   6.623  0.04272   8.713  0.001666  0.000710  0.000427   1.0  0.3  0.3  0.3   0.0   0.0   0.0   0.0   0.0   0.0   0.0   0.0   0.7
0.632   6.183  0.07920   8.713  0.002059  0.001164  0.000713   0.7  0.2  0.3  0.3   0.0   0.0   0.0   0.0   0.0   0.0   0.0   0.0   0.8
0.560   5.742  0.11494   8.713  0.002874  0.001693  0.001034   0.6  0.1  0.3  0.3   0.0   0.0   0.0   0.0   0.0   0.0   0.0   0.0   0.9
0.494   5.299  0.15799   8.713  0.003950  0.002206  0.001422   0.5  0.0  0.2  0.2   0.0   0.0   0.0   0.0   0.0   0.0   0.0   0.0   0.9
0.434   4.857  0.19863   8.713  0.004966  0.002912  0.001788   0.5 -0.1  0.2  0.2   0.0   0.0   0.0   0.0   0.0   0.0   0.0   0.0   1.0
0.368   4.321  0.25821   8.713  0.004390  0.003958  0.002324   0.4 -0.3  0.2  0.2   0.0   0.0   0.0   0.0   0.0   0.0   0.0   0.0   1.1
0.332   4.011  0.27045   8.713  0.006761  0.004403  0.002434   0.4 -0.4  0.2  0.2   0.0   0.0   0.0   0.0   0.0   0.0   0.0   0.0   1.2
0.306   3.777  0.30050   8.713  0.007212  0.004892  0.002705   0.4 -0.4  0.2  0.2   0.0   0.0   0.0   0.0   0.0   0.0   0.0   0.0   1.2
0.281   3.535  0.28898   8.713  0.008958  0.004997  0.002601   0.4 -0.5  0.2  0.2   0.0   0.0   0.0   0.0   0.0   0.0   0.0   0.0   1.3
0.259   3.319  0.30872   8.713  0.011731  0.005523  0.002778   0.4 -0.5  0.1  0.1   0.0   0.0   0.0   0.0   0.0   0.0   0.0   0.0   1.4
0.237   3.095  0.32367   8.713  0.012947  0.006400  0.002913   0.4 -0.6  0.1  0.1   0.0   0.0   0.0   0.0   0.0   0.0   0.0   0.0   1.6
0.196   2.650  0.33962   8.713  0.013585  0.007950  0.003057   0.4 -0.7  0.1  0.1   0.0   0.0   0.0   0.0   0.0   0.0   0.0   0.0   2.0
0.158   2.211  0.38690   8.713  0.032113  0.009509  0.003482   0.4 -0.8  0.1  0.1   0.0   0.0   0.0   0.0   0.0   0.0   0.0   0.0   2.1
0.781  10.849  0.01924    11.9  0.001097  0.000473  0.000231   1.5  0.7  0.3  0.3   0.0   0.0   0.0   0.0   0.0   0.0   0.0   0.0   1.3
0.714  10.246  0.03616    11.9  0.001483  0.000744  0.000362   1.0  0.6  0.3  0.3   0.0   0.0   0.0   0.0   0.0   0.0   0.0   0.0   1.3
0.651   9.646  0.05878    11.9  0.002057  0.001111  0.000529   0.8  0.5  0.3  0.3   0.0   0.0   0.0   0.0   0.0   0.0   0.0   0.0   1.3
0.591   9.043  0.08855    11.9  0.003099  0.001664  0.000797   0.7  0.3  0.3  0.3   0.0   0.0   0.0   0.0   0.0   0.0   0.0   0.0   1.4
0.535   8.440  0.12389    11.9  0.002973  0.002268  0.001115   0.6  0.2  0.3  0.3   0.0   0.0   0.0   0.0   0.0   0.0   0.0   0.0   1.4
0.483   7.837  0.15786    11.9  0.004104  0.002953  0.001421   0.5  0.1  0.3  0.3   0.0   0.0   0.0   0.0   0.0   0.0   0.0   0.0   1.5
0.433   7.234  0.18704    11.9  0.004863  0.003444  0.001683   0.5  0.0  0.2  0.2   0.0   0.0   0.0   0.0   0.0   0.0   0.0   0.0   1.5
0.386   6.631  0.22990    11.9  0.006437  0.004374  0.002069   0.4 -0.1  0.2  0.2   0.0   0.0   0.0   0.0   0.0   0.0   0.0   0.0   1.6
0.342   6.029  0.25469    11.9  0.007131  0.004899  0.002292   0.4 -0.3  0.2  0.2   0.0   0.0   0.0   0.0   0.0   0.0   0.0   0.0   1.6
0.288   5.249  0.28405    11.9  0.006533  0.005752  0.002556   0.4 -0.4  0.2  0.2   0.0   0.0   0.0   0.0   0.0   0.0   0.0   0.0   1.7
0.260   4.823  0.30237    11.9  0.008769  0.006443  0.002721   0.4 -0.5  0.2  0.2   0.0   0.0   0.0   0.0   0.0   0.0   0.0   0.0   1.8
0.210   4.027  0.36028    11.9  0.030264  0.008647  0.003243   0.4 -0.6  0.1  0.1   0.0   0.0   0.0   0.0   0.0   0.0   0.0   0.0   2.1
0.872  15.981  0.00383  15.022  0.000575  0.000176  0.000073   2.8  1.0  0.3  0.3   0.0   0.0   0.0   0.0   0.0   0.0   0.0   0.0   2.9
0.809  15.220  0.00820  15.022  0.001164  0.000259  0.000107   1.7  0.9  0.3  0.3   0.0   0.0   0.0   0.0   0.0   0.0   0.0   0.0   2.1
0.750  14.459  0.02221  15.022  0.001310  0.000586  0.000244   1.3  0.8  0.3  0.3   0.0   0.0   0.0   0.0   0.0   0.0   0.0   0.0   1.8
0.694  13.698  0.03823  15.022  0.001606  0.000929  0.000382   1.0  0.7  0.3  0.3   0.0   0.0   0.0   0.0   0.0   0.0   0.0   0.0   1.8
0.640  12.937  0.05849  15.022  0.002106  0.001338  0.000526   0.8  0.6  0.3  0.3   0.0   0.0   0.0   0.0   0.0   0.0   0.0   0.0   1.8
0.589  12.176  0.07889  15.022  0.002682  0.001823  0.000710   0.7  0.5  0.3  0.3   0.0   0.0   0.0   0.0   0.0   0.0   0.0   0.0   1.9
0.540  11.415  0.11275  15.022  0.003946  0.002534  0.001015   0.6  0.3  0.3  0.3   0.0   0.0   0.0   0.0   0.0   0.0   0.0   0.0   1.9
0.493  10.654  0.13655  15.022  0.004916  0.003020  0.001229   0.5  0.2  0.3  0.3   0.0   0.0   0.0   0.0   0.0   0.0   0.0   0.0   1.9
0.448   9.893  0.16737  15.022  0.005858  0.003690  0.001506   0.5  0.1  0.3  0.3   0.0   0.0   0.0   0.0   0.0   0.0   0.0   0.0   1.9
0.405   9.132  0.20312  15.022  0.006703  0.004473  0.001828   0.5  0.0  0.3  0.3   0.0   0.0   0.0   0.0   0.0   0.0   0.0   0.0   1.9
0.364   8.371  0.23352  15.022  0.007940  0.005253  0.002102   0.4 -0.1  0.2  0.2   0.0   0.0   0.0   0.0   0.0   0.0   0.0   0.0   2.0
0.317   7.480  0.26205  15.022  0.006289  0.005941  0.002358   0.4 -0.3  0.2  0.2   0.0   0.0   0.0   0.0   0.0   0.0   0.0   0.0   2.0
0.286   6.849  0.27877  15.022  0.011987  0.006363  0.002509   0.4 -0.4  0.2  0.2   0.0   0.0   0.0   0.0   0.0   0.0   0.0   0.0   2.0
0.249   6.088  0.26916  15.022  0.015880  0.006432  0.002422   0.4 -0.5  0.2  0.2   0.0   0.0   0.0   0.0   0.0   0.0   0.0   0.0   2.1
0.214   5.327  0.33270  15.022  0.011645  0.008318  0.002994   0.4 -0.6  0.2  0.2   0.0   0.0   0.0   0.0   0.0   0.0   0.0   0.0   2.2
0.854  20.078  0.00443  18.028  0.000532  0.000201  0.000075   2.4  1.2  0.3  0.3   0.0   0.0   0.0   0.0   0.0   0.0   0.0   0.0   3.2
0.799  19.165  0.01094  18.028  0.001094  0.000374  0.000142   1.6  1.0  0.3  0.3   0.0   0.0   0.0   0.0   0.0   0.0   0.0   0.0   2.5
0.746  18.252  0.02032  18.028  0.001382  0.000607  0.000224   1.2  0.9  0.3  0.3   0.0   0.0   0.0   0.0   0.0   0.0   0.0   0.0   2.3
0.670  16.857  0.03974  18.028  0.001470  0.001108  0.000397   0.9  0.7  0.3  0.3   0.0   0.0   0.0   0.0   0.0   0.0   0.0   0.0   2.3
0.599  15.504  0.07550  18.028  0.003171  0.002016  0.000680   0.7  0.6  0.3  0.3   0.0   0.0   0.0   0.0   0.0   0.0   0.0   0.0   2.3
0.554  14.591  0.09612  18.028  0.003845  0.002507  0.000865   0.6  0.4  0.3  0.3   0.0   0.0   0.0   0.0   0.0   0.0   0.0   0.0   2.3
0.510  13.681  0.12024  18.028  0.005170  0.003119  0.001082   0.6  0.3  0.3  0.3   0.0   0.0   0.0   0.0   0.0   0.0   0.0   0.0   2.3
0.468  12.761  0.15229  18.028  0.004721  0.003903  0.001371   0.5  0.2  0.3  0.3   0.0   0.0   0.0   0.0   0.0   0.0   0.0   0.0   2.3
0.428  11.862  0.19112  18.028  0.005925  0.004888  0.001720   0.5  0.1  0.3  0.3   0.0   0.0   0.0   0.0   0.0   0.0   0.0   0.0   2.3
0.389  10.960  0.22259  18.028  0.008458  0.005688  0.002003   0.5  0.0  0.3  0.3   0.0   0.0   0.0   0.0   0.0   0.0   0.0   0.0   2.3
0.349  10.021  0.23873  18.028  0.009549  0.006063  0.002149   0.4 -0.1  0.3  0.3   0.0   0.0   0.0   0.0   0.0   0.0   0.0   0.0   2.3
0.313   9.133  0.25218  18.028  0.011096  0.006395  0.002270   0.4 -0.3  0.2  0.2   0.0   0.0   0.0   0.0   0.0   0.0   0.0   0.0   2.3
0.278   8.220  0.28152  18.028  0.015202  0.007177  0.002534   0.4 -0.4  0.2  0.2   0.0   0.0   0.0   0.0   0.0   0.0   0.0   0.0   2.3
0.243   7.306  0.27444  18.028  0.021132  0.007045  0.002470   0.4 -0.5  0.2  0.2   0.0   0.0   0.0   0.0   0.0   0.0   0.0   0.0   2.3
0.547   2.772  0.15086   4.502  0.004375  0.002207  0.001358   0.5 -0.6  0.2  0.2   0.0   0.0   0.0   0.0   0.0   0.0   0.0   0.0   0.8
0.453   2.464  0.21550   4.502  0.005819  0.003247  0.001940   0.5 -0.7  0.2  0.2   0.0   0.0   0.0   0.0   0.0   0.0   0.0   0.0   0.8
0.370   2.156  0.25417   4.502  0.007625  0.003829  0.002288   0.4 -0.8  0.1  0.1   0.0   0.0   0.0   0.0   0.0   0.0   0.0   0.0   0.8
0.298   1.848  0.30018   4.502  0.009005  0.004689  0.002702   0.4 -0.9  0.1  0.1   0.0   0.0   0.0   0.0   0.0   0.0   0.0   0.0   0.8
0.234   1.540  0.32960   4.502  0.009888  0.005699  0.002966   0.4 -1.0  0.1  0.1   0.0   0.0   0.0   0.0   0.0   0.0   0.0   0.0   1.0
0.670   4.471  0.07533   5.808  0.002335  0.001112  0.000678   0.7 -0.4  0.2  0.2   0.0   0.0   0.0   0.0   0.0   0.0   0.0   0.0   0.8
0.556   3.974  0.12876   5.808  0.003734  0.001835  0.001159   0.5 -0.5  0.2  0.2   0.0   0.0   0.0   0.0   0.0   0.0   0.0   0.0   0.8
0.457   3.477  0.19547   5.808  0.005473  0.002971  0.001759   0.5 -0.6  0.2  0.2   0.0   0.0   0.0   0.0   0.0   0.0   0.0   0.0   0.9
0.369   2.980  0.25876   5.808  0.007245  0.004124  0.002329   0.4 -0.7  0.2  0.2   0.0   0.0   0.0   0.0   0.0   0.0   0.0   0.0   1.0
0.290   2.484  0.30305   5.808  0.008182  0.005310  0.002727   0.4 -0.8  0.1  0.1   0.0   0.0   0.0   0.0   0.0   0.0   0.0   0.0   1.2
0.220   1.987  0.34351   5.808  0.025076  0.007073  0.003092   0.4 -1.0  0.1  0.1   0.0   0.0   0.0   0.0   0.0   0.0   0.0   0.0   1.5
0.768   7.443  0.02715   7.912  0.001520  0.000546  0.000299   1.2 -0.1  0.3  0.3   0.0   0.0   0.0   0.0   0.0   0.0   0.0   0.0   1.1
0.666   6.767  0.06006   7.912  0.002342  0.001068  0.000541   0.8 -0.3  0.3  0.3   0.0   0.0   0.0   0.0   0.0   0.0   0.0   0.0   1.2
0.573   6.090  0.10931   7.912  0.003389  0.001845  0.000984   0.6 -0.4  0.2  0.2   0.0   0.0   0.0   0.0   0.0   0.0   0.0   0.0   1.2
0.488   5.413  0.16317   7.912  0.005221  0.002864  0.001469   0.5 -0.5  0.2  0.2   0.0   0.0   0.0   0.0   0.0   0.0   0.0   0.0   1.3
0.410   4.739  0.21942   7.912  0.006144  0.004028  0.001975   0.4 -0.6  0.2  0.2   0.0   0.0   0.0   0.0   0.0   0.0   0.0   0.0   1.4
0.332   4.006  0.27786   7.912  0.008614  0.005409  0.002501   0.4 -0.7  0.2  0.2   0.0   0.0   0.0   0.0   0.0   0.0   0.0   0.0   1.5
0.781  10.277  0.01878  10.014  0.002385  0.000459  0.000207   1.3  0.0  0.3  0.3   0.0   0.0   0.0   0.0   0.0   0.0   0.0   0.0   1.7
0.691   9.421  0.03921  10.014  0.003450  0.000837  0.000392   0.9 -0.1  0.3  0.3   0.0   0.0   0.0   0.0   0.0   0.0   0.0   0.0   1.6
0.607   8.565  0.07442  10.014  0.005209  0.001572  0.000670   0.7 -0.3  0.3  0.3   0.0   0.0   0.0   0.0   0.0   0.0   0.0   0.0   1.7
0.529   7.708  0.13197  10.014  0.006599  0.002737  0.001188   0.6 -0.4  0.2  0.2   0.0   0.0   0.0   0.0   0.0   0.0   0.0   0.0   1.7
0.456   6.852  0.18331  10.014  0.008066  0.003792  0.001650   0.5 -0.5  0.2  0.2   0.0   0.0   0.0   0.0   0.0   0.0   0.0   0.0   1.7
0.387   5.995  0.23404  10.014  0.009596  0.005047  0.002106   0.4 -0.6  0.2  0.2   0.0   0.0   0.0   0.0   0.0   0.0   0.0   0.0   1.8
0.322   5.139  0.29444  10.014  0.010894  0.006437  0.002650   0.4 -0.7  0.2  0.2   0.0   0.0   0.0   0.0   0.0   0.0   0.0   0.0   1.8
0.800  13.918  0.00851  12.518  0.001762  0.000264  0.000102   1.5  0.1  0.3  0.3   0.0   0.0   0.0   0.0   0.0   0.0   0.0   0.0   2.4
0.719  12.847  0.02981  12.518  0.002981  0.000790  0.000298   1.0  0.0  0.3  0.3   0.0   0.0   0.0   0.0   0.0   0.0   0.0   0.0   2.2
0.642  11.777  0.05677  12.518  0.003690  0.001445  0.000511   0.8 -0.1  0.3  0.3   0.0   0.0   0.0   0.0   0.0   0.0   0.0   0.0   2.2
0.569  10.706  0.09432  12.518  0.005659  0.002281  0.000849   0.6 -0.3  0.3  0.3   0.0   0.0   0.0   0.0   0.0   0.0   0.0   0.0   2.1
0.500   9.635  0.14876  12.518  0.006843  0.003586  0.001339   0.5 -0.4  0.3  0.3   0.0   0.0   0.0   0.0   0.0   0.0   0.0   0.0   2.1
0.434   8.565  0.16805  12.518  0.007562  0.004047  0.001512   0.5 -0.5  0.2  0.2   0.0   0.0   0.0   0.0   0.0   0.0   0.0   0.0   2.1
0.371   7.494  0.25010  12.518  0.011004  0.006034  0.002251   0.4 -0.6  0.2  0.2   0.0   0.0   0.0   0.0   0.0   0.0   0.0   0.0   2.1
0.756  16.691  0.02022  15.012  0.002366  0.000644  0.000222   1.2  0.1  0.3  0.3   0.0   0.0   0.0   0.0   0.0   0.0   0.0   0.0   2.7
0.683  15.407  0.03869  15.012  0.002940  0.001144  0.000387   0.9  0.0  0.3  0.3   0.0   0.0   0.0   0.0   0.0   0.0   0.0   0.0   2.6
0.614  14.123  0.06446  15.012  0.003803  0.001851  0.000580   0.7 -0.1  0.3  0.3   0.0   0.0   0.0   0.0   0.0   0.0   0.0   0.0   2.6
0.547  12.839  0.10629  15.012  0.006696  0.002948  0.000957   0.6 -0.3  0.3  0.3   0.0   0.0   0.0   0.0   0.0   0.0   0.0   0.0   2.5
0.482  11.555  0.13464  15.012  0.009694  0.003724  0.001212   0.5 -0.4  0.3  0.3   0.0   0.0   0.0   0.0   0.0   0.0   0.0   0.0   2.5
0.421  10.271  0.17123  15.012  0.012500  0.004611  0.001541   0.5 -0.5  0.3  0.3   0.0   0.0   0.0   0.0   0.0   0.0   0.0   0.0   2.4
0.427   1.738  0.23255  20.005  0.000930  0.004697  0.004186   0.5  0.3  0.3  0.3   0.0   0.0   0.4   0.4   0.0   0.0   0.0   0.0   0.0
0.377   1.714  0.25877  20.005  0.001035  0.005297  0.004658   0.6  0.3  0.3  0.3   0.0   0.0   0.4   0.4   0.0   0.0   0.0   0.0   0.0
0.326   1.681  0.28913  20.005  0.000867  0.006009  0.005204   0.7  0.3  0.3  0.3   0.0   0.0   0.4   0.4   0.0   0.0   0.0   0.0   0.0
0.274   1.638  0.31591  20.005  0.000948  0.006642  0.005686   0.8  0.2  0.3  0.3   0.0   0.0   0.4   0.4   0.0   0.0   0.0   0.0   0.0
0.224   1.582  0.33095  20.005  0.000993  0.006958  0.005957   0.8  0.2  0.3  0.3   0.0   0.0   0.4   0.4   0.0   0.0   0.0   0.0   0.0
0.176   1.504  0.34176  20.005  0.000684  0.007169  0.006152   0.8  0.1  0.3  0.3   0.0   0.0   0.4   0.4   0.0   0.0   0.0   0.0   0.1
0.138   1.415  0.34502  20.005  0.000690  0.007104  0.006210   0.7  0.0  0.3  0.3   0.0   0.0   0.4   0.4   0.0   0.0   0.0   0.0   0.1
0.112   1.331  0.33988  20.005  0.001020  0.006625  0.005778   0.6 -0.1  0.3  0.3   0.0   0.0   0.4   0.4   0.0   0.0   0.0   0.0   0.2
0.099   1.279  0.33769  20.005  0.002026  0.006703  0.005741   0.6 -0.1  0.4  0.4   0.0   0.0   0.4   0.4   0.0   0.0   0.0   0.0   0.2
0.084   1.203  0.33360  20.005  0.003670  0.006747  0.005671   0.6 -0.2  0.4  0.4   0.0   0.0   0.4   0.4   0.0   0.0   0.0   0.0   0.4
0.068   1.107  0.33132  20.005  0.002982  0.006814  0.005632   0.5 -0.3  0.4  0.4   0.0   0.0   0.4   0.4   0.0   0.0   0.0   0.0   0.6
0.373   1.404  0.26146   18.01  0.001569  0.005320  0.004706   0.6  0.2  0.3  0.3   0.0   0.0   0.4   0.4   0.0   0.0   0.0   0.0   0.0
0.323   1.380  0.29386   18.01  0.001469  0.006051  0.005289   0.7  0.1  0.3  0.3   0.0   0.0   0.4   0.4   0.0   0.0   0.0   0.0   0.0
0.271   1.347  0.31606   18.01  0.001264  0.006622  0.005689   0.8  0.1  0.3  0.3   0.0   0.0   0.4   0.4   0.0   0.0   0.0   0.0   0.0
0.221   1.303  0.33302   18.01  0.001332  0.006970  0.005994   0.8  0.0  0.3  0.3   0.0   0.0   0.4   0.4   0.0   0.0   0.0   0.0   0.0
0.178   1.249  0.33724   18.01  0.001686  0.007058  0.006070   0.8  0.0  0.3  0.3   0.0   0.0   0.4   0.4   0.0   0.0   0.0   0.0   0.0
0.124   1.147  0.32884   18.01  0.003288  0.006779  0.005919   0.7 -0.1  0.3  0.3   0.0   0.0   0.4   0.4   0.0   0.0   0.0   0.0   0.1
0.100   1.077  0.33206   18.01  0.003321  0.006499  0.005645   0.6 -0.2  0.3  0.3   0.0   0.0   0.4   0.4   0.0   0.0   0.0   0.0   0.2
0.081   1.002  0.32187   18.01  0.003219  0.006549  0.005472   0.6 -0.3  0.4  0.4   0.0   0.0   0.4   0.4   0.0   0.0   0.0   0.0   0.4
0.065   0.921  0.31655   18.01  0.003165  0.006564  0.005381   0.5 -0.4  0.4  0.4   0.0   0.0   0.4   0.4   0.0   0.0   0.0   0.0   0.6
0.314   1.101  0.28637      16  0.001145  0.005993  0.005155   0.8  0.0  0.3  0.3   0.0   0.0   0.4   0.4   0.0   0.0   0.0   0.0   0.0
0.266   1.078  0.31388      16  0.000942  0.006969  0.005964   0.9 -0.1  0.3  0.3   0.0   0.0   0.4   0.4   0.0   0.0   0.0   0.0   0.0
0.218   1.047  0.32237      16  0.000967  0.006884  0.005803   0.9 -0.1  0.3  0.3   0.0   0.0   0.4   0.4   0.0   0.0   0.0   0.0   0.0
0.168   0.998  0.33035      16  0.000991  0.007320  0.005946   0.9 -0.2  0.5  0.5   0.0   0.0   0.4   0.4   0.0   0.0   0.0   0.0   0.0
0.126   0.937  0.32808      16  0.002953  0.007037  0.005905   0.7 -0.2  0.5  0.5   0.0   0.0   0.4   0.4   0.0   0.0   0.0   0.0   0.1
0.097   0.874  0.31517      16  0.003152  0.006421  0.005358   0.7 -0.3  0.4  0.4   0.0   0.0   0.4   0.4   0.0   0.0   0.0   0.0   0.2
0.077   0.811  0.30415      16  0.003041  0.006189  0.005171   0.6 -0.4  0.4  0.4   0.0   0.0   0.4   0.4   0.0   0.0   0.0   0.0   0.3
0.229   0.717  0.30204      13  0.000604  0.007230  0.005739   1.1 -0.3  0.5  0.5   0.0   0.0   0.4   0.4   0.0   0.0   0.0   0.0   0.0
0.179   0.692  0.31268      13  0.000625  0.007393  0.005941   1.0 -0.4  0.5  0.5   0.0   0.0   0.4   0.4   0.0   0.0   0.0   0.0   0.0
0.133   0.655  0.30644      13  0.000919  0.006880  0.005516   0.9 -0.4  0.5  0.5   0.0   0.0   0.4   0.4   0.0   0.0   0.0   0.0   0.1
0.101   0.617  0.29387      13  0.000882  0.006778  0.005290   1.0 -0.5  0.5  0.5   0.0   0.0   0.4   0.4   0.0   0.0   0.0   0.0   0.1
0.081   0.581  0.28106      13  0.001124  0.006164  0.004778   0.9 -0.5  0.5  0.5   0.0   0.0   0.4   0.4   0.0   0.0   0.0   0.0   0.2
0.747  11.769  0.02557  18.001  0.000869  0.000633  0.000435   1.6  0.1  0.3  0.3   0.0   0.0   0.0   0.0   0.0   0.0   0.0   0.0   0.7
0.703  11.437  0.03615  18.001  0.000687  0.000728  0.000470   1.3  0.1  0.3  0.3   0.0   0.0   0.0   0.0   0.0   0.0   0.0   0.0   0.7
0.647  10.977  0.05833  18.001  0.000642  0.000992  0.000642   1.0  0.1  0.3  0.3   0.0   0.0   0.0   0.0   0.0   0.0   0.0   0.0   0.7
0.604  10.594  0.07734  18.001  0.000619  0.001213  0.000773   0.8  0.0  0.3  0.3   0.0   0.0   0.0   0.0   0.0   0.0   0.0   0.0   0.8
0.553  10.106  0.10451  18.001  0.001672  0.001588  0.001045   0.7  0.0  0.3  0.3   0.0   0.0   0.0   0.0   0.0   0.0   0.0   0.0   0.8
0.498   9.537  0.13711  18.001  0.002331  0.002102  0.001371   0.6  0.0  0.3  0.3   0.0   0.0   0.0   0.0   0.0   0.0   0.0   0.0   0.9
0.449   8.989  0.17838  18.001  0.003032  0.002670  0.001784   0.5  0.0  0.3  0.3   0.0   0.0   0.0   0.0   0.0   0.0   0.0   0.0   0.9
0.406   8.453  0.20824  18.001  0.003748  0.003246  0.002082   0.5  0.0  0.3  0.3   0.0   0.0   0.0   0.0   0.0   0.0   0.0   0.0   1.0
0.368   7.950  0.23555  18.001  0.004240  0.003827  0.002355   0.5  0.0  0.3  0.3   0.0   0.0   0.0   0.0   0.0   0.0   0.0   0.0   1.1
0.334   7.465  0.25587  18.001  0.003326  0.004086  0.002559   0.4  0.0  0.3  0.3   0.0   0.0   0.0   0.0   0.0   0.0   0.0   0.0   1.1
0.313   7.144  0.26914  18.001  0.006190  0.004406  0.002691   0.4  0.0  0.2  0.2   0.0   0.0   0.0   0.0   0.0   0.0   0.0   0.0   1.2
0.784   9.045  0.02116  15.004  0.000296  0.000589  0.000360   2.1  0.1  0.3  0.3   0.0   0.0   0.0   0.0   0.0   0.0   0.0   0.0   0.5
0.738   8.817  0.03081  15.004  0.000401  0.000660  0.000401   1.6  0.0  0.3  0.3   0.0   0.0   0.0   0.0   0.0   0.0   0.0   0.0   0.4
0.684   8.530  0.04856  15.004  0.000826  0.000852  0.000534   1.2  0.0  0.3  0.3   0.0   0.0   0.0   0.0   0.0   0.0   0.0   0.0   0.5
0.628   8.207  0.07092  15.004  0.001489  0.001061  0.000709   0.9  0.0  0.3  0.3   0.0   0.0   0.0   0.0   0.0   0.0   0.0   0.0   0.5
0.573   7.857  0.10116  15.004  0.001720  0.001441  0.001012   0.7  0.0  0.3  0.3   0.0   0.0   0.0   0.0   0.0   0.0   0.0   0.0   0.6
0.528   7.544  0.12412  15.004  0.001738  0.001623  0.001117   0.6  0.0  0.3  0.3   0.0   0.0   0.0   0.0   0.0   0.0   0.0   0.0   0.6
0.476   7.145  0.16197  15.004  0.002592  0.002130  0.001458   0.5  0.0  0.3  0.3   0.0   0.0   0.0   0.0   0.0   0.0   0.0   0.0   0.7
0.427   6.737  0.19193  15.004  0.002879  0.002524  0.001727   0.5  0.0  0.3  0.3   0.0   0.0   0.0   0.0   0.0   0.0   0.0   0.0   0.7
0.382   6.321  0.22000  15.004  0.003300  0.003016  0.001980   0.5  0.0  0.3  0.3   0.0   0.0   0.0   0.0   0.0   0.0   0.0   0.0   0.8
0.352   6.017  0.24726  15.004  0.005934  0.003308  0.002225   0.4  0.0  0.3  0.3   0.0   0.0   0.0   0.0   0.0   0.0   0.0   0.0   0.8
0.728   6.551  0.04162  12.497  0.000791  0.000854  0.000541   1.5  0.0  0.3  0.3   0.0   0.0   0.0   0.0   0.0   0.0   0.0   0.0   0.3
0.679   6.373  0.05577  12.497  0.000948  0.000915  0.000613   1.1  0.0  0.3  0.3   0.0   0.0   0.0   0.0   0.0   0.0   0.0   0.0   0.3
0.625   6.162  0.08358  12.497  0.001588  0.001205  0.000836   0.9  0.0  0.3  0.3   0.0   0.0   0.0   0.0   0.0   0.0   0.0   0.0   0.3
0.568   5.911  0.11355  12.497  0.002271  0.001536  0.001136   0.7  0.0  0.3  0.3   0.0   0.0   0.0   0.0   0.0   0.0   0.0   0.0   0.4
0.513   5.643  0.14318  12.497  0.002720  0.001759  0.001289   0.6  0.0  0.3  0.3   0.0   0.0   0.0   0.0   0.0   0.0   0.0   0.0   0.4
0.460   5.352  0.17844  12.497  0.003390  0.002178  0.001606   0.5  0.0  0.3  0.3   0.0   0.0   0.0   0.0   0.0   0.0   0.0   0.0   0.5
0.416   5.084  0.21626  12.497  0.004974  0.002640  0.001946   0.5  0.0  0.3  0.3   0.0   0.0   0.0   0.0   0.0   0.0   0.0   0.0   0.5
0.384   4.877  0.23230  12.497  0.023230  0.002938  0.002091   0.5  0.0  0.3  0.3   0.0   0.0   0.0   0.0   0.0   0.0   0.0   0.0   0.6
0.644   4.354  0.08284   9.999  0.000994  0.001180  0.000828   0.9  0.0  0.3  0.3   0.0   0.0   0.0   0.0   0.0   0.0   0.0   0.0   0.2
0.595   4.228  0.10693   9.999  0.001069  0.001398  0.001069   0.7  0.0  0.3  0.3   0.0   0.0   0.0   0.0   0.0   0.0   0.0   0.0   0.2
0.543   4.079  0.13689   9.999  0.001232  0.001614  0.001232   0.6  0.0  0.3  0.3   0.0   0.0   0.0   0.0   0.0   0.0   0.0   0.0   0.2
0.505   3.959  0.15706   9.999  0.003769  0.001811  0.001414   0.5  0.0  0.3  0.3   0.0   0.0   0.0   0.0   0.0   0.0   0.0   0.0   0.3
0.868  18.643  0.00374  20.001  0.000093  0.000168  0.000086   3.2  0.0  0.3  0.3   0.0   0.0   0.0   0.0   0.0   0.0   0.0   0.0   2.1
0.823  18.075  0.00791  20.001  0.000158  0.000260  0.000134   2.2  0.0  0.3  0.3   0.0   0.0   0.0   0.0   0.0   0.0   0.0   0.0   1.7
0.770  17.373  0.01483  20.001  0.000311  0.000383  0.000193   1.6  0.0  0.3  0.3   0.0   0.0   0.0   0.0   0.0   0.0   0.0   0.0   1.5
0.719  16.668  0.02685  20.001  0.000537  0.000619  0.000322   1.2  0.0  0.3  0.3   0.0   0.0   0.0   0.0   0.0   0.0   0.0   0.0   1.5
0.668  15.914  0.04290  20.001  0.000815  0.000903  0.000429   1.0  0.0  0.3  0.3   0.0   0.0   0.0   0.0   0.0   0.0   0.0   0.0   1.5
0.616  15.106  0.06542  20.001  0.001178  0.001369  0.000654   0.8  0.0  0.3  0.3   0.0   0.0   0.0   0.0   0.0   0.0   0.0   0.0   1.6
0.564  14.243  0.09219  20.001  0.001752  0.001853  0.000830   0.7  0.0  0.3  0.3   0.0   0.0   0.0   0.0   0.0   0.0   0.0   0.0   1.6
0.516  13.401  0.11934  20.001  0.002267  0.002360  0.001074   0.6  0.0  0.3  0.3   0.0   0.0   0.0   0.0   0.0   0.0   0.0   0.0   1.6
0.471  12.571  0.15233  20.001  0.003047  0.003096  0.001371   0.5  0.0  0.3  0.3   0.0   0.0   0.0   0.0   0.0   0.0   0.0   0.0   1.7
0.436  11.896  0.17013  20.001  0.004423  0.003457  0.001531   0.5  0.0  0.3  0.3   0.0   0.0   0.0   0.0   0.0   0.0   0.0   0.0   1.7
0.412  11.407  0.22018  20.001  0.021578  0.004475  0.001982   0.5  0.0  0.3  0.3   0.0   0.0   0.0   0.0   0.0   0.0   0.0   0.0   1.7
0.855  15.906  0.00544  18.018  0.000120  0.000217  0.000114   2.9  0.0  0.3  0.3   0.0   0.0   0.0   0.0   0.0   0.0   0.0   0.0   1.7
0.809  15.420  0.01033  18.018  0.000196  0.000312  0.000165   2.1  0.0  0.3  0.3   0.0   0.0   0.0   0.0   0.0   0.0   0.0   0.0   1.4
0.753  14.796  0.02000  18.018  0.000420  0.000482  0.000260   1.5  0.0  0.3  0.3   0.0   0.0   0.0   0.0   0.0   0.0   0.0   0.0   1.3
0.702  14.195  0.03295  18.018  0.000626  0.000682  0.000362   1.1  0.0  0.3  0.3   0.0   0.0   0.0   0.0   0.0   0.0   0.0   0.0   1.3
0.650  13.553  0.05076  18.018  0.000964  0.000974  0.000508   0.9  0.0  0.3  0.3   0.0   0.0   0.0   0.0   0.0   0.0   0.0   0.0   1.3
0.598  12.866  0.07268  18.018  0.001381  0.001413  0.000727   0.8  0.0  0.3  0.3   0.0   0.0   0.0   0.0   0.0   0.0   0.0   0.0   1.4
0.547  12.138  0.10386  18.018  0.001869  0.001890  0.000935   0.6  0.0  0.3  0.3   0.0   0.0   0.0   0.0   0.0   0.0   0.0   0.0   1.4
0.489  11.268  0.14013  18.018  0.001822  0.002618  0.001261   0.5  0.0  0.3  0.3   0.0   0.0   0.0   0.0   0.0   0.0   0.0   0.0   1.5
0.457  10.743  0.16191  18.018  0.001295  0.003025  0.001457   0.5  0.0  0.3  0.3   0.0   0.0   0.0   0.0   0.0   0.0   0.0   0.0   1.5
0.432  10.342  0.18302  18.018  0.005674  0.003419  0.001647   0.5  0.0  0.3  0.3   0.0   0.0   0.0   0.0   0.0   0.0   0.0   0.0   1.5
0.819  11.884  0.01042  15.004  0.000333  0.000315  0.000177   2.2  0.0  0.3  0.3   0.0   0.0   0.0   0.0   0.0   0.0   0.0   0.0   1.1
0.774  11.536  0.01871  15.004  0.000412  0.000442  0.000243   1.7  0.0  0.3  0.3   0.0   0.0   0.0   0.0   0.0   0.0   0.0   0.0   0.9
0.723  11.120  0.03161  15.004  0.000695  0.000623  0.000348   1.3  0.0  0.3  0.3   0.0   0.0   0.0   0.0   0.0   0.0   0.0   0.0   0.9
0.669  10.653  0.04779  15.004  0.001004  0.000852  0.000478   1.0  0.0  0.3  0.3   0.0   0.0   0.0   0.0   0.0   0.0   0.0   0.0   1.0
0.616  10.161  0.07192  15.004  0.001366  0.001208  0.000719   0.8  0.0  0.3  0.3   0.0   0.0   0.0   0.0   0.0   0.0   0.0   0.0   1.0
0.566   9.651  0.09895  15.004  0.001781  0.001623  0.000891   0.7  0.0  0.3  0.3   0.0   0.0   0.0   0.0   0.0   0.0   0.0   0.0   1.1
0.515   9.106  0.13289  15.004  0.002525  0.002126  0.001196   0.6  0.0  0.3  0.3   0.0   0.0   0.0   0.0   0.0   0.0   0.0   0.0   1.1
0.479   8.695  0.14595  15.004  0.007589  0.002284  0.001314   0.5  0.0  0.3  0.3   0.0   0.0   0.0   0.0   0.0   0.0   0.0   0.0   1.1
0.778   8.805  0.02185  12.498  0.000437  0.000507  0.000306   1.7  0.0  0.3  0.3   0.0   0.0   0.0   0.0   0.0   0.0   0.0   0.0   0.6
0.726   8.510  0.03608  12.498  0.000577  0.000669  0.000397   1.3  0.0  0.3  0.3   0.0   0.0   0.0   0.0   0.0   0.0   0.0   0.0   0.6
0.673   8.187  0.05467  12.498  0.000875  0.000893  0.000547   1.0  0.0  0.3  0.3   0.0   0.0   0.0   0.0   0.0   0.0   0.0   0.0   0.7
0.621   7.843  0.07842  12.498  0.001176  0.001192  0.000784   0.8  0.0  0.3  0.3   0.0   0.0   0.0   0.0   0.0   0.0   0.0   0.0   0.7
0.572   7.501  0.10199  12.498  0.002244  0.001485  0.000918   0.7  0.0  0.3  0.3   0.0   0.0   0.0   0.0   0.0   0.0   0.0   0.0   0.8
0.534   7.215  0.13238  12.498  0.008075  0.001867  0.001191   0.6  0.0  0.3  0.3   0.0   0.0   0.0   0.0   0.0   0.0   0.0   0.0   0.8
0.876  20.410  0.00301  18.018  0.000108  0.000151  0.000057   2.9  0.0  0.3  0.3   0.0   0.0   0.0   0.0   0.0   0.0   0.0   0.0   3.6
0.832  19.700  0.00623  18.018  0.000168  0.000235  0.000093   2.0  0.0  0.3  0.3   0.0   0.0   0.0   0.0   0.0   0.0   0.0   0.0   2.8
0.779  18.803  0.01332  18.018  0.000333  0.000413  0.000160   1.5  0.0  0.3  0.3   0.0   0.0   0.0   0.0   0.0   0.0   0.0   0.0   2.4
0.732  17.964  0.02241  18.018  0.000605  0.000639  0.000247   1.2  0.0  0.3  0.3   0.0   0.0   0.0   0.0   0.0   0.0   0.0   0.0   2.3
0.674  16.911  0.03776  18.018  0.000944  0.001019  0.000378   0.9  0.0  0.3  0.3   0.0   0.0   0.0   0.0   0.0   0.0   0.0   0.0   2.3
0.618  15.850  0.06205  18.018  0.001365  0.001632  0.000558   0.8  0.0  0.3  0.3   0.0   0.0   0.0   0.0   0.0   0.0   0.0   0.0   2.3
0.566  14.812  0.08884  18.018  0.002221  0.002289  0.000800   0.6  0.0  0.3  0.3   0.0   0.0   0.0   0.0   0.0   0.0   0.0   0.0   2.3
0.522  13.908  0.11082  18.018  0.002771  0.002856  0.000997   0.6  0.0  0.3  0.3   0.0   0.0   0.0   0.0   0.0   0.0   0.0   0.0   2.3
0.480  13.012  0.14545  18.018  0.003927  0.003720  0.001309   0.5 -0.1  0.3  0.3   0.0   0.0   0.0   0.0   0.0   0.0   0.0   0.0   2.3
0.460  12.579  0.15203  18.018  0.008514  0.003888  0.001368   0.5 -0.1  0.3  0.3   0.0   0.0   0.0   0.0   0.0   0.0   0.0   0.0   2.3
0.851  15.704  0.00568  15.005  0.000159  0.000222  0.000091   2.4  0.0  0.3  0.3   0.0   0.0   0.0   0.0   0.0   0.0   0.0   0.0   2.6
0.802  15.097  0.01154  15.005  0.000231  0.000342  0.000150   1.7  0.0  0.3  0.3   0.0   0.0   0.0   0.0   0.0   0.0   0.0   0.0   2.0
0.752  14.450  0.01977  15.005  0.000395  0.000497  0.000217   1.3  0.0  0.3  0.3   0.0   0.0   0.0   0.0   0.0   0.0   0.0   0.0   1.8
0.696  13.693  0.03592  15.005  0.000826  0.000836  0.000359   1.0  0.0  0.3  0.3   0.0   0.0   0.0   0.0   0.0   0.0   0.0   0.0   1.8
0.641  12.928  0.05507  15.005  0.001156  0.001239  0.000551   0.8  0.0  0.3  0.3   0.0   0.0   0.0   0.0   0.0   0.0   0.0   0.0   1.8
0.587  12.127  0.08112  15.005  0.001622  0.001830  0.000730   0.7  0.0  0.3  0.3   0.0   0.0   0.0   0.0   0.0   0.0   0.0   0.0   1.9
0.538  11.373  0.11030  15.005  0.002427  0.002459  0.000993   0.6 -0.1  0.3  0.3   0.0   0.0   0.0   0.0   0.0   0.0   0.0   0.0   1.9
0.496  10.681  0.14175  15.005  0.004394  0.003125  0.001276   0.5 -0.1  0.3  0.3   0.0   0.0   0.0   0.0   0.0   0.0   0.0   0.0   1.9
0.810  11.069  0.01245  11.884  0.000373  0.000338  0.000162   1.8  0.0  0.3  0.3   0.0   0.0   0.0   0.0   0.0   0.0   0.0   0.0   1.5
0.769  10.720  0.02065  11.884  0.000640  0.000464  0.000227   1.4  0.0  0.3  0.3   0.0   0.0   0.0   0.0   0.0   0.0   0.0   0.0   1.3
0.712  10.203  0.03661  11.884  0.000915  0.000720  0.000366   1.0  0.0  0.3  0.3   0.0   0.0   0.0   0.0   0.0   0.0   0.0   0.0   1.3
0.649   9.603  0.05763  11.884  0.001268  0.001050  0.000519   0.8  0.0  0.3  0.3   0.0   0.0   0.0   0.0   0.0   0.0   0.0   0.0   1.3
0.590   9.005  0.08576  11.884  0.001972  0.001593  0.000772   0.7 -0.1  0.3  0.3   0.0   0.0   0.0   0.0   0.0   0.0   0.0   0.0   1.4
0.534   8.407  0.11887  11.884  0.002853  0.002166  0.001070   0.6 -0.1  0.3  0.3   0.0   0.0   0.0   0.0   0.0   0.0   0.0   0.0   1.4
0.735   6.726  0.03783     8.7  0.000643  0.000642  0.000378   1.1  0.0  0.3  0.3   0.0   0.0   0.0   0.0   0.0   0.0   0.0   0.0   0.7
0.686   6.467  0.05471     8.7  0.001149  0.000863  0.000547   0.9 -0.1  0.3  0.3   0.0   0.0   0.0   0.0   0.0   0.0   0.0   0.0   0.7
0.636   6.189  0.07437     8.7  0.001785  0.001085  0.000669   0.7 -0.1  0.3  0.3   0.0   0.0   0.0   0.0   0.0   0.0   0.0   0.0   0.8
0.599   5.970  0.08462     8.7  0.010408  0.001235  0.000762   0.7 -0.1  0.3  0.3   0.0   0.0   0.0   0.0   0.0   0.0   0.0   0.0   0.8
0.831  17.948  0.00682  15.004  0.000375  0.000279  0.000089   1.8 -0.1  0.3  0.3   0.0   0.0   0.0   0.0   0.0   0.0   0.0   0.0   3.4
0.756  16.666  0.01803  15.004  0.000613  0.000574  0.000198   1.2 -0.1  0.3  0.3   0.0   0.0   0.0   0.0   0.0   0.0   0.0   0.0   2.7
0.683  15.384  0.03732  15.004  0.001120  0.001105  0.000373   0.9 -0.1  0.3  0.3   0.0   0.0   0.0   0.0   0.0   0.0   0.0   0.0   2.6
0.613  14.102  0.06630  15.004  0.001923  0.001904  0.000597   0.7 -0.1  0.3  0.3   0.0   0.0   0.0   0.0   0.0   0.0   0.0   0.0   2.6
0.546  12.820  0.10531  15.004  0.003054  0.002905  0.000948   0.6 -0.1  0.3  0.3   0.0   0.0   0.0   0.0   0.0   0.0   0.0   0.0   2.5
0.800  13.883  0.01282  12.499  0.000436  0.000398  0.000154   1.5 -0.1  0.3  0.3   0.0   0.0   0.0   0.0   0.0   0.0   0.0   0.0   2.4
0.719  12.815  0.02998  12.499  0.000809  0.000795  0.000300   1.0 -0.1  0.3  0.3   0.0   0.0   0.0   0.0   0.0   0.0   0.0   0.0   2.2
0.642  11.747  0.05900  12.499  0.001593  0.001502  0.000531   0.8 -0.1  0.3  0.3   0.0   0.0   0.0   0.0   0.0   0.0   0.0   0.0   2.2
0.569  10.679  0.09301  12.499  0.002697  0.002234  0.000837   0.6 -0.1  0.3  0.3   0.0   0.0   0.0   0.0   0.0   0.0   0.0   0.0   2.1
0.781  10.252  0.01888   9.999  0.000604  0.000462  0.000208   1.3 -0.1  0.3  0.3   0.0   0.0   0.0   0.0   0.0   0.0   0.0   0.0   1.7
0.691   9.398  0.04192   9.999  0.001174  0.000895  0.000419   0.9 -0.1  0.3  0.3   0.0   0.0   0.0   0.0   0.0   0.0   0.0   0.0   1.6
0.607   8.543  0.08635   9.999  0.002418  0.001807  0.000777   0.7 -0.1  0.3  0.3   0.0   0.0   0.0   0.0   0.0   0.0   0.0   0.0   1.7
0.529   7.689  0.12065   9.999  0.004585  0.002458  0.001086   0.6 -0.1  0.2  0.2   0.0   0.0   0.0   0.0   0.0   0.0   0.0   0.0   1.7
0.900  30.314  0.00077  19.505  0.000062  0.000074  0.000016   3.4  0.4  0.3  0.3   0.0   0.0   0.0   0.0   2.8   0.0   0.0   0.0   8.3
0.845  28.600  0.00331  19.505  0.000139  0.000257  0.000060   2.8  0.3  0.3  0.3   0.0   0.0   0.0   0.0   2.8   0.0   0.0   0.0   6.4
0.785  26.693  0.00924  19.505  0.000277  0.000616  0.000148   2.8  0.2  0.3  0.3   0.0   0.0   0.0   0.0   2.8   0.0   0.0   0.0   5.1
0.727  24.851  0.01963  19.505  0.000687  0.001296  0.000314   3.3  0.1  0.3  0.3   0.0   0.0   0.0   0.0   2.8   0.0   0.0   0.0   4.7
0.667  22.931  0.03799  19.505  0.001102  0.002566  0.000570   4.0  0.0  0.3  0.3   0.0   0.0   0.0   0.0   2.8   0.0   0.0   0.0   4.4
0.619  21.388  0.05925  19.505  0.001896  0.004270  0.000889   4.9 -0.1  0.3  0.3   0.0   0.0   0.0   0.0   2.8   0.0   0.0   0.0   4.2
0.584  20.230  0.07422  19.505  0.004602  0.005747  0.001113   5.8 -0.2  0.3  0.3   0.0   0.0   0.0   0.0   2.8   0.0   0.0   0.0   4.0
0.885  24.068  0.00184  16.002  0.000092  0.000157  0.000035   3.1  0.3  0.3  0.3   0.0   0.0   0.0   0.0   2.8   0.0   0.0   0.0   7.2
0.838  22.899  0.00466  16.002  0.000191  0.000330  0.000079   2.8  0.2  0.3  0.3   0.0   0.0   0.0   0.0   2.8   0.0   0.0   0.0   5.6
0.785  21.584  0.01080  16.002  0.000389  0.000677  0.000173   2.9  0.2  0.3  0.3   0.0   0.0   0.0   0.0   2.8   0.0   0.0   0.0   4.5
0.726  20.078  0.02124  16.002  0.000743  0.001340  0.000340   3.4  0.1  0.3  0.3   0.0   0.0   0.0   0.0   2.8   0.0   0.0   0.0   4.2
0.675  18.773  0.03497  16.002  0.001294  0.002295  0.000525   4.1  0.0  0.3  0.3   0.0   0.0   0.0   0.0   2.8   0.0   0.0   0.0   4.0
0.633  17.693  0.05403  16.002  0.002485  0.003734  0.000810   4.8 -0.1  0.3  0.3   0.0   0.0   0.0   0.0   2.8   0.0   0.0   0.0   3.8
0.595  16.706  0.08354  16.002  0.012615  0.006279  0.001253   5.7 -0.2  0.3  0.3   0.0   0.0   0.0   0.0   2.8   0.0   0.0   0.0   3.7
0.873  19.382  0.00301   13.29  0.000154  0.000223  0.000054   2.3  0.3  0.3  0.3   0.0   0.0   0.0   0.0   2.8   0.0   0.0   0.0   6.2
0.826  18.442  0.00649   13.29  0.000260  0.000389  0.000110   1.7  0.2  0.3  0.3   0.0   0.0   0.0   0.0   2.8   0.0   0.0   0.0   4.7
0.773  17.384  0.01302   13.29  0.000482  0.000686  0.000208   1.4  0.1  0.3  0.3   0.0   0.0   0.0   0.0   2.8   0.0   0.0   0.0   3.9
0.725  16.393  0.02206   13.29  0.000860  0.001130  0.000353   1.4  0.0  0.3  0.3   0.0   0.0   0.0   0.0   2.8   0.0   0.0   0.0   3.7
0.674  15.345  0.03708   13.29  0.001817  0.001857  0.000556   1.6  0.0  0.3  0.3   0.0   0.0   0.0   0.0   2.8   0.0   0.0   0.0   3.5
0.626  14.348  0.06419   13.29  0.003338  0.003316  0.000963   2.2 -0.1  0.3  0.3   0.0   0.0   0.0   0.0   2.8   0.0   0.0   0.0   3.4
0.580  13.376  0.08283   13.29  0.003976  0.004598  0.001242   3.1 -0.2  0.3  0.3   0.0   0.0   0.0   0.0   2.8   0.0   0.0   0.0   3.3
0.543  12.569  0.11197   13.29  0.003807  0.007156  0.001680   4.5 -0.3  0.3  0.3   0.0   0.0   0.0   0.0   2.8   0.0   0.0   0.0   3.2
0.514  11.945  0.14203   13.29  0.009658  0.010970  0.002130   6.3 -0.3  0.3  0.3   0.0   0.0   0.0   0.0   2.8   0.0   0.0   0.0   3.1
0.844  14.288  0.00607    10.4  0.000358  0.000356  0.000103   1.8  0.2  0.3  0.3   0.0   0.0   0.0   0.0   2.8   0.0   0.0   0.0   4.5
0.792  13.527  0.01355    10.4  0.000542  0.000662  0.000217   1.3  0.1  0.3  0.3   0.0   0.0   0.0   0.0   2.8   0.0   0.0   0.0   3.4
0.736  12.684  0.02584    10.4  0.001034  0.001187  0.000388   1.1  0.0  0.3  0.3   0.0   0.0   0.0   0.0   2.8   0.0   0.0   0.0   3.1
0.681  11.839  0.04202    10.4  0.001471  0.001902  0.000630   1.1 -0.1  0.3  0.3   0.0   0.0   0.0   0.0   2.8   0.0   0.0   0.0   3.0
0.632  11.076  0.06110    10.4  0.002016  0.002741  0.000916   1.2 -0.1  0.3  0.3   0.0   0.0   0.0   0.0   2.8   0.0   0.0   0.0   2.9
0.590  10.410  0.08325    10.4  0.002664  0.003819  0.001249   1.7 -0.2  0.3  0.3   0.0   0.0   0.0   0.0   2.8   0.0   0.0   0.0   2.8
0.545   9.682  0.11040    10.4  0.004085  0.005454  0.001656   2.6 -0.3  0.3  0.3   0.0   0.0   0.0   0.0   2.8   0.0   0.0   0.0   2.7
0.509   9.094  0.12730    10.4  0.010693  0.007473  0.001909   4.1 -0.3  0.3  0.3   0.0   0.0   0.0   0.0   2.8   0.0   0.0   0.0   2.7
0.758   7.587  0.02856     6.5  0.000428  0.001106  0.000428   1.1  0.0  0.2  0.2   0.0   0.0   0.0   0.0   2.8   0.0   0.0   0.0   1.9
0.706   7.150  0.04467     6.5  0.000670  0.001718  0.000670   1.0 -0.1  0.2  0.2   0.0   0.0   0.0   0.0   2.8   0.0   0.0   0.0   1.9
0.654   6.710  0.06627     6.5  0.000862  0.002535  0.000994   0.9 -0.2  0.2  0.2   0.0   0.0   0.0   0.0   2.8   0.0   0.0   0.0   1.9
0.609   6.317  0.08895     6.5  0.001067  0.003448  0.001334   1.1 -0.2  0.2  0.2   0.0   0.0   0.0   0.0   2.8   0.0   0.0   0.0   1.9
0.569   5.963  0.11829     6.5  0.002721  0.004666  0.001774   1.3 -0.3  0.2  0.2   0.0   0.0   0.0   0.0   2.8   0.0   0.0   0.0   1.9
0.522   5.534  0.13559     6.5  0.006915  0.005669  0.002034   1.9 -0.3  0.2  0.2   0.0   0.0   0.0   0.0   2.8   0.0   0.0   0.0   1.9
0.483   5.173  0.17661     6.5  0.008477  0.008242  0.002649   2.8 -0.4  0.2  0.2   0.0   0.0   0.0   0.0   2.8   0.0   0.0   0.0   1.9
0.444   4.796  0.23057     6.5  0.013604  0.013323  0.003459   4.4 -0.5  0.2  0.2   0.0   0.0   0.0   0.0   2.8   0.0   0.0   0.0   1.9
0.413   4.503  0.26369     6.5  0.016612  0.020471  0.003955   6.8 -0.5  0.2  0.2   0.0   0.0   0.0   0.0   2.8   0.0   0.0   0.0   1.9
0.390   4.277  0.20854     6.5  0.049215  0.022856  0.003128  10.3 -0.5  0.2  0.2   0.0   0.0   0.0   0.0   2.8   0.0   0.0   0.0   1.9
0.708  23.662  0.02551    19.5  0.001786  0.001440  0.000408   1.6  0.5  0.3  0.3   0.0   0.0   0.0   0.0   2.8   0.0   0.0   0.0   4.3
0.658  22.121  0.04110    19.5  0.001356  0.002269  0.000616   1.8  0.4  0.3  0.3   0.0   0.0   0.0   0.0   2.8   0.0   0.0   0.0   4.1
0.610  20.616  0.05757    19.5  0.002015  0.003152  0.000864   2.1  0.3  0.3  0.3   0.0   0.0   0.0   0.0   2.8   0.0   0.0   0.0   3.9
0.566  19.255  0.07966    19.5  0.002549  0.004435  0.001195   2.5  0.2  0.3  0.3   0.0   0.0   0.0   0.0   2.8   0.0   0.0   0.0   3.8
0.523  17.890  0.09986    19.5  0.003595  0.005723  0.001498   3.1  0.1  0.3  0.3   0.0   0.0   0.0   0.0   2.8   0.0   0.0   0.0   3.6
0.476  16.364  0.14585    19.5  0.005834  0.009052  0.002188   4.0  0.0  0.3  0.3   0.0   0.0   0.0   0.0   2.8   0.0   0.0   0.0   3.5
0.434  15.014  0.16747    19.5  0.010886  0.011585  0.002512   5.1 -0.1  0.3  0.3   0.0   0.0   0.0   0.0   2.8   0.0   0.0   0.0   3.4
0.729  19.539  0.01815      16  0.001742  0.000957  0.000290   1.6  0.5  0.3  0.3   0.0   0.0   0.0   0.0   2.8   0.0   0.0   0.0   3.8
0.676  18.260  0.03638      16  0.001601  0.001891  0.000546   1.7  0.4  0.3  0.3   0.0   0.0   0.0   0.0   2.8   0.0   0.0   0.0   3.7
0.621  16.913  0.05468      16  0.002898  0.002842  0.000820   2.1  0.3  0.3  0.3   0.0   0.0   0.0   0.0   2.8   0.0   0.0   0.0   3.5
0.571  15.667  0.07950      16  0.003816  0.004254  0.001192   2.6  0.2  0.3  0.3   0.0   0.0   0.0   0.0   2.8   0.0   0.0   0.0   3.4
0.523  14.464  0.10953      16  0.004600  0.006139  0.001643   3.2  0.1  0.3  0.3   0.0   0.0   0.0   0.0   2.8   0.0   0.0   0.0   3.3
0.472  13.136  0.13882      16  0.006386  0.008503  0.002082   4.2  0.0  0.3  0.3   0.0   0.0   0.0   0.0   2.8   0.0   0.0   0.0   3.1
0.432  12.103  0.16567      16  0.011597  0.011731  0.002485   5.5 -0.1  0.3  0.3   0.0   0.0   0.0   0.0   2.8   0.0   0.0   0.0   3.1
0.405  11.394  0.17816      16  0.016034  0.013978  0.002672   6.5 -0.2  0.3  0.3   0.0   0.0   0.0   0.0   2.8   0.0   0.0   0.0   3.0
0.377  10.663  0.12488      16  0.053449  0.011361  0.001873   8.0 -0.3  0.3  0.3   0.0   0.0   0.0   0.0   2.8   0.0   0.0   0.0   2.9
0.740  16.389  0.02140    13.5  0.002354  0.001040  0.000342   1.1  0.5  0.3  0.3   0.0   0.0   0.0   0.0   2.8   0.0   0.0   0.0   3.4
0.692  15.438  0.03512    13.5  0.002388  0.001659  0.000527   1.0  0.4  0.3  0.3   0.0   0.0   0.0   0.0   2.8   0.0   0.0   0.0   3.3
0.645  14.517  0.05210    13.5  0.002865  0.002411  0.000781   0.9  0.3  0.3  0.3   0.0   0.0   0.0   0.0   2.8   0.0   0.0   0.0   3.2
0.595  13.496  0.06803    13.5  0.004014  0.003097  0.001020   0.9  0.2  0.3  0.3   0.0   0.0   0.0   0.0   2.8   0.0   0.0   0.0   3.1
0.548  12.541  0.10184    13.5  0.005703  0.004586  0.001528   1.0  0.1  0.3  0.3   0.0   0.0   0.0   0.0   2.8   0.0   0.0   0.0   3.0
0.504  11.619  0.12628    13.5  0.006945  0.005664  0.001894   1.2  0.0  0.3  0.3   0.0   0.0   0.0   0.0   2.8   0.0   0.0   0.0   2.9
0.466  10.825  0.15047    13.5  0.006922  0.006897  0.002257   1.7 -0.1  0.3  0.3   0.0   0.0   0.0   0.0   2.8   0.0   0.0   0.0   2.8
0.429  10.024  0.17316    13.5  0.011429  0.008642  0.002597   2.6 -0.2  0.3  0.3   0.0   0.0   0.0   0.0   2.8   0.0   0.0   0.0   2.8
0.402   9.444  0.17153    13.5  0.019897  0.009595  0.002573   3.7 -0.2  0.3  0.3   0.0   0.0   0.0   0.0   2.8   0.0   0.0   0.0   2.7
0.741   7.619  0.03639       7  0.005095  0.001369  0.000546   1.0  0.3  0.2  0.2   0.0   0.0   0.0   0.0   2.8   0.0   0.0   0.0   1.7
0.695   7.241  0.04369       7  0.003320  0.001629  0.000655   0.9  0.2  0.2  0.2   0.0   0.0   0.0   0.0   2.8   0.0   0.0   0.0   1.7
0.645   6.819  0.06221       7  0.004292  0.002306  0.000933   0.8  0.2  0.2  0.2   0.0   0.0   0.0   0.0   2.8   0.0   0.0   0.0   1.7
0.587   6.316  0.09640       7  0.005302  0.003550  0.001446   0.7  0.1  0.2  0.2   0.0   0.0   0.0   0.0   2.8   0.0   0.0   0.0   1.7
0.541   5.906  0.12261       7  0.007234  0.004571  0.001839   0.7  0.0  0.2  0.2   0.0   0.0   0.0   0.0   2.8   0.0   0.0   0.0   1.8
0.502   5.545  0.15323       7  0.008121  0.005715  0.002298   0.7 -0.1  0.2  0.2   0.0   0.0   0.0   0.0   2.8   0.0   0.0   0.0   1.8
0.462   5.168  0.17607       7  0.007395  0.006609  0.002641   0.8 -0.2  0.2  0.2   0.0   0.0   0.0   0.0   2.8   0.0   0.0   0.0   1.8
0.422   4.784  0.23191       7  0.008581  0.008816  0.003479   1.0 -0.2  0.2  0.2   0.0   0.0   0.0   0.0   2.8   0.0   0.0   0.0   1.8
0.381   4.374  0.25957       7  0.009085  0.010402  0.003894   1.6 -0.3  0.2  0.2   0.0   0.0   0.0   0.0   2.8   0.0   0.0   0.0   1.8
0.344   4.003  0.26768       7  0.010172  0.012069  0.004015   2.6 -0.4  0.2  0.2   0.0   0.0   0.0   0.0   2.8   0.0   0.0   0.0   1.8
0.310   3.645  0.45255       7  0.163823  0.027912  0.006788   4.9 -0.5  0.2  0.2   0.0   0.0   0.0   0.0   2.8   0.0   0.0   0.0   1.9
0.418   1.680  0.24332    13.5  0.001947  0.004086  0.003406   0.6  0.4  0.3  0.3   0.0   0.0   0.0   0.0   0.0   0.4   0.0   0.0   0.0
0.363   1.640  0.27827    13.5  0.003339  0.005009  0.004174   0.7  0.4  0.3  0.3   0.0   0.0   0.0   0.0   0.0   0.4   0.0   0.0   0.0
0.324   1.606  0.31012    13.5  0.004032  0.005582  0.004652   0.7  0.4  0.3  0.3   0.0   0.0   0.0   0.0   0.0   0.4   0.0   0.0   0.0
0.213   1.457  0.33726    13.5  0.003710  0.006301  0.005396   0.7  0.3  0.3  0.3   0.0   0.0   0.0   0.0   0.0   0.4   0.0   0.0   0.1
0.134   1.256  0.34708    13.5  0.004512  0.006810  0.005206   1.1  0.1  0.3  0.3   0.0   0.0   0.0   0.0   0.0   0.4   0.0   0.0   0.2
0.082   1.019  0.33099    13.5  0.002979  0.006751  0.004634   1.1 -0.1  0.3  0.3   0.0   0.0   0.0   0.0   0.0   0.4   0.0   0.0   0.8
0.063   0.887  0.31594    13.5  0.003791  0.006695  0.004107   1.1 -0.2  0.3  0.3   0.0   0.0   0.0   0.0   0.0   0.4   0.0   0.0   1.1
0.517   2.375  0.18571      16  0.004086  0.003439  0.002600   0.8  0.7  0.3  0.3   0.0   0.0   0.0   0.0   0.0   0.4   0.0   0.0   0.0
0.447   2.320  0.21233      16  0.004459  0.003684  0.002760   0.7  0.7  0.3  0.3   0.0   0.0   0.0   0.0   0.0   0.4   0.0   0.0   0.0
0.405   2.279  0.24854      16  0.003977  0.004319  0.003480   0.6  0.6  0.3  0.3   0.0   0.0   0.0   0.0   0.0   0.4   0.0   0.0   0.0
0.344   2.206  0.25858      16  0.003620  0.004704  0.003879   0.6  0.6  0.3  0.3   0.0   0.0   0.0   0.0   0.0   0.4   0.0   0.0   0.0
0.281   2.105  0.31351      16  0.001881  0.005730  0.004703   0.7  0.5  0.3  0.3   0.0   0.0   0.0   0.0   0.0   0.4   0.0   0.0   0.1
0.229   1.993  0.33275      16  0.004326  0.005999  0.004991   0.7  0.4  0.3  0.3   0.0   0.0   0.0   0.0   0.0   0.4   0.0   0.0   0.1
0.187   1.869  0.34294      16  0.003086  0.006211  0.005144   0.7  0.4  0.3  0.3   0.0   0.0   0.0   0.0   0.0   0.4   0.0   0.0   0.2
0.152   1.736  0.34733      16  0.003126  0.006223  0.005210   0.7  0.3  0.3  0.3   0.0   0.0   0.0   0.0   0.0   0.4   0.0   0.0   0.2
0.123   1.592  0.34767      16  0.002781  0.005702  0.004867   0.6  0.2  0.2  0.2   0.0   0.0   0.0   0.0   0.0   0.4   0.0   0.0   0.3
0.078   1.272  0.34498      16  0.004140  0.010560  0.004830   2.5 -0.1  0.3  0.3   0.0   0.0   0.0   0.0   0.0   0.4   0.0   0.0   0.9
0.598   3.499  0.11508    19.5  0.001381  0.002943  0.002071   1.4  1.0  0.3  0.3   0.0   0.0   0.0   0.0   0.0   0.4   0.0   0.0   0.0
0.548   3.450  0.13873    19.5  0.001665  0.003039  0.002081   1.1  1.0  0.3  0.3   0.0   0.0   0.0   0.0   0.0   0.4   0.0   0.0   0.0
0.493   3.384  0.17763    19.5  0.002309  0.003526  0.002487   0.8  1.0  0.3  0.3   0.0   0.0   0.0   0.0   0.0   0.4   0.0   0.0   0.0
0.440   3.310  0.20953    19.5  0.002095  0.003824  0.002724   0.7  0.9  0.3  0.3   0.0   0.0   0.0   0.0   0.0   0.4   0.0   0.0   0.0
0.372   3.189  0.25441    19.5  0.001781  0.004746  0.003562   0.6  0.9  0.3  0.3   0.0   0.0   0.0   0.0   0.0   0.4   0.0   0.0   0.1
0.313   3.055  0.28573    19.5  0.002000  0.005518  0.004286   0.7  0.8  0.3  0.3   0.0   0.0   0.0   0.0   0.0   0.4   0.0   0.0   0.1
0.255   2.877  0.31998    19.5  0.001920  0.006054  0.004800   0.7  0.7  0.3  0.3   0.0   0.0   0.0   0.0   0.0   0.4   0.0   0.0   0.1
0.185   2.576  0.33889    19.5  0.004406  0.006147  0.005083   0.6  0.5  0.3  0.3   0.0   0.0   0.0   0.0   0.0   0.4   0.0   0.0   0.3
0.153   2.391  0.35985    19.5  0.005398  0.006212  0.005038   0.6  0.4  0.3  0.3   0.0   0.0   0.0   0.0   0.0   0.4   0.0   0.0   0.4
0.127   2.193  0.35050    19.5  0.004907  0.005875  0.004907   0.6  0.3  0.2  0.2   0.0   0.0   0.0   0.0   0.0   0.4   0.0   0.0   0.4
0.103   1.983  0.35163    19.5  0.003516  0.005936  0.004923   0.6  0.2  0.2  0.2   0.0   0.0   0.0   0.0   0.0   0.4   0.0   0.0   0.5
0.083   1.759  0.34599    19.5  0.003460  0.010281  0.004498   2.5  0.1  0.2  0.2   0.0   0.0   0.0   0.0   0.0   0.4   0.0   0.0   0.8
0.066   1.523  0.36294    19.5  0.008348  0.011263  0.004718   2.5 -0.1  0.2  0.2   0.0   0.0   0.0   0.0   0.0   0.4   0.0   0.0   1.2
0.770   8.193  0.02430    19.5  0.000219  0.001007  0.000729   2.7  0.7  0.3  0.3   0.0   0.0   0.0   0.0   0.0   0.4   0.0   0.0   0.2
0.718   8.025  0.03695    19.5  0.000259  0.001128  0.000813   1.9  0.7  0.3  0.3   0.0   0.0   0.0   0.0   0.0   0.4   0.0   0.0   0.2
0.670   7.851  0.05515    19.5  0.000552  0.001352  0.000938   1.5  0.7  0.3  0.3   0.0   0.0   0.0   0.0   0.0   0.4   0.0   0.0   0.2
0.610   7.614  0.08094    19.5  0.000728  0.001600  0.001133   1.1  0.6  0.3  0.3   0.0   0.0   0.0   0.0   0.0   0.4   0.0   0.0   0.2
0.531   7.245  0.12564    19.5  0.000754  0.002180  0.001633   0.8  0.5  0.3  0.3   0.0   0.0   0.0   0.0   0.0   0.4   0.0   0.0   0.3
0.422   6.606  0.19430    19.5  0.001554  0.003199  0.002526   0.6  0.4  0.3  0.3   0.0   0.0   0.0   0.0   0.0   0.4   0.0   0.0   0.4
0.350   6.071  0.24979    19.5  0.001749  0.004127  0.003247   0.6  0.3  0.3  0.3   0.0   0.0   0.0   0.0   0.0   0.4   0.0   0.0   0.5
0.261   5.223  0.30112    19.5  0.002108  0.008856  0.003915   2.5  0.1  0.3  0.3   0.0   0.0   0.0   0.0   0.0   0.4   0.0   0.0   0.6
0.173   4.084  0.34753    19.5  0.002433  0.010785  0.004518   2.5 -0.1  0.2  0.2   0.0   0.0   0.0   0.0   0.0   0.4   0.0   0.0   1.2
0.751   7.334  0.03119    13.3  0.000218  0.000864  0.000561   2.0  0.0  0.3  0.3   0.0   0.0   0.0   0.0   0.0   0.4   0.0   0.0   0.3
0.704   7.148  0.04556    13.3  0.000319  0.001043  0.000683   1.6  0.0  0.3  0.3   0.0   0.0   0.0   0.0   0.0   0.4   0.0   0.0   0.3
0.660   6.960  0.06368    13.3  0.000573  0.001297  0.000828   1.4  0.0  0.3  0.3   0.0   0.0   0.0   0.0   0.0   0.4   0.0   0.0   0.4
0.616   6.757  0.08238    13.3  0.000741  0.001623  0.001071   1.3  0.0  0.3  0.3   0.0   0.0   0.0   0.0   0.0   0.4   0.0   0.0   0.4
0.536   6.341  0.12549    13.3  0.001004  0.002341  0.001506   1.2 -0.1  0.3  0.3   0.0   0.0   0.0   0.0   0.0   0.4   0.0   0.0   0.5
0.426   5.648  0.20198    13.3  0.001010  0.003854  0.002626   1.1 -0.2  0.3  0.3   0.0   0.0   0.0   0.0   0.0   0.4   0.0   0.0   0.6
0.353   5.090  0.25482    13.3  0.001529  0.004948  0.003313   1.1 -0.2  0.3  0.3   0.0   0.0   0.0   0.0   0.0   0.4   0.0   0.0   0.7
0.263   4.252  0.30690    13.3  0.003069  0.005447  0.003990   0.5 -0.4  0.2  0.2   0.0   0.0   0.0   0.0   0.0   0.4   0.0   0.0   0.9
0.174   3.198  0.37540    13.3  0.006757  0.008610  0.004880   0.5 -0.5  0.1  0.1   0.0   0.0   0.0   0.0   0.0   0.4   0.0   0.0   1.7
0.802  10.115  0.01542      16  0.000185  0.000537  0.000370   2.4  0.2  0.3  0.3   0.0   0.0   0.0   0.0   0.0   0.4   0.0   0.0   0.5
0.760   9.883  0.02445      16  0.000318  0.000652  0.000440   1.8  0.2  0.3  0.3   0.0   0.0   0.0   0.0   0.0   0.4   0.0   0.0   0.5
0.690   9.468  0.04402      16  0.000572  0.000996  0.000616   1.6  0.1  0.3  0.3   0.0   0.0   0.0   0.0   0.0   0.4   0.0   0.0   0.5
0.607   8.912  0.07926      16  0.000793  0.001603  0.001030   1.3  0.1  0.3  0.3   0.0   0.0   0.0   0.0   0.0   0.4   0.0   0.0   0.6
0.529   8.314  0.12415      16  0.001241  0.002391  0.001490   1.2  0.0  0.3  0.3   0.0   0.0   0.0   0.0   0.0   0.4   0.0   0.0   0.7
0.421   7.332  0.19824      16  0.001784  0.003910  0.002577   1.1 -0.1  0.3  0.3   0.0   0.0   0.0   0.0   0.0   0.4   0.0   0.0   0.8
0.350   6.558  0.25508      16  0.003061  0.005159  0.003316   1.1 -0.2  0.3  0.3   0.0   0.0   0.0   0.0   0.0   0.4   0.0   0.0   0.9
0.262   5.416  0.30938      16  0.003403  0.005959  0.004022   0.5 -0.3  0.2  0.2   0.0   0.0   0.0   0.0   0.0   0.4   0.0   0.0   1.2
0.174   4.018  0.34706      16  0.004859  0.008876  0.004512   0.9 -0.5  0.1  0.1   0.0   0.0   0.0   0.0   0.0   0.4   0.0   0.0   1.9
0.820  13.907  0.00968    19.5  0.000174  0.000365  0.000242   2.6  0.3  0.3  0.3   0.0   0.0   0.0   0.0   0.0   0.4   0.0   0.0   0.9
0.787  13.638  0.01494    19.5  0.000224  0.000470  0.000314   2.1  0.3  0.3  0.3   0.0   0.0   0.0   0.0   0.0   0.4   0.0   0.0   0.8
0.749  13.318  0.02247    19.5  0.000247  0.000588  0.000382   1.7  0.3  0.3  0.3   0.0   0.0   0.0   0.0   0.0   0.4   0.0   0.0   0.8
0.675  12.643  0.04457    19.5  0.000490  0.000937  0.000624   1.2  0.2  0.3  0.3   0.0   0.0   0.0   0.0   0.0   0.4   0.0   0.0   0.8
0.596  11.844  0.07810    19.5  0.000937  0.001664  0.001015   1.3  0.1  0.3  0.3   0.0   0.0   0.0   0.0   0.0   0.4   0.0   0.0   0.9
0.521  10.978  0.12138    19.5  0.001335  0.002502  0.001578   1.1  0.1  0.3  0.3   0.0   0.0   0.0   0.0   0.0   0.4   0.0   0.0   1.0
0.415   9.576  0.19724    19.5  0.001972  0.004165  0.002564   1.1 -0.1  0.3  0.3   0.0   0.0   0.0   0.0   0.0   0.4   0.0   0.0   1.1
0.222   6.182  0.32562    19.5  0.003582  0.007208  0.004233   0.5 -0.4  0.2  0.2   0.0   0.0   0.0   0.0   0.0   0.4   0.0   0.0   1.6
0.172   5.056  0.35515    19.5  0.005327  0.009390  0.004617   0.9 -0.5  0.2  0.2   0.0   0.0   0.0   0.0   0.0   0.4   0.0   0.0   2.0
0.517   2.497  0.16592     6.5  0.000996  0.002613  0.001991   0.6 -0.5  0.3  0.3   0.0   0.0   0.0   0.0   0.0   0.4   0.0   0.0   0.3
0.485   2.434  0.18355     6.5  0.002203  0.003033  0.002386   0.6 -0.5  0.3  0.3   0.0   0.0   0.0   0.0   0.0   0.4   0.0   0.0   0.3
0.421   2.292  0.23059     6.5  0.002306  0.003740  0.002998   0.6 -0.5  0.2  0.2   0.0   0.0   0.0   0.0   0.0   0.4   0.0   0.0   0.3
0.326   2.028  0.28590     6.5  0.001715  0.004539  0.003717   0.5 -0.5  0.2  0.2   0.0   0.0   0.0   0.0   0.0   0.4   0.0   0.0   0.3
0.243   1.727  0.32888     6.5  0.002960  0.005493  0.004275   0.5 -0.6  0.2  0.2   0.0   0.0   0.0   0.0   0.0   0.4   0.0   0.0   0.5
0.173   1.395  0.32028     6.5  0.003843  0.005639  0.004164   0.5 -0.7  0.1  0.1   0.0   0.0   0.0   0.0   0.0   0.4   0.0   0.0   0.7
0.718   6.029  0.04398    10.4  0.000924  0.000982  0.000616   1.6 -0.2  0.3  0.3   0.0   0.0   0.0   0.0   0.0   0.4   0.0   0.0   0.3
0.653   5.782  0.06894    10.4  0.002275  0.001365  0.000896   1.3 -0.2  0.3  0.3   0.0   0.0   0.0   0.0   0.0   0.4   0.0   0.0   0.4
0.615   5.624  0.08939    10.4  0.002503  0.001665  0.001073   1.2 -0.3  0.3  0.3   0.0   0.0   0.0   0.0   0.0   0.4   0.0   0.0   0.4
0.544   5.303  0.12710    10.4  0.002288  0.002319  0.001525   1.1 -0.3  0.3  0.3   0.0   0.0   0.0   0.0   0.0   0.4   0.0   0.0   0.5
0.432   4.693  0.20332    10.4  0.003863  0.003468  0.002643   0.6 -0.4  0.3  0.3   0.0   0.0   0.0   0.0   0.0   0.4   0.0   0.0   0.6
0.358   4.208  0.26355    10.4  0.003690  0.004434  0.003426   0.5 -0.4  0.2  0.2   0.0   0.0   0.0   0.0   0.0   0.4   0.0   0.0   0.7
0.267   3.488  0.31132    10.4  0.003736  0.005766  0.004047   0.5 -0.5  0.2  0.2   0.0   0.0   0.0   0.0   0.0   0.4   0.0   0.0   1.0
0.176   2.598  0.35162    10.4  0.006681  0.008563  0.004571   0.9 -0.6  0.1  0.1   0.0   0.0   0.0   0.0   0.0   0.4   0.0   0.0   1.7
0.786   9.198  0.01881    13.3  0.000301  0.000556  0.000357   2.1 -0.1  0.3  0.3   0.0   0.0   0.0   0.0   0.0   0.4   0.0   0.0   0.6
0.747   8.978  0.02809    13.3  0.000562  0.000699  0.000421   1.8 -0.1  0.3  0.3   0.0   0.0   0.0   0.0   0.0   0.4   0.0   0.0   0.6
0.690   8.633  0.04538    13.3  0.000545  0.000979  0.000590   1.5 -0.1  0.3  0.3   0.0   0.0   0.0   0.0   0.0   0.4   0.0   0.0   0.6
0.609   8.098  0.08041    13.3  0.001126  0.001608  0.001045   1.2 -0.2  0.3  0.3   0.0   0.0   0.0   0.0   0.0   0.4   0.0   0.0   0.7
0.533   7.521  0.12318    13.3  0.001232  0.002360  0.001478   1.1 -0.2  0.3  0.3   0.0   0.0   0.0   0.0   0.0   0.4   0.0   0.0   0.8
0.424   6.571  0.19856    13.3  0.002383  0.004040  0.002581   1.1 -0.3  0.3  0.3   0.0   0.0   0.0   0.0   0.0   0.4   0.0   0.0   0.9
0.353   5.836  0.25168    13.3  0.003272  0.004600  0.003272   0.5 -0.4  0.2  0.2   0.0   0.0   0.0   0.0   0.0   0.4   0.0   0.0   1.0
0.264   4.773  0.30994    13.3  0.004959  0.006291  0.004029   0.5 -0.5  0.2  0.2   0.0   0.0   0.0   0.0   0.0   0.4   0.0   0.0   1.3
0.176   3.500  0.35453    13.3  0.007445  0.009677  0.004609   0.9 -0.6  0.1  0.1   0.0   0.0   0.0   0.0   0.0   0.4   0.0   0.0   2.1
0.818  12.405  0.01046      16  0.000199  0.000362  0.000220   2.5  0.0  0.3  0.3   0.0   0.0   0.0   0.0   0.0   0.4   0.0   0.0   1.0
0.763  11.963  0.02075      16  0.000249  0.000561  0.000332   1.9  0.0  0.3  0.3   0.0   0.0   0.0   0.0   0.0   0.4   0.0   0.0   0.9
0.678  11.236  0.04402      16  0.000572  0.000965  0.000572   1.4 -0.1  0.3  0.3   0.0   0.0   0.0   0.0   0.0   0.4   0.0   0.0   0.9
0.599  10.475  0.07859      16  0.000864  0.001663  0.001022   1.2 -0.1  0.3  0.3   0.0   0.0   0.0   0.0   0.0   0.4   0.0   0.0   1.0
0.523   9.656  0.12169      16  0.001582  0.002506  0.001460   1.1 -0.2  0.3  0.3   0.0   0.0   0.0   0.0   0.0   0.4   0.0   0.0   1.1
0.417   8.349  0.19431      16  0.002137  0.004244  0.002526   1.1 -0.3  0.3  0.3   0.0   0.0   0.0   0.0   0.0   0.4   0.0   0.0   1.2
0.347   7.355  0.25248      16  0.003282  0.005069  0.003282   0.5 -0.4  0.2  0.2   0.0   0.0   0.0   0.0   0.0   0.4   0.0   0.0   1.3
0.259   5.941  0.31144      16  0.004672  0.006737  0.004049   0.5 -0.5  0.2  0.2   0.0   0.0   0.0   0.0   0.0   0.4   0.0   0.0   1.5
0.172   4.290  0.34086      16  0.007158  0.009415  0.004090   0.9 -0.6  0.1  0.1   0.0   0.0   0.0   0.0   0.0   0.4   0.0   0.0   2.2
0.860  17.049  0.00445    19.5  0.000209  0.000210  0.000125   3.3  0.2  0.3  0.3   0.0   0.0   0.0   0.0   0.0   0.4   0.0   0.0   1.8
0.807  16.463  0.01024    19.5  0.000256  0.000343  0.000195   2.3  0.1  0.3  0.3   0.0   0.0   0.0   0.0   0.0   0.4   0.0   0.0   1.4
0.742  15.706  0.02208    19.5  0.000486  0.000592  0.000331   1.7  0.1  0.3  0.3   0.0   0.0   0.0   0.0   0.0   0.4   0.0   0.0   1.3
0.670  14.778  0.04320    19.5  0.000778  0.001030  0.000562   1.4  0.0  0.3  0.3   0.0   0.0   0.0   0.0   0.0   0.4   0.0   0.0   1.3
0.592  13.694  0.07591    19.5  0.001139  0.001771  0.000987   1.2 -0.1  0.3  0.3   0.0   0.0   0.0   0.0   0.0   0.4   0.0   0.0   1.4
0.517  12.547  0.12107    19.5  0.001816  0.002763  0.001574   1.1 -0.1  0.3  0.3   0.0   0.0   0.0   0.0   0.0   0.4   0.0   0.0   1.4
0.413  10.743  0.20035    19.5  0.003606  0.004711  0.002605   1.1 -0.2  0.3  0.3   0.0   0.0   0.0   0.0   0.0   0.4   0.0   0.0   1.5
0.343   9.391  0.24104    19.5  0.003857  0.005352  0.003134   0.5 -0.3  0.3  0.3   0.0   0.0   0.0   0.0   0.0   0.4   0.0   0.0   1.6
0.257   7.502  0.30261    19.5  0.005750  0.007148  0.003934   0.5 -0.4  0.2  0.2   0.0   0.0   0.0   0.0   0.0   0.4   0.0   0.0   1.8
0.171   5.350  0.34961    19.5  0.007342  0.009975  0.004195   0.9 -0.6  0.2  0.2   0.0   0.0   0.0   0.0   0.0   0.4   0.0   0.0   2.3
0.866  19.180  0.00341    19.5  0.000133  0.000162  0.000085   3.2  0.0  0.3  0.3   0.0   0.0   0.0   0.0   0.0   0.4   0.0   0.0   2.4
0.809  18.400  0.00863    19.5  0.000181  0.000295  0.000147   2.2  0.0  0.3  0.3   0.0   0.0   0.0   0.0   0.0   0.4   0.0   0.0   1.9
0.740  17.398  0.02053    19.5  0.000431  0.000572  0.000287   1.6 -0.1  0.3  0.3   0.0   0.0   0.0   0.0   0.0   0.4   0.0   0.0   1.7
0.668  16.264  0.04106    19.5  0.000780  0.001078  0.000534   1.4 -0.1  0.3  0.3   0.0   0.0   0.0   0.0   0.0   0.4   0.0   0.0   1.7
0.591  14.965  0.07371    19.5  0.001253  0.001915  0.000958   1.2 -0.2  0.3  0.3   0.0   0.0   0.0   0.0   0.0   0.4   0.0   0.0   1.8
0.516  13.606  0.12156    19.5  0.001823  0.003116  0.001580   1.1 -0.3  0.3  0.3   0.0   0.0   0.0   0.0   0.0   0.4   0.0   0.0   1.8
0.412  11.516  0.18946    19.5  0.002463  0.004702  0.002463   0.6 -0.4  0.3  0.3   0.0   0.0   0.0   0.0   0.0   0.4   0.0   0.0   1.9
0.343   9.980  0.24185    19.5  0.003144  0.005949  0.003144   0.5 -0.4  0.3  0.3   0.0   0.0   0.0   0.0   0.0   0.4   0.0   0.0   1.9
0.257   7.880  0.29877    19.5  0.004183  0.007670  0.003585   0.5 -0.5  0.2  0.2   0.0   0.0   0.0   0.0   0.0   0.4   0.0   0.0   2.1
0.171   5.548  0.32097    19.5  0.008666  0.009751  0.003852   0.9 -0.7  0.2  0.2   0.0   0.0   0.0   0.0   0.0   0.4   0.0   0.0   2.5
