slac,sig_r,dp target
converted from 10034.xlsx
total uncertainty (stat and syst) is provided in column sys_tot. 
 0.0100  16
x      Q2      F2  Ebeam  stat   sys_tot     sys_u  1dn1  2dn1  3dn1  4dn1  5dn1  6dn1  7dn1  8dn1  1dn2  2dn2  3dn2  4dn2  5dn2  6dn2  7dn2  8dn2
0.275   0.905  0.8715    0.0   0.0  0.010709  0.005229   0.5     0   0.0   0.0   0.0   0.0     0     0   0.3     0   0.0     0   0.0   0.0     0     0
0.224   0.869  0.8645    0.0   0.0  0.010007  0.005187   0.5     0   0.0   0.0   0.0   0.0     0     0   0.3     0   0.0     0   0.0   0.0     0     0
0.177   0.824  0.8815    0.0   0.0  0.009616  0.005289   0.5     0   0.0   0.0   0.0   0.0     0     0   0.3     0   0.0     0   0.0   0.0     0     0
0.153   0.794  0.8795    0.0   0.0  0.018259  0.005284   0.5     0   0.0   0.0   0.0   0.0     0     0   0.3     0   0.0     0   0.0   0.0     0     0
0.119   0.737  0.9140    0.0   0.0  0.024964  0.005513   0.5     0   0.0   0.0   0.0   0.0     0     0   0.3     0   0.0     0   0.0   0.0     0     0
0.090   0.666  0.9130    0.0   0.0  0.023205  0.005499   0.5     0   0.0   0.0   0.0   0.0     0     0   0.3     0   0.0     0   0.0   0.0     0     0
0.067   0.586  0.9265    0.0   0.0  0.021807  0.005575   0.5     0   0.0   0.0   0.0   0.0     0     0   0.3     0   0.0     0   0.0   0.0     0     0
0.419   1.686  0.8245    0.0   0.0  0.010750  0.004947   0.5     0   0.0   0.0   0.0   0.0     0     0   0.3     0   0.0     0   0.0   0.0     0     0
0.365   1.647  0.8245    0.0   0.0  0.010132  0.004947   0.5     0   0.0   0.0   0.0   0.0     0     0   0.3     0   0.0     0   0.0   0.0     0     0
0.315   1.602  0.8445    0.0   0.0  0.009776  0.005067   0.5     0   0.0   0.0   0.0   0.0     0     0   0.3     0   0.0     0   0.0   0.0     0     0
0.271   1.552  0.8550    0.0   0.0  0.009897  0.005130   0.5     0   0.0   0.0   0.0   0.0     0     0   0.3     0   0.0     0   0.0   0.0     0     0
0.209   1.455  0.8875    0.0   0.0  0.024240  0.005352   0.5     0   0.0   0.0   0.0   0.0     0     0   0.3     0   0.0     0   0.0   0.0     0     0
0.168   1.363  0.8870    0.0   0.0  0.025072  0.005353   0.5     0   0.0   0.0   0.0   0.0     0     0   0.3     0   0.0     0   0.0   0.0     0     0
0.132   1.256  0.9355    0.0   0.0  0.026443  0.005649   0.5     0   0.0   0.0   0.0   0.0     0     0   0.3     0   0.0     0   0.0   0.0     0     0
0.104   1.141  0.9190    0.0   0.0  0.023358  0.005535   0.5     0   0.0   0.0   0.0   0.0     0     0   0.3     0   0.0     0   0.0   0.0     0     0
0.081   1.019  0.9440    0.0   0.0  0.026684  0.005701   0.5     0   0.0   0.0   0.0   0.0     0     0   0.3     0   0.0     0   0.0   0.0     0     0
0.505   2.379  0.7915    0.0   0.0  0.012236  0.004750   0.5     0   0.0   0.0   0.0   0.0     0     0   0.3     0   0.0     0   0.0   0.0     0     0
0.449   2.333  0.7895    0.0   0.0  0.011549  0.004738   0.5     0   0.0   0.0   0.0   0.0     0     0   0.3     0   0.0     0   0.0   0.0     0     0
0.396   2.281  0.7895    0.0   0.0  0.010294  0.004737   0.5     0   0.0   0.0   0.0   0.0     0     0   0.3     0   0.0     0   0.0   0.0     0     0
0.348   2.222  0.8130    0.0   0.0  0.009990  0.004878   0.5     0   0.0   0.0   0.0   0.0     0     0   0.3     0   0.0     0   0.0   0.0     0     0
0.282   2.118  0.8205    0.0   0.0  0.017034  0.004929   0.5     0   0.0   0.0   0.0   0.0     0     0   0.3     0   0.0     0   0.0   0.0     0     0
0.226   1.995  0.8725    0.0   0.0  0.022176  0.005253   0.5     0   0.0   0.0   0.0   0.0     0     0   0.3     0   0.0     0   0.0   0.0     0     0
0.185   1.872  0.9185    0.0   0.0  0.025087  0.005540   0.5     0   0.0   0.0   0.0   0.0     0     0   0.3     0   0.0     0   0.0   0.0     0     0
0.150   1.738  0.9025    0.0   0.0  0.023792  0.005439   0.5     0   0.0   0.0   0.0   0.0     0     0   0.3     0   0.0     0   0.0   0.0     0     0
0.122   1.594  0.9240    0.0   0.0  0.026118  0.005579   0.5     0   0.0   0.0   0.0   0.0     0     0   0.3     0   0.0     0   0.0   0.0     0     0
0.098   1.440  0.9445    0.0   0.0  0.026698  0.005704   0.5     0   0.0   0.0   0.0   0.0     0     0   0.3     0   0.0     0   0.0   0.0     0     0
0.077   1.275  0.9310    0.0   0.0  0.025428  0.005617   0.5     0   0.0   0.0   0.0   0.0     0     0   0.3     0   0.0     0   0.0   0.0     0     0
0.063   1.136  0.9575    0.0   0.0  0.027065  0.005784   0.5     0   0.0   0.0   0.0   0.0     0     0   0.3     0   0.0     0   0.0   0.0     0     0
0.599   3.503  0.7425    0.0   0.0  0.013406  0.004457   0.5     0   0.0   0.0   0.0   0.0     0     0   0.3     0   0.0     0   0.0   0.0     0     0
0.542   3.445  0.7635    0.0   0.0  0.013114  0.004583   0.5     0   0.0   0.0   0.0   0.0     0     0   0.3     0   0.0     0   0.0   0.0     0     0
0.490   3.383  0.7665    0.0   0.0  0.012501  0.004600   0.5     0   0.0   0.0   0.0   0.0     0     0   0.3     0   0.0     0   0.0   0.0     0     0
0.442   3.315  0.7510    0.0   0.0  0.012248  0.004507   0.5     0   0.0   0.0   0.0   0.0     0     0   0.3     0   0.0     0   0.0   0.0     0     0
0.371   3.190  0.7970    0.0   0.0  0.020257  0.004796   0.5     0   0.0   0.0   0.0   0.0     0     0   0.3     0   0.0     0   0.0   0.0     0     0
0.309   3.047  0.8345    0.0   0.0  0.022000  0.005026   0.5     0   0.0   0.0   0.0   0.0     0     0   0.3     0   0.0     0   0.0   0.0     0     0
0.239   2.819  0.8665    0.0   0.0  0.017200  0.005205   0.5     0   0.0   0.0   0.0   0.0     0     0   0.3     0   0.0     0   0.0   0.0     0     0
0.183   2.569  0.8765    0.0   0.0  0.024776  0.005289   0.5     0   0.0   0.0   0.0   0.0     0     0   0.3     0   0.0     0   0.0   0.0     0     0
0.152   2.382  0.9035    0.0   0.0  0.025539  0.005454   0.5     0   0.0   0.0   0.0   0.0     0     0   0.3     0   0.0     0   0.0   0.0     0     0
0.126   2.188  0.8915    0.0   0.0  0.023502  0.005372   0.5     0   0.0   0.0   0.0   0.0     0     0   0.3     0   0.0     0   0.0   0.0     0     0
0.107   2.017  0.9310    0.0   0.0  0.025428  0.005617   0.5     0   0.0   0.0   0.0   0.0     0     0   0.3     0   0.0     0   0.0   0.0     0     0
0.090   1.845  0.9020    0.0   0.0  0.024636  0.005440   0.5     0   0.0   0.0   0.0   0.0     0     0   0.3     0   0.0     0   0.0   0.0     0     0
0.075   1.658  0.9420    0.0   0.0  0.026627  0.005689   0.5     0   0.0   0.0   0.0   0.0     0     0   0.3     0   0.0     0   0.0   0.0     0     0
0.323   1.107  0.8790    0.0   0.0  0.016655  0.005279   0.5     0   0.0   0.0   0.0   0.0     0     0   0.3     0   0.0     0   0.0   0.0     0     0
0.269   1.051  0.8710    0.0   0.0  0.014960  0.005229   0.5     0   0.0   0.0   0.0   0.0     0     0   0.3     0   0.0     0   0.0   0.0     0     0
0.240   1.016  0.8925    0.0   0.0  0.025228  0.005386   0.5     0   0.0   0.0   0.0   0.0     0     0   0.3     0   0.0     0   0.0   0.0     0     0
0.177   0.912  0.8945    0.0   0.0  0.024431  0.005394   0.5     0   0.0   0.0   0.0   0.0     0     0   0.3     0   0.0     0   0.0   0.0     0     0
0.127   0.791  0.9205    0.0   0.0  0.025142  0.005553   0.5     0   0.0   0.0   0.0   0.0     0     0   0.3     0   0.0     0   0.0   0.0     0     0
0.089   0.657  0.9435    0.0   0.0  0.025770  0.005693   0.5     0   0.0   0.0   0.0   0.0     0     0   0.3     0   0.0     0   0.0   0.0     0     0
0.453   1.870  0.7475    0.0   0.0  0.026173  0.004531   0.5     0   0.0   0.0   0.0   0.0     0     0   0.3     0   0.0     0   0.0   0.0     0     0
0.348   1.741  0.8290    0.0   0.0  0.025022  0.005007   0.5     0   0.0   0.0   0.0   0.0     0     0   0.3     0   0.0     0   0.0   0.0     0     0
0.214   1.469  0.8555    0.0   0.0  0.027469  0.005181   0.5     0   0.0   0.0   0.0   0.0     0     0   0.3     0   0.0     0   0.0   0.0     0     0
0.120   1.115  0.8920    0.0   0.0  0.032968  0.005450   0.5     0   0.0   0.0   0.0   0.0     0     0   0.3     0   0.0     0   0.0   0.0     0     0
0.541   2.764  0.7695    0.0   0.0  0.012550  0.004618   0.5     0   0.0   0.0   0.0   0.0     0     0   0.3     0   0.0     0   0.0   0.0     0     0
0.487   2.691  0.7735    0.0   0.0  0.012615  0.004642   0.5     0   0.0   0.0   0.0   0.0     0     0   0.3     0   0.0     0   0.0   0.0     0     0
0.440   2.616  0.8000    0.0   0.0  0.013048  0.004802   0.5     0   0.0   0.0   0.0   0.0     0     0   0.3     0   0.0     0   0.0   0.0     0     0
0.375   2.492  0.8235    0.0   0.0  0.020931  0.004956   0.5     0   0.0   0.0   0.0   0.0     0     0   0.3     0   0.0     0   0.0   0.0     0     0
0.297   2.297  0.8315    0.0   0.0  0.022711  0.005011   0.5     0   0.0   0.0   0.0   0.0     0     0   0.3     0   0.0     0   0.0   0.0     0     0
0.237   2.098  0.8565    0.0   0.0  0.025030  0.005171   0.5     0   0.0   0.0   0.0   0.0     0     0   0.3     0   0.0     0   0.0   0.0     0     0
0.187   1.880  0.8875    0.0   0.0  0.025936  0.005361   0.5     0   0.0   0.0   0.0   0.0     0     0   0.3     0   0.0     0   0.0   0.0     0     0
0.144   1.644  0.8990    0.0   0.0  0.027999  0.005443   0.5     0   0.0   0.0   0.0   0.0     0     0   0.3     0   0.0     0   0.0   0.0     0     0
0.108   1.388  0.9610    0.0   0.0  0.029930  0.005826   0.5     0   0.0   0.0   0.0   0.0     0     0   0.3     0   0.0     0   0.0   0.0     0     0
0.077   1.114  0.9500    0.0   0.0  0.030504  0.005766   0.5     0   0.0   0.0   0.0   0.0     0     0   0.3     0   0.0     0   0.0   0.0     0     0
0.641   4.153  0.7190    0.0   0.0  0.016253  0.004320   0.5     0   0.0   0.0   0.0   0.0     0     0   0.3     0   0.0     0   0.0   0.0     0     0
0.579   4.042  0.7445    0.0   0.0  0.023905  0.004499   0.5     0   0.0   0.0   0.0   0.0     0     0   0.3     0   0.0     0   0.0   0.0     0     0
0.553   3.992  0.7765    0.0   0.0  0.068640  0.006596   0.5     0   0.0   0.0   0.0   0.0     0     0   0.3     0   0.0     0   0.0   0.0     0     0
0.471   3.804  0.7930    0.0   0.0  0.022415  0.004780   0.5     0   0.0   0.0   0.0   0.0     0     0   0.3     0   0.0     0   0.0   0.0     0     0
0.398   3.594  0.7950    0.0   0.0  0.021714  0.004789   0.5     0   0.0   0.0   0.0   0.0     0     0   0.3     0   0.0     0   0.0   0.0     0     0
0.332   3.357  0.8025    0.0   0.0  0.023452  0.004841   0.5     0   0.0   0.0   0.0   0.0     0     0   0.3     0   0.0     0   0.0   0.0     0     0
0.273   3.092  0.8565    0.0   0.0  0.025030  0.005171   0.5     0   0.0   0.0   0.0   0.0     0     0   0.3     0   0.0     0   0.0   0.0     0     0
0.224   2.819  0.8775    0.0   0.0  0.027330  0.005310   0.5     0   0.0   0.0   0.0   0.0     0     0   0.3     0   0.0     0   0.0   0.0     0     0
0.179   2.509  0.8955    0.0   0.0  0.028754  0.005428   0.5     0   0.0   0.0   0.0   0.0     0     0   0.3     0   0.0     0   0.0   0.0     0     0
0.142   2.189  0.9270    0.0   0.0  0.029765  0.005623   0.5     0   0.0   0.0   0.0   0.0     0     0   0.3     0   0.0     0   0.0   0.0     0     0
0.108   1.834  0.9085    0.0   0.0  0.028295  0.005501   0.5     0   0.0   0.0   0.0   0.0     0     0   0.3     0   0.0     0   0.0   0.0     0     0
0.084   1.542  0.9310    0.0   0.0  0.031695  0.005665   0.5     0   0.0   0.0   0.0   0.0     0     0   0.3     0   0.0     0   0.0   0.0     0     0
0.695   5.185  0.6290    0.0   0.0  0.033750  0.003934   0.5     0   0.0   0.0   0.0   0.0     0     0   0.3     0   0.0     0   0.0   0.0     0     0
0.600   4.979  0.7100    0.0   0.0  0.026933  0.004316   0.5     0   0.0   0.0   0.0   0.0     0     0   0.3     0   0.0     0   0.0   0.0     0     0
0.532   4.801  0.7445    0.0   0.0  0.021044  0.004485   0.5     0   0.0   0.0   0.0   0.0     0     0   0.3     0   0.0     0   0.0   0.0     0     0
0.454   4.553  0.7685    0.0   0.0  0.023195  0.004638   0.5     0   0.0   0.0   0.0   0.0     0     0   0.3     0   0.0     0   0.0   0.0     0     0
0.387   4.294  0.8200    0.0   0.0  0.025539  0.004957   0.5     0   0.0   0.0   0.0   0.0     0     0   0.3     0   0.0     0   0.0   0.0     0     0
0.328   4.014  0.8315    0.0   0.0  0.022711  0.005011   0.5     0   0.0   0.0   0.0   0.0     0     0   0.3     0   0.0     0   0.0   0.0     0     0
0.274   3.699  0.8430    0.0   0.0  0.027068  0.005104   0.5     0   0.0   0.0   0.0   0.0     0     0   0.3     0   0.0     0   0.0   0.0     0     0
0.227   3.373  0.8855    0.0   0.0  0.028433  0.005366   0.5     0   0.0   0.0   0.0   0.0     0     0   0.3     0   0.0     0   0.0   0.0     0     0
0.185   3.013  0.8500    0.0   0.0  0.028114  0.005153   0.5     0   0.0   0.0   0.0   0.0     0     0   0.3     0   0.0     0   0.0   0.0     0     0
0.147   2.631  0.9090    0.0   0.0  0.030946  0.005528   0.5     0   0.0   0.0   0.0   0.0     0     0   0.3     0   0.0     0   0.0   0.0     0     0
0.120   2.305  0.9155    0.0   0.0  0.031167  0.005568   0.5     0   0.0   0.0   0.0   0.0     0     0   0.3     0   0.0     0   0.0   0.0     0     0
0.096   1.968  0.9280    0.0   0.0  0.033395  0.005667   0.5     0   0.0   0.0   0.0   0.0     0     0   0.3     0   0.0     0   0.0   0.0     0     0
0.746   6.880  0.6630    0.0   0.0  0.050692  0.004719   0.5     0   0.0   0.0   0.0   0.0     0     0   0.3     0   0.0     0   0.0   0.0     0     0
0.692   6.734  0.6610    0.0   0.0  0.031555  0.004082   0.5     0   0.0   0.0   0.0   0.0     0     0   0.3     0   0.0     0   0.0   0.0     0     0
0.662   6.647  0.6775    0.0   0.0  0.187076  0.035201   0.5     0   0.0   0.0   0.0   0.0     0     0   0.3     0   0.0     0   0.0   0.0     0     0
0.599   6.441  0.7240    0.0   0.0  0.028878  0.004417   0.5     0   0.0   0.0   0.0   0.0     0     0   0.3     0   0.0     0   0.0   0.0     0     0
0.528   6.174  0.7635    0.0   0.0  0.027475  0.004636   0.5     0   0.0   0.0   0.0   0.0     0     0   0.3     0   0.0     0   0.0   0.0     0     0
0.465   5.894  0.7565    0.0   0.0  0.024291  0.004572   0.5     0   0.0   0.0   0.0   0.0     0     0   0.3     0   0.0     0   0.0   0.0     0     0
0.404   5.569  0.8065    0.0   0.0  0.025896  0.004879   0.5     0   0.0   0.0   0.0   0.0     0     0   0.3     0   0.0     0   0.0   0.0     0     0
0.347   5.215  0.8430    0.0   0.0  0.026255  0.005098   0.5     0   0.0   0.0   0.0   0.0     0     0   0.3     0   0.0     0   0.0   0.0     0     0
0.297   4.845  0.8690    0.0   0.0  0.027065  0.005258   0.5     0   0.0   0.0   0.0   0.0     0     0   0.3     0   0.0     0   0.0   0.0     0     0
0.251   4.446  0.8725    0.0   0.0  0.029703  0.005300   0.5     0   0.0   0.0   0.0   0.0     0     0   0.3     0   0.0     0   0.0   0.0     0     0
0.208   4.003  0.9050    0.0   0.0  0.029933  0.005494   0.5     0   0.0   0.0   0.0   0.0     0     0   0.3     0   0.0     0   0.0   0.0     0     0
0.178   3.649  0.9020    0.0   0.0  0.030708  0.005484   0.5     0   0.0   0.0   0.0   0.0     0     0   0.3     0   0.0     0   0.0   0.0     0     0
0.150   3.265  0.9255    0.0   0.0  0.032406  0.005641   0.5     0   0.0   0.0   0.0   0.0     0     0   0.3     0   0.0     0   0.0   0.0     0     0
0.122   2.851  0.9410    0.0   0.0  0.032948  0.005738   0.5     0   0.0   0.0   0.0   0.0     0     0   0.3     0   0.0     0   0.0   0.0     0     0
0.099   2.438  0.8560    0.0   0.0  0.032472  0.005233   0.5     0   0.0   0.0   0.0   0.0     0     0   0.3     0   0.0     0   0.0   0.0     0     0
0.077   2.009  0.8965    0.0   0.0  0.037514  0.005546   0.5     0   0.0   0.0   0.0   0.0     0     0   0.3     0   0.0     0   0.0   0.0     0     0
0.769   8.082  0.7190    0.0   0.0  0.041422  0.004629   0.5     0   0.0   0.0   0.0   0.0     0     0   0.3     0   0.0     0   0.0   0.0     0     0
0.714   7.906  0.7565    0.0   0.0  0.030915  0.004630   0.5     0   0.0   0.0   0.0   0.0     0     0   0.3     0   0.0     0   0.0   0.0     0     0
0.645   7.656  0.7260    0.0   0.0  0.022611  0.004382   0.5     0   0.0   0.0   0.0   0.0     0     0   0.3     0   0.0     0   0.0   0.0     0     0
0.571   7.348  0.7290    0.0   0.0  0.021304  0.004394   0.5     0   0.0   0.0   0.0   0.0     0     0   0.3     0   0.0     0   0.0   0.0     0     0
0.508   7.037  0.7430    0.0   0.0  0.021713  0.004479   0.5     0   0.0   0.0   0.0   0.0     0     0   0.3     0   0.0     0   0.0   0.0     0     0
0.447   6.691  0.7705    0.0   0.0  0.022517  0.004646   0.5     0   0.0   0.0   0.0   0.0     0     0   0.3     0   0.0     0   0.0   0.0     0     0
0.393   6.328  0.7930    0.0   0.0  0.023935  0.004787   0.5     0   0.0   0.0   0.0   0.0     0     0   0.3     0   0.0     0   0.0   0.0     0     0
0.341   5.931  0.8140    0.0   0.0  0.024569  0.004916   0.5     0   0.0   0.0   0.0   0.0     0     0   0.3     0   0.0     0   0.0   0.0     0     0
0.293   5.498  0.8315    0.0   0.0  0.025097  0.005023   0.5     0   0.0   0.0   0.0   0.0     0     0   0.3     0   0.0     0   0.0   0.0     0     0
0.248   5.032  0.8565    0.0   0.0  0.025852  0.005176   0.5     0   0.0   0.0   0.0   0.0     0     0   0.3     0   0.0     0   0.0   0.0     0     0
0.215   4.634  0.9190    0.0   0.0  0.028622  0.005566   0.5     0   0.0   0.0   0.0   0.0     0     0   0.3     0   0.0     0   0.0   0.0     0     0
0.185   4.219  0.9610    0.0   0.0  0.029930  0.005826   0.5     0   0.0   0.0   0.0   0.0     0     0   0.3     0   0.0     0   0.0   0.0     0     0
0.157   3.804  0.8955    0.0   0.0  0.028754  0.005428   0.5     0   0.0   0.0   0.0   0.0     0     0   0.3     0   0.0     0   0.0   0.0     0     0
0.131   3.355  0.9950    0.0   0.0  0.032910  0.006055   0.5     0   0.0   0.0   0.0   0.0     0     0   0.3     0   0.0     0   0.0   0.0     0     0
0.107   2.888  0.9230    0.0   0.0  0.027859  0.005584   0.5     0   0.0   0.0   0.0   0.0     0     0   0.3     0   0.0     0   0.0   0.0     0     0
0.083   2.386  0.9505    0.0   0.0  0.033281  0.005798   0.5     0   0.0   0.0   0.0   0.0     0     0   0.3     0   0.0     0   0.0   0.0     0     0
0.338   1.173  0.8645    0.0   0.0  0.007437  0.004323   0.0     0   0.0   0.0   0.0   0.0     0     0   0.0     0   0.0     0   0.0   0.0     0     0
0.292   1.102  0.8610    0.0   0.0  0.006725  0.004305   0.0     0   0.0   0.0   0.0   0.0     0     0   0.0     0   0.0     0   0.0   0.0     0     0
0.260   1.043  0.8645    0.0   0.0  0.008156  0.004323   0.0     0   0.0   0.0   0.0   0.0     0     0   0.0     0   0.0     0   0.0   0.0     0     0
0.235   0.994  0.8915    0.0   0.0  0.014096  0.004461   0.0     0   0.0   0.0   0.0   0.0     0     0   0.0     0   0.0     0   0.0   0.0     0     0
0.188   0.884  0.8890    0.0   0.0  0.014902  0.004450   0.0     0   0.0   0.0   0.0   0.0     0     0   0.0     0   0.0     0   0.0   0.0     0     0
0.150   0.773  0.9190    0.0   0.0  0.015405  0.004600   0.0     0   0.0   0.0   0.0   0.0     0     0   0.0     0   0.0     0   0.0   0.0     0     0
0.118   0.663  0.9060    0.0   0.0  0.016054  0.004536   0.0     0   0.0   0.0   0.0   0.0     0     0   0.0     0   0.0     0   0.0   0.0     0     0
0.523   2.517  0.8040    0.0   0.0  0.011198  0.004021   0.0     0   0.0   0.0   0.0   0.0     0     0   0.0     0   0.0     0   0.0   0.0     0     0
0.486   2.444  0.7845    0.0   0.0  0.015413  0.003929   0.0     0   0.0   0.0   0.0   0.0     0     0   0.0     0   0.0     0   0.0   0.0     0     0
0.410   2.269  0.8060    0.0   0.0  0.012744  0.004033   0.0     0   0.0   0.0   0.0   0.0     0     0   0.0     0   0.0     0   0.0   0.0     0     0
0.355   2.121  0.8205    0.0   0.0  0.012973  0.004105   0.0     0   0.0   0.0   0.0   0.0     0     0   0.0     0   0.0     0   0.0   0.0     0     0
0.299   1.945  0.8510    0.0   0.0  0.013455  0.004258   0.0     0   0.0   0.0   0.0   0.0     0     0   0.0     0   0.0     0   0.0   0.0     0     0
0.246   1.744  0.8705    0.0   0.0  0.015425  0.004358   0.0     0   0.0   0.0   0.0   0.0     0     0   0.0     0   0.0     0   0.0   0.0     0     0
0.203   1.550  0.8900    0.0   0.0  0.014919  0.004455   0.0     0   0.0   0.0   0.0   0.0     0     0   0.0     0   0.0     0   0.0   0.0     0     0
0.179   1.433  0.9190    0.0   0.0  0.015405  0.004600   0.0     0   0.0   0.0   0.0   0.0     0     0   0.0     0   0.0     0   0.0   0.0     0     0
0.157   1.309  0.8855    0.0   0.0  0.014844  0.004432   0.0     0   0.0   0.0   0.0   0.0     0     0   0.0     0   0.0     0   0.0   0.0     0     0
0.102   0.958  0.9525    0.0   0.0  0.024284  0.004796   0.0     0   0.0   0.0   0.0   0.0     0     0   0.0     0   0.0     0   0.0   0.0     0     0
0.742   6.115  0.7970    0.0   0.0  0.039345  0.005019   0.0     0   0.0   0.0   0.0   0.0     0     0   0.0     0   0.0     0   0.0   0.0     0     0
0.673   5.862  0.7640    0.0   0.0  0.037716  0.004793   0.0     0   0.0   0.0   0.0   0.0     0     0   0.0     0   0.0     0   0.0   0.0     0     0
0.610   5.605  0.7445    0.0   0.0  0.033061  0.004594   0.0     0   0.0   0.0   0.0   0.0     0     0   0.0     0   0.0     0   0.0   0.0     0     0
0.555   5.352  0.7390    0.0   0.0  0.027700  0.004497   0.0     0   0.0   0.0   0.0   0.0     0     0   0.0     0   0.0     0   0.0   0.0     0     0
0.471   4.919  0.7640    0.0   0.0  0.013055  0.004586   0.0     0   0.0   0.0   0.0   0.0     0     0   0.0     0   0.0     0   0.0   0.0     0     0
0.403   4.507  0.7905    0.0   0.0  0.012041  0.004745   0.0     0   0.0   0.0   0.0   0.0     0     0   0.0     0   0.0     0   0.0   0.0     0     0
0.344   4.102  0.7995    0.0   0.0  0.013662  0.004800   0.0     0   0.0   0.0   0.0   0.0     0     0   0.0     0   0.0     0   0.0   0.0     0     0
0.300   3.771  0.8380    0.0   0.0  0.011998  0.005029   0.0     0   0.0   0.0   0.0   0.0     0     0   0.0     0   0.0     0   0.0   0.0     0     0
0.267   3.486  0.8495    0.0   0.0  0.015315  0.005101   0.0     0   0.0   0.0   0.0   0.0     0     0   0.0     0   0.0     0   0.0   0.0     0     0
0.241   3.254  0.8230    0.0   0.0  0.021159  0.004956   0.0     0   0.0   0.0   0.0   0.0     0     0   0.0     0   0.0     0   0.0   0.0     0     0
0.211   2.961  0.8565    0.0   0.0  0.014636  0.005142   0.0     0   0.0   0.0   0.0   0.0     0     0   0.0     0   0.0     0   0.0   0.0     0     0
0.190   2.740  0.8810    0.0   0.0  0.020090  0.005299   0.0     0   0.0   0.0   0.0   0.0     0     0   0.0     0   0.0     0   0.0   0.0     0     0
0.172   2.546  0.8920    0.0   0.0  0.024672  0.005383   0.0     0   0.0   0.0   0.0   0.0     0     0   0.0     0   0.0     0   0.0   0.0     0     0
0.156   2.362  0.8850    0.0   0.0  0.021036  0.005326   0.0     0   0.0   0.0   0.0   0.0     0     0   0.0     0   0.0     0   0.0   0.0     0     0
0.141   2.178  0.8680    0.0   0.0  0.040266  0.005447   0.0     0   0.0   0.0   0.0   0.0     0     0   0.0     0   0.0     0   0.0   0.0     0     0
0.129   2.036  0.9015    0.0   0.0  0.035572  0.005548   0.0     0   0.0   0.0   0.0   0.0     0     0   0.0     0   0.0     0   0.0   0.0     0     0
0.113   1.827  0.8980    0.0   0.0  0.033660  0.005500   0.0     0   0.0   0.0   0.0   0.0     0     0   0.0     0   0.0     0   0.0   0.0     0     0
0.091   1.526  0.9280    0.0   0.0  0.043970  0.005884   0.0     0   0.0   0.0   0.0   0.0     0     0   0.0     0   0.0     0   0.0   0.0     0     0
0.586   7.263  0.7315    0.0   0.0  0.021526  0.003685   0.0     0   0.0   0.0   0.0   0.0     0     0   0.0     0   0.0     0   0.0   0.0     0     0
0.428   6.075  0.8060    0.0   0.0  0.025309  0.004078   0.0     0   0.0   0.0   0.0   0.0     0     0   0.0     0   0.0     0   0.0   0.0     0     0
0.321   5.061  0.8070    0.0   0.0  0.027733  0.004105   0.0     0   0.0   0.0   0.0   0.0     0     0   0.0     0   0.0     0   0.0   0.0     0     0
0.236   4.070  0.8345    0.0   0.0  0.023736  0.004208   0.0     0   0.0   0.0   0.0   0.0     0     0   0.0     0   0.0     0   0.0   0.0     0     0
0.201   3.615  0.8690    0.0   0.0  0.028145  0.004413   0.0     0   0.0   0.0   0.0   0.0     0     0   0.0     0   0.0     0   0.0   0.0     0     0
0.179   3.302  0.8715    0.0   0.0  0.028226  0.004426   0.0     0   0.0   0.0   0.0   0.0     0     0   0.0     0   0.0     0   0.0   0.0     0     0
0.157   2.982  0.8650    0.0   0.0  0.031439  0.004432   0.0     0   0.0   0.0   0.0   0.0     0     0   0.0     0   0.0     0   0.0   0.0     0     0
0.143   2.762  0.8860    0.0   0.0  0.033080  0.004558   0.0     0   0.0   0.0   0.0   0.0     0     0   0.0     0   0.0     0   0.0   0.0     0     0
0.130   2.542  0.9110    0.0   0.0  0.039437  0.004807   0.0     0   0.0   0.0   0.0   0.0     0     0   0.0     0   0.0     0   0.0   0.0     0     0
0.116   2.316  0.9175    0.0   0.0  0.041542  0.004894   0.0     0   0.0   0.0   0.0   0.0     0     0   0.0     0   0.0     0   0.0   0.0     0     0
0.106   2.144  0.9040    0.0   0.0  0.049025  0.005110   0.0     0   0.0   0.0   0.0   0.0     0     0   0.0     0   0.0     0   0.0   0.0     0     0
0.096   1.971  0.8850    0.0   0.0  0.050639  0.005105   0.0     0   0.0   0.0   0.0   0.0     0     0   0.0     0   0.0     0   0.0   0.0     0     0
0.079   1.660  0.8750    0.0   0.0  0.044839  0.004807   0.0     0   0.0   0.0   0.0   0.0     0     0   0.0     0   0.0     0   0.0   0.0     0     0
0.771   9.147  0.7630    0.0   0.0  0.060451  0.005845   0.0     0   0.0   0.0   0.0   0.0     0     0   0.0     0   0.0     0   0.0   0.0     0     0
0.664   8.494  0.6685    0.0   0.0  0.032338  0.004141   0.0     0   0.0   0.0   0.0   0.0     0     0   0.0     0   0.0     0   0.0   0.0     0     0
0.543   7.623  0.7865    0.0   0.0  0.018695  0.004730   0.0     0   0.0   0.0   0.0   0.0     0     0   0.0     0   0.0     0   0.0   0.0     0     0
0.472   7.026  0.7835    0.0   0.0  0.014866  0.004705   0.0     0   0.0   0.0   0.0   0.0     0     0   0.0     0   0.0     0   0.0   0.0     0     0
0.404   6.390  0.7935    0.0   0.0  0.015810  0.004766   0.0     0   0.0   0.0   0.0   0.0     0     0   0.0     0   0.0     0   0.0   0.0     0     0
0.337   5.677  0.7870    0.0   0.0  0.012714  0.004724   0.0     0   0.0   0.0   0.0   0.0     0     0   0.0     0   0.0     0   0.0   0.0     0     0
0.290   5.118  0.8165    0.0   0.0  0.013191  0.004901   0.0     0   0.0   0.0   0.0   0.0     0     0   0.0     0   0.0     0   0.0   0.0     0     0
0.257   4.693  0.8665    0.0   0.0  0.019759  0.005212   0.0     0   0.0   0.0   0.0   0.0     0     0   0.0     0   0.0     0   0.0   0.0     0     0
0.233   4.370  0.8185    0.0   0.0  0.022639  0.004935   0.0     0   0.0   0.0   0.0   0.0     0     0   0.0     0   0.0     0   0.0   0.0     0     0
0.202   3.916  0.8485    0.0   0.0  0.018532  0.005101   0.0     0   0.0   0.0   0.0   0.0     0     0   0.0     0   0.0     0   0.0   0.0     0     0
0.175   3.500  0.9005    0.0   0.0  0.023152  0.005427   0.0     0   0.0   0.0   0.0   0.0     0     0   0.0     0   0.0     0   0.0   0.0     0     0
0.161   3.267  0.9515    0.0   0.0  0.041311  0.005949   0.0     0   0.0   0.0   0.0   0.0     0     0   0.0     0   0.0     0   0.0   0.0     0     0
0.146   3.021  0.9290    0.0   0.0  0.040334  0.005798   0.0     0   0.0   0.0   0.0   0.0     0     0   0.0     0   0.0     0   0.0   0.0     0     0
0.121   2.579  0.8995    0.0   0.0  0.027519  0.005446   0.0     0   0.0   0.0   0.0   0.0     0     0   0.0     0   0.0     0   0.0   0.0     0     0
0.108   2.334  0.9085    0.0   0.0  0.054782  0.006208   0.0     0   0.0   0.0   0.0   0.0     0     0   0.0     0   0.0     0   0.0   0.0     0     0
0.098   2.141  0.8910    0.0   0.0  0.039567  0.005563   0.0     0   0.0   0.0   0.0   0.0     0     0   0.0     0   0.0     0   0.0   0.0     0     0
0.088   1.960  1.0885    0.0   0.0  0.099269  0.011786   0.0     0   0.0   0.0   0.0   0.0     0     0   0.0     0   0.0     0   0.0   0.0     0     0
0.789  13.363  0.7425    0.0   0.0  0.021850  0.003741   0.0     0   0.0   0.0   0.0   0.0     0     0   0.0     0   0.0     0   0.0   0.0     0     0
0.701  12.528  0.7275    0.0   0.0  0.019976  0.003658   0.0     0   0.0   0.0   0.0   0.0     0     0   0.0     0   0.0     0   0.0   0.0     0     0
0.621  11.693  0.7375    0.0   0.0  0.021703  0.003716   0.0     0   0.0   0.0   0.0   0.0     0     0   0.0     0   0.0     0   0.0   0.0     0     0
0.550  10.858  0.7795    0.0   0.0  0.019110  0.003913   0.0     0   0.0   0.0   0.0   0.0     0     0   0.0     0   0.0     0   0.0   0.0     0     0
0.469   9.804  0.7485    0.0   0.0  0.016158  0.003751   0.0     0   0.0   0.0   0.0   0.0     0     0   0.0     0   0.0     0   0.0   0.0     0     0
0.416   9.062  0.8030    0.0   0.0  0.017334  0.004025   0.0     0   0.0   0.0   0.0   0.0     0     0   0.0     0   0.0     0   0.0   0.0     0     0
0.361   8.198  0.8170    0.0   0.0  0.017637  0.004096   0.0     0   0.0   0.0   0.0   0.0     0     0   0.0     0   0.0     0   0.0   0.0     0     0
0.308   7.304  0.8305    0.0   0.0  0.018737  0.004166   0.0     0   0.0   0.0   0.0   0.0     0     0   0.0     0   0.0     0   0.0   0.0     0     0
0.273   6.682  0.8425    0.0   0.0  0.029787  0.004301   0.0     0   0.0   0.0   0.0   0.0     0     0   0.0     0   0.0     0   0.0   0.0     0     0
0.251   6.264  0.8375    0.0   0.0  0.029610  0.004275   0.0     0   0.0   0.0   0.0   0.0     0     0   0.0     0   0.0     0   0.0   0.0     0     0
0.224   5.711  0.8685    0.0   0.0  0.021292  0.004364   0.0     0   0.0   0.0   0.0   0.0     0     0   0.0     0   0.0     0   0.0   0.0     0     0
0.196   5.136  0.8440    0.0   0.0  0.020691  0.004240   0.0     0   0.0   0.0   0.0   0.0     0     0   0.0     0   0.0     0   0.0   0.0     0     0
0.171   4.594  0.9430    0.0   0.0  0.039886  0.004969   0.0     0   0.0   0.0   0.0   0.0     0     0   0.0     0   0.0     0   0.0   0.0     0     0
0.153   4.176  0.8845    0.0   0.0  0.039168  0.004675   0.0     0   0.0   0.0   0.0   0.0     0     0   0.0     0   0.0     0   0.0   0.0     0     0
0.134   3.718  0.8890    0.0   0.0  0.047326  0.004969   0.0     0   0.0   0.0   0.0   0.0     0     0   0.0     0   0.0     0   0.0   0.0     0     0
0.118   3.341  1.0775    0.0   0.0  0.074542  0.007719   0.0     0   0.0   0.0   0.0   0.0     0     0   0.0     0   0.0     0   0.0   0.0     0     0
0.105   3.005  0.9265    0.0   0.0  0.047478  0.005142   0.0     0   0.0   0.0   0.0   0.0     0     0   0.0     0   0.0     0   0.0   0.0     0     0
0.086   2.506  0.8565    0.0   0.0  0.100302  0.010917   0.0     0   0.0   0.0   0.0   0.0     0     0   0.0     0   0.0     0   0.0   0.0     0     0
0.464   2.009  0.8175    0.0   0.0  0.021644  0.004112   0.0     0   0.0   0.0   0.0   0.0     0     0   0.0     0   0.0     0   0.0   0.0     0     0
0.388   1.826  0.8090    0.0   0.0  0.021419  0.004069   0.0     0   0.0   0.0   0.0   0.0     0     0   0.0     0   0.0     0   0.0   0.0     0     0
0.324   1.644  0.8160    0.0   0.0  0.020804  0.004101   0.0     0   0.0   0.0   0.0   0.0     0     0   0.0     0   0.0     0   0.0   0.0     0     0
0.268   1.461  0.8595    0.0   0.0  0.023601  0.004331   0.0     0   0.0   0.0   0.0   0.0     0     0   0.0     0   0.0     0   0.0   0.0     0     0
0.219   1.278  0.9045    0.0   0.0  0.021289  0.004543   0.0     0   0.0   0.0   0.0   0.0     0     0   0.0     0   0.0     0   0.0   0.0     0     0
0.177   1.096  0.8515    0.0   0.0  0.022545  0.004286   0.0     0   0.0   0.0   0.0   0.0     0     0   0.0     0   0.0     0   0.0   0.0     0     0
0.139   0.913  0.8995    0.0   0.0  0.028245  0.004564   0.0     0   0.0   0.0   0.0   0.0     0     0   0.0     0   0.0     0   0.0   0.0     0     0
0.586   4.080  0.7675    0.0   0.0  0.024858  0.003885   0.0     0   0.0   0.0   0.0   0.0     0     0   0.0     0   0.0     0   0.0   0.0     0     0
0.503   3.740  0.7450    0.0   0.0  0.024866  0.003774   0.0     0   0.0   0.0   0.0   0.0     0     0   0.0     0   0.0     0   0.0   0.0     0     0
0.414   3.319  0.7855    0.0   0.0  0.018488  0.003941   0.0     0   0.0   0.0   0.0   0.0     0     0   0.0     0   0.0     0   0.0   0.0     0     0
0.366   3.060  0.8425    0.0   0.0  0.029787  0.004301   0.0     0   0.0   0.0   0.0   0.0     0     0   0.0     0   0.0     0   0.0   0.0     0     0
0.318   2.779  0.8065    0.0   0.0  0.018983  0.004047   0.0     0   0.0   0.0   0.0   0.0     0     0   0.0     0   0.0     0   0.0   0.0     0     0
0.284   2.570  0.8390    0.0   0.0  0.025517  0.004243   0.0     0   0.0   0.0   0.0   0.0     0     0   0.0     0   0.0     0   0.0   0.0     0     0
0.256   2.380  0.8520    0.0   0.0  0.025913  0.004310   0.0     0   0.0   0.0   0.0   0.0     0     0   0.0     0   0.0     0   0.0   0.0     0     0
0.233   2.218  0.8710    0.0   0.0  0.029071  0.004433   0.0     0   0.0   0.0   0.0   0.0     0     0   0.0     0   0.0     0   0.0   0.0     0     0
0.209   2.040  0.9335    0.0   0.0  0.033929  0.004802   0.0     0   0.0   0.0   0.0   0.0     0     0   0.0     0   0.0     0   0.0   0.0     0     0
0.188   1.878  0.8540    0.0   0.0  0.031885  0.004385   0.0     0   0.0   0.0   0.0   0.0     0     0   0.0     0   0.0     0   0.0   0.0     0     0
0.156   1.618  0.8975    0.0   0.0  0.063880  0.006052   0.0     0   0.0   0.0   0.0   0.0     0     0   0.0     0   0.0     0   0.0   0.0     0     0
0.127   1.360  1.0760    0.0   0.0  0.083026  0.008722   0.0     0   0.0   0.0   0.0   0.0     0     0   0.0     0   0.0     0   0.0   0.0     0     0
0.711   6.623  0.7520    0.0   0.0  0.034885  0.004668   0.0     0   0.0   0.0   0.0   0.0     0     0   0.0     0   0.0     0   0.0   0.0     0     0
0.632   6.183  0.7170    0.0   0.0  0.022639  0.004330   0.0     0   0.0   0.0   0.0   0.0     0     0   0.0     0   0.0     0   0.0   0.0     0     0
0.560   5.742  0.7540    0.0   0.0  0.023068  0.004553   0.0     0   0.0   0.0   0.0   0.0     0     0   0.0     0   0.0     0   0.0   0.0     0     0
0.494   5.299  0.7740    0.0   0.0  0.022921  0.004671   0.0     0   0.0   0.0   0.0   0.0     0     0   0.0     0   0.0     0   0.0   0.0     0     0
0.434   4.857  0.8030    0.0   0.0  0.023780  0.004848   0.0     0   0.0   0.0   0.0   0.0     0     0   0.0     0   0.0     0   0.0   0.0     0     0
0.366   4.308  0.7905    0.0   0.0  0.016506  0.004750   0.0     0   0.0   0.0   0.0   0.0     0     0   0.0     0   0.0     0   0.0   0.0     0     0
0.332   4.011  0.7855    0.0   0.0  0.024802  0.004750   0.0     0   0.0   0.0   0.0   0.0     0     0   0.0     0   0.0     0   0.0   0.0     0     0
0.306   3.777  0.7630    0.0   0.0  0.026343  0.004627   0.0     0   0.0   0.0   0.0   0.0     0     0   0.0     0   0.0     0   0.0   0.0     0     0
0.281   3.535  0.7955    0.0   0.0  0.030603  0.004860   0.0     0   0.0   0.0   0.0   0.0     0     0   0.0     0   0.0     0   0.0   0.0     0     0
0.259   3.319  0.9025    0.0   0.0  0.040972  0.005661   0.0     0   0.0   0.0   0.0   0.0     0     0   0.0     0   0.0     0   0.0   0.0     0     0
0.237   3.095  0.8795    0.0   0.0  0.040800  0.005525   0.0     0   0.0   0.0   0.0   0.0     0     0   0.0     0   0.0     0   0.0   0.0     0     0
0.196   2.650  0.9395    0.0   0.0  0.048245  0.006087   0.0     0   0.0   0.0   0.0   0.0     0     0   0.0     0   0.0     0   0.0   0.0     0     0
0.158   2.211  0.8365    0.0   0.0  0.079626  0.008067   0.0     0   0.0   0.0   0.0   0.0     0     0   0.0     0   0.0     0   0.0   0.0     0     0
0.781  10.849  0.7320    0.0   0.0  0.046325  0.004880   0.0     0   0.0   0.0   0.0   0.0     0     0   0.0     0   0.0     0   0.0   0.0     0     0
0.714  10.246  0.6935    0.0   0.0  0.034924  0.004331   0.0     0   0.0   0.0   0.0   0.0     0     0   0.0     0   0.0     0   0.0   0.0     0     0
0.651   9.646  0.7385    0.0   0.0  0.031332  0.004534   0.0     0   0.0   0.0   0.0   0.0     0     0   0.0     0   0.0     0   0.0   0.0     0     0
0.591   9.043  0.7405    0.0   0.0  0.032150  0.004557   0.0     0   0.0   0.0   0.0   0.0     0     0   0.0     0   0.0     0   0.0   0.0     0     0
0.535   8.440  0.7225    0.0   0.0  0.021396  0.004357   0.0     0   0.0   0.0   0.0   0.0     0     0   0.0     0   0.0     0   0.0   0.0     0     0
0.483   7.837  0.7620    0.0   0.0  0.024060  0.004606   0.0     0   0.0   0.0   0.0   0.0     0     0   0.0     0   0.0     0   0.0   0.0     0     0
0.433   7.234  0.8125    0.0   0.0  0.025655  0.004916   0.0     0   0.0   0.0   0.0   0.0     0     0   0.0     0   0.0     0   0.0   0.0     0     0
0.386   6.631  0.7860    0.0   0.0  0.026363  0.004764   0.0     0   0.0   0.0   0.0   0.0     0     0   0.0     0   0.0     0   0.0   0.0     0     0
0.342   6.029  0.8465    0.0   0.0  0.028392  0.005139   0.0     0   0.0   0.0   0.0   0.0     0     0   0.0     0   0.0     0   0.0   0.0     0     0
0.287   5.236  0.8365    0.0   0.0  0.025592  0.005058   0.0     0   0.0   0.0   0.0   0.0     0     0   0.0     0   0.0     0   0.0   0.0     0     0
0.260   4.823  0.8845    0.0   0.0  0.037526  0.005484   0.0     0   0.0   0.0   0.0   0.0     0     0   0.0     0   0.0     0   0.0   0.0     0     0
0.210   4.027  0.8295    0.0   0.0  0.079787  0.008061   0.0     0   0.0   0.0   0.0   0.0     0     0   0.0     0   0.0     0   0.0   0.0     0     0
0.872  15.981  0.9355    0.0   0.0  0.158199  0.025618   0.0     0   0.0   0.0   0.0   0.0     0     0   0.0     0   0.0     0   0.0   0.0     0     0
0.809  15.220  0.8335    0.0   0.0  0.133425  0.018267   0.0     0   0.0   0.0   0.0   0.0     0     0   0.0     0   0.0     0   0.0   0.0     0     0
0.750  14.459  0.6710    0.0   0.0  0.047090  0.004015   0.0     0   0.0   0.0   0.0   0.0     0     0   0.0     0   0.0     0   0.0   0.0     0     0
0.694  13.698  0.6915    0.0   0.0  0.034747  0.003658   0.0     0   0.0   0.0   0.0   0.0     0     0   0.0     0   0.0     0   0.0   0.0     0     0
0.640  12.937  0.7005    0.0   0.0  0.030324  0.003618   0.0     0   0.0   0.0   0.0   0.0     0     0   0.0     0   0.0     0   0.0   0.0     0     0
0.589  12.176  0.7755    0.0   0.0  0.032031  0.004007   0.0     0   0.0   0.0   0.0   0.0     0     0   0.0     0   0.0     0   0.0   0.0     0     0
0.540  11.415  0.7490    0.0   0.0  0.031680  0.003874   0.0     0   0.0   0.0   0.0   0.0     0     0   0.0     0   0.0     0   0.0   0.0     0     0
0.493  10.654  0.7565    0.0   0.0  0.030495  0.003892   0.0     0   0.0   0.0   0.0   0.0     0     0   0.0     0   0.0     0   0.0   0.0     0     0
0.448   9.893  0.8085    0.0   0.0  0.032592  0.004176   0.0     0   0.0   0.0   0.0   0.0     0     0   0.0     0   0.0     0   0.0   0.0     0     0
0.405   9.132  0.8010    0.0   0.0  0.031495  0.004122   0.0     0   0.0   0.0   0.0   0.0     0     0   0.0     0   0.0     0   0.0   0.0     0     0
0.364   8.371  0.8150    0.0   0.0  0.032854  0.004211   0.0     0   0.0   0.0   0.0   0.0     0     0   0.0     0   0.0     0   0.0   0.0     0     0
0.316   7.444  0.8280    0.0   0.0  0.024366  0.004180   0.0     0   0.0   0.0   0.0   0.0     0     0   0.0     0   0.0     0   0.0   0.0     0     0
0.286   6.849  0.8450    0.0   0.0  0.043302  0.004615   0.0     0   0.0   0.0   0.0   0.0     0     0   0.0     0   0.0     0   0.0   0.0     0     0
0.249   6.088  0.9740    0.0   0.0  0.064468  0.006387   0.0     0   0.0   0.0   0.0   0.0     0     0   0.0     0   0.0     0   0.0   0.0     0     0
0.214   5.327  0.8780    0.0   0.0  0.038881  0.004637   0.0     0   0.0   0.0   0.0   0.0     0     0   0.0     0   0.0     0   0.0   0.0     0     0
0.854  20.078  0.8785    0.0   0.0  0.121348  0.015614   0.0     0   0.0   0.0   0.0   0.0     0     0   0.0     0   0.0     0   0.0   0.0     0     0
0.799  19.165  0.7155    0.0   0.0  0.082360  0.007657   0.0     0   0.0   0.0   0.0   0.0     0     0   0.0     0   0.0     0   0.0   0.0     0     0
0.746  18.251  0.7195    0.0   0.0  0.056236  0.004781   0.0     0   0.0   0.0   0.0   0.0     0     0   0.0     0   0.0     0   0.0   0.0     0     0
0.668  16.816  0.7105    0.0   0.0  0.031463  0.003684   0.0     0   0.0   0.0   0.0   0.0     0     0   0.0     0   0.0     0   0.0   0.0     0     0
0.599  15.504  0.6845    0.0   0.0  0.033715  0.003603   0.0     0   0.0   0.0   0.0   0.0     0     0   0.0     0   0.0     0   0.0   0.0     0     0
0.554  14.591  0.7185    0.0   0.0  0.033960  0.003769   0.0     0   0.0   0.0   0.0   0.0     0     0   0.0     0   0.0     0   0.0   0.0     0     0
0.510  13.681  0.7600    0.0   0.0  0.038946  0.004086   0.0     0   0.0   0.0   0.0   0.0     0     0   0.0     0   0.0     0   0.0   0.0     0     0
0.468  12.761  0.7705    0.0   0.0  0.030295  0.003957   0.0     0   0.0   0.0   0.0   0.0     0     0   0.0     0   0.0     0   0.0   0.0     0     0
0.428  11.862  0.7425    0.0   0.0  0.029195  0.003806   0.0     0   0.0   0.0   0.0   0.0     0     0   0.0     0   0.0     0   0.0   0.0     0     0
0.389  10.960  0.7435    0.0   0.0  0.032925  0.003868   0.0     0   0.0   0.0   0.0   0.0     0     0   0.0     0   0.0     0   0.0   0.0     0     0
0.349  10.021  0.7675    0.0   0.0  0.036276  0.004052   0.0     0   0.0   0.0   0.0   0.0     0     0   0.0     0   0.0     0   0.0   0.0     0     0
0.313   9.133  0.8330    0.0   0.0  0.044345  0.004599   0.0     0   0.0   0.0   0.0   0.0     0     0   0.0     0   0.0     0   0.0   0.0     0     0
0.278   8.220  0.8640    0.0   0.0  0.054603  0.005238   0.0     0   0.0   0.0   0.0   0.0     0     0   0.0     0   0.0     0   0.0   0.0     0     0
0.243   7.306  0.9465    0.0   0.0  0.090042  0.009368   0.0     0   0.0   0.0   0.0   0.0     0     0   0.0     0   0.0     0   0.0   0.0     0     0
0.547   2.772  0.7935    0.0   0.0  0.027269  0.004034   0.0     0   0.0   0.0   0.0   0.0     0     0   0.0     0   0.0     0   0.0   0.0     0     0
0.453   2.464  0.7605    0.0   0.0  0.024631  0.003848   0.0     0   0.0   0.0   0.0   0.0     0     0   0.0     0   0.0     0   0.0   0.0     0     0
0.370   2.156  0.8490    0.0   0.0  0.034224  0.004399   0.0     0   0.0   0.0   0.0   0.0     0     0   0.0     0   0.0     0   0.0   0.0     0     0
0.298   1.848  0.8530    0.0   0.0  0.031003  0.004368   0.0     0   0.0   0.0   0.0   0.0     0     0   0.0     0   0.0     0   0.0   0.0     0     0
0.234   1.540  0.8965    0.0   0.0  0.033472  0.004616   0.0     0   0.0   0.0   0.0   0.0     0     0   0.0     0   0.0     0   0.0   0.0     0     0
0.670   4.471  0.7005    0.0   0.0  0.025460  0.003560   0.0     0   0.0   0.0   0.0   0.0     0     0   0.0     0   0.0     0   0.0   0.0     0     0
0.556   3.974  0.7715    0.0   0.0  0.026513  0.003918   0.0     0   0.0   0.0   0.0   0.0     0     0   0.0     0   0.0     0   0.0   0.0     0     0
0.457   3.477  0.8000    0.0   0.0  0.025911  0.004053   0.0     0   0.0   0.0   0.0   0.0     0     0   0.0     0   0.0     0   0.0   0.0     0     0
0.369   2.980  0.7970    0.0   0.0  0.027389  0.004052   0.0     0   0.0   0.0   0.0   0.0     0     0   0.0     0   0.0     0   0.0   0.0     0     0
0.290   2.484  0.8450    0.0   0.0  0.027368  0.004288   0.0     0   0.0   0.0   0.0   0.0     0     0   0.0     0   0.0     0   0.0   0.0     0     0
0.220   1.987  0.8280    0.0   0.0  0.082076  0.007892   0.0     0   0.0   0.0   0.0   0.0     0     0   0.0     0   0.0     0   0.0   0.0     0     0
0.768   7.443  0.7160    0.0   0.0  0.048105  0.004256   0.0     0   0.0   0.0   0.0   0.0     0     0   0.0     0   0.0     0   0.0   0.0     0     0
0.666   6.767  0.7850    0.0   0.0  0.036323  0.004136   0.0     0   0.0   0.0   0.0   0.0     0     0   0.0     0   0.0     0   0.0   0.0     0     0
0.573   6.090  0.7225    0.0   0.0  0.026975  0.003683   0.0     0   0.0   0.0   0.0   0.0     0     0   0.0     0   0.0     0   0.0   0.0     0     0
0.488   5.413  0.7390    0.0   0.0  0.028324  0.003778   0.0     0   0.0   0.0   0.0   0.0     0     0   0.0     0   0.0     0   0.0   0.0     0     0
0.410   4.739  0.7775    0.0   0.0  0.029800  0.003984   0.0     0   0.0   0.0   0.0   0.0     0     0   0.0     0   0.0     0   0.0   0.0     0     0
0.332   4.006  0.8495    0.0   0.0  0.035931  0.004434   0.0     0   0.0   0.0   0.0   0.0     0     0   0.0     0   0.0     0   0.0   0.0     0     0
0.781  10.277  0.7705    0.0   0.0  0.114869  0.013732   0.0     0   0.0   0.0   0.0   0.0     0     0   0.0     0   0.0     0   0.0   0.0     0     0
0.691   9.421  0.7480    0.0   0.0  0.077135  0.007016   0.0     0   0.0   0.0   0.0   0.0     0     0   0.0     0   0.0     0   0.0   0.0     0     0
0.607   8.565  0.6970    0.0   0.0  0.054478  0.004570   0.0     0   0.0   0.0   0.0   0.0     0     0   0.0     0   0.0     0   0.0   0.0     0     0
0.529   7.708  0.7365    0.0   0.0  0.043609  0.004138   0.0     0   0.0   0.0   0.0   0.0     0     0   0.0     0   0.0     0   0.0   0.0     0     0
0.456   6.852  0.7180    0.0   0.0  0.037508  0.003851   0.0     0   0.0   0.0   0.0   0.0     0     0   0.0     0   0.0     0   0.0   0.0     0     0
0.387   5.995  0.7620    0.0   0.0  0.038290  0.004077   0.0     0   0.0   0.0   0.0   0.0     0     0   0.0     0   0.0     0   0.0   0.0     0     0
0.322   5.139  0.7975    0.0   0.0  0.036108  0.004190   0.0     0   0.0   0.0   0.0   0.0     0     0   0.0     0   0.0     0   0.0   0.0     0     0
0.800  13.918  1.0935    0.0   0.0  0.250471  0.062944   0.0     0   0.0   0.0   0.0   0.0     0     0   0.0     0   0.0     0   0.0   0.0     0     0
0.719  12.847  0.7540    0.0   0.0  0.086792  0.008411   0.0     0   0.0   0.0   0.0   0.0     0     0   0.0     0   0.0     0   0.0   0.0     0     0
0.642  11.777  0.7265    0.0   0.0  0.055333  0.004742   0.0     0   0.0   0.0   0.0   0.0     0     0   0.0     0   0.0     0   0.0   0.0     0     0
0.569  10.706  0.7160    0.0   0.0  0.049534  0.004333   0.0     0   0.0   0.0   0.0   0.0     0     0   0.0     0   0.0     0   0.0   0.0     0     0
0.500   9.635  0.7005    0.0   0.0  0.037989  0.003784   0.0     0   0.0   0.0   0.0   0.0     0     0   0.0     0   0.0     0   0.0   0.0     0     0
0.434   8.565  0.8620    0.0   0.0  0.045889  0.004789   0.0     0   0.0   0.0   0.0   0.0     0     0   0.0     0   0.0     0   0.0   0.0     0     0
0.371   7.494  0.7170    0.0   0.0  0.038884  0.003886   0.0     0   0.0   0.0   0.0   0.0     0     0   0.0     0   0.0     0   0.0   0.0     0     0
0.756  16.691  0.6945    0.0   0.0  0.097292  0.010071   0.0     0   0.0   0.0   0.0   0.0     0     0   0.0     0   0.0     0   0.0   0.0     0     0
0.683  15.407  0.7250    0.0   0.0  0.064627  0.005520   0.0     0   0.0   0.0   0.0   0.0     0     0   0.0     0   0.0     0   0.0   0.0     0     0
0.614  14.123  0.7975    0.0   0.0  0.055967  0.005061   0.0     0   0.0   0.0   0.0   0.0     0     0   0.0     0   0.0     0   0.0   0.0     0     0
0.547  12.839  0.6940    0.0   0.0  0.052166  0.004402   0.0     0   0.0   0.0   0.0   0.0     0     0   0.0     0   0.0     0   0.0   0.0     0     0
0.482  11.555  0.8340    0.0   0.0  0.068515  0.006266   0.0     0   0.0   0.0   0.0   0.0     0     0   0.0     0   0.0     0   0.0   0.0     0     0
0.421  10.271  0.8150    0.0   0.0  0.075091  0.006944   0.0     0   0.0   0.0   0.0   0.0     0     0   0.0     0   0.0     0   0.0   0.0     0     0
0.429   1.739  0.8060    0.0   0.0  0.008180  0.005642   0.0     0   0.5   0.0   0.0   0.0     0     0   0.0     0   0.2     0   0.0   0.0     0     0
0.377   1.714  0.8255    0.0   0.0  0.008004  0.005779   0.0     0   0.5   0.0   0.0   0.0     0     0   0.0     0   0.2     0   0.0   0.0     0     0
0.327   1.682  0.8345    0.0   0.0  0.008091  0.005842   0.0     0   0.5   0.0   0.0   0.0     0     0   0.0     0   0.2     0   0.0   0.0     0     0
0.277   1.642  0.8390    0.0   0.0  0.008134  0.005873   0.0     0   0.5   0.0   0.0   0.0     0     0   0.0     0   0.2     0   0.0   0.0     0     0
0.237   1.599  0.8640    0.0   0.0  0.008769  0.006048   0.0     0   0.5   0.0   0.0   0.0     0     0   0.0     0   0.2     0   0.0   0.0     0     0
0.176   1.504  0.8890    0.0   0.0  0.008619  0.006223   0.0     0   0.5   0.0   0.0   0.0     0     0   0.0     0   0.2     0   0.0   0.0     0     0
0.124   1.376  0.9175    0.0   0.0  0.010340  0.006423   0.0     0   0.5   0.0   0.0   0.0     0     0   0.0     0   0.2     0   0.0   0.0     0     0
0.102   1.292  0.9185    0.0   0.0  0.010945  0.006430   0.0     0   0.5   0.0   0.0   0.0     0     0   0.0     0   0.2     0   0.0   0.0     0     0
0.084   1.203  0.9445    0.0   0.0  0.015634  0.006614   0.0     0   0.5   0.0   0.0   0.0     0     0   0.0     0   0.2     0   0.0   0.0     0     0
0.068   1.107  0.9305    0.0   0.0  0.013864  0.006515   0.0     0   0.5   0.0   0.0   0.0     0     0   0.0     0   0.2     0   0.0   0.0     0     0
0.374   1.404  0.8445    0.0   0.0  0.009517  0.005912   0.0     0   0.5   0.0   0.0   0.0     0     0   0.0     0   0.2     0   0.0   0.0     0     0
0.322   1.380  0.8375    0.0   0.0  0.008942  0.005863   0.0     0   0.5   0.0   0.0   0.0     0     0   0.0     0   0.2     0   0.0   0.0     0     0
0.272   1.348  0.8495    0.0   0.0  0.008621  0.005947   0.0     0   0.5   0.0   0.0   0.0     0     0   0.0     0   0.2     0   0.0   0.0     0     0
0.221   1.303  0.8585    0.0   0.0  0.008713  0.006010   0.0     0   0.5   0.0   0.0   0.0     0     0   0.0     0   0.2     0   0.0   0.0     0     0
0.177   1.248  0.8985    0.0   0.0  0.010126  0.006290   0.0     0   0.5   0.0   0.0   0.0     0     0   0.0     0   0.2     0   0.0   0.0     0     0
0.124   1.147  0.9320    0.0   0.0  0.013886  0.006525   0.0     0   0.5   0.0   0.0   0.0     0     0   0.0     0   0.2     0   0.0   0.0     0     0
0.100   1.077  0.9155    0.0   0.0  0.013641  0.006410   0.0     0   0.5   0.0   0.0   0.0     0     0   0.0     0   0.2     0   0.0   0.0     0     0
0.081   1.002  0.9340    0.0   0.0  0.013916  0.006539   0.0     0   0.5   0.0   0.0   0.0     0     0   0.0     0   0.2     0   0.0   0.0     0     0
0.065   0.921  0.9365    0.0   0.0  0.013954  0.006557   0.0     0   0.5   0.0   0.0   0.0     0     0   0.0     0   0.2     0   0.0   0.0     0     0
0.315   1.102  0.8685    0.0   0.0  0.008814  0.006080   0.0     0   0.5   0.0   0.0   0.0     0     0   0.0     0   0.2     0   0.0   0.0     0     0
0.266   1.078  0.8575    0.0   0.0  0.008314  0.006003   0.0     0   0.5   0.0   0.0   0.0     0     0   0.0     0   0.2     0   0.0   0.0     0     0
0.218   1.047  0.8790    0.0   0.0  0.008522  0.006153   0.0     0   0.5   0.0   0.0   0.0     0     0   0.0     0   0.2     0   0.0   0.0     0     0
0.167   0.998  0.8945    0.0   0.0  0.008672  0.006262   0.0     0   0.5   0.0   0.0   0.0     0     0   0.0     0   0.2     0   0.0   0.0     0     0
0.125   0.936  0.9235    0.0   0.0  0.013028  0.006465   0.0     0   0.5   0.0   0.0   0.0     0     0   0.0     0   0.2     0   0.0   0.0     0     0
0.097   0.874  0.9230    0.0   0.0  0.014506  0.006463   0.0     0   0.5   0.0   0.0   0.0     0     0   0.0     0   0.2     0   0.0   0.0     0     0
0.077   0.811  0.9630    0.0   0.0  0.015135  0.006743   0.0     0   0.5   0.0   0.0   0.0     0     0   0.0     0   0.2     0   0.0   0.0     0     0
0.228   0.716  0.9175    0.0   0.0  0.008558  0.006423   0.0     0   0.5   0.0   0.0   0.0     0     0   0.0     0   0.2     0   0.0   0.0     0     0
0.181   0.692  0.9145    0.0   0.0  0.008866  0.006402   0.0     0   0.5   0.0   0.0   0.0     0     0   0.0     0   0.2     0   0.0   0.0     0     0
0.136   0.657  0.9155    0.0   0.0  0.009775  0.006409   0.0     0   0.5   0.0   0.0   0.0     0     0   0.0     0   0.2     0   0.0   0.0     0     0
0.102   0.617  0.9340    0.0   0.0  0.009972  0.006538   0.0     0   0.5   0.0   0.0   0.0     0     0   0.0     0   0.2     0   0.0   0.0     0     0
0.082   0.581  0.9460    0.0   0.0  0.011929  0.006622   0.0     0   0.5   0.0   0.0   0.0     0     0   0.0     0   0.2     0   0.0   0.0     0     0
0.748  11.773  0.7005    0.0   0.0  0.033346  0.003653   0.0     0   0.0   0.5   0.0   0.0     0     0   0.0     0   0.0     1   0.0   0.0     0     0
0.702  11.422  0.7145    0.0   0.0  0.019252  0.003585   0.0     0   0.0   0.5   0.0   0.0     0     0   0.0     0   0.0     1   0.0   0.0     0     0
0.647  10.975  0.7270    0.0   0.0  0.014078  0.003637   0.0     0   0.0   0.5   0.0   0.0     0     0   0.0     0   0.0     1   0.0   0.0     0     0
0.604  10.594  0.7240    0.0   0.0  0.011919  0.003621   0.0     0   0.0   0.5   0.0   0.0     0     0   0.0     0   0.0     1   0.0   0.0     0     0
0.552  10.101  0.7425    0.0   0.0  0.018051  0.003720   0.0     0   0.0   0.5   0.0   0.0     0     0   0.0     0   0.0     1   0.0   0.0     0     0
0.498   9.544  0.7670    0.0   0.0  0.019313  0.003846   0.0     0   0.0   0.5   0.0   0.0     0     0   0.0     0   0.0     1   0.0   0.0     0     0
0.448   8.976  0.7580    0.0   0.0  0.019086  0.003800   0.0     0   0.0   0.5   0.0   0.0     0     0   0.0     0   0.0     1   0.0   0.0     0     0
0.406   8.450  0.7475    0.0   0.0  0.019478  0.003749   0.0     0   0.0   0.5   0.0   0.0     0     0   0.0     0   0.0     1   0.0   0.0     0     0
0.368   7.942  0.7890    0.0   0.0  0.020559  0.003959   0.0     0   0.0   0.5   0.0   0.0     0     0   0.0     0   0.0     1   0.0   0.0     0     0
0.334   7.463  0.8230    0.0   0.0  0.017244  0.004120   0.0     0   0.0   0.5   0.0   0.0     0     0   0.0     0   0.0     1   0.0   0.0     0     0
0.313   7.142  0.8130    0.0   0.0  0.027099  0.004114   0.0     0   0.0   0.5   0.0   0.0     0     0   0.0     0   0.0     1   0.0   0.0     0     0
0.786   9.051  0.7035    0.0   0.0  0.016499  0.003523   0.0     0   0.0   0.5   0.0   0.0     0     0   0.0     0   0.0     1   0.0   0.0     0     0
0.736   8.806  0.7230    0.0   0.0  0.015741  0.003619   0.0     0   0.0   0.5   0.0   0.0     0     0   0.0     0   0.0     1   0.0   0.0     0     0
0.681   8.514  0.7090    0.0   0.0  0.017852  0.003553   0.0     0   0.0   0.5   0.0   0.0     0     0   0.0     0   0.0     1   0.0   0.0     0     0
0.630   8.219  0.7360    0.0   0.0  0.021821  0.003701   0.0     0   0.0   0.5   0.0   0.0     0     0   0.0     0   0.0     1   0.0   0.0     0     0
0.577   7.883  0.7350    0.0   0.0  0.019152  0.003686   0.0     0   0.0   0.5   0.0   0.0     0     0   0.0     0   0.0     1   0.0   0.0     0     0
0.528   7.542  0.7710    0.0   0.0  0.018082  0.003862   0.0     0   0.0   0.5   0.0   0.0     0     0   0.0     0   0.0     1   0.0   0.0     0     0
0.474   7.134  0.7660    0.0   0.0  0.017316  0.003836   0.0     0   0.0   0.5   0.0   0.0     0     0   0.0     0   0.0     1   0.0   0.0     0     0
0.427   6.735  0.8025    0.0   0.0  0.017472  0.004018   0.0     0   0.0   0.5   0.0   0.0     0     0   0.0     0   0.0     1   0.0   0.0     0     0
0.382   6.314  0.8285    0.0   0.0  0.018728  0.004150   0.0     0   0.0   0.5   0.0   0.0     0     0   0.0     0   0.0     1   0.0   0.0     0     0
0.352   6.013  0.7865    0.0   0.0  0.026215  0.003977   0.0     0   0.0   0.5   0.0   0.0     0     0   0.0     0   0.0     1   0.0   0.0     0     0
0.730   6.556  0.6950    0.0   0.0  0.019348  0.003488   0.0     0   0.0   0.5   0.0   0.0     0     0   0.0     0   0.0     1   0.0   0.0     0     0
0.679   6.375  0.7425    0.0   0.0  0.018696  0.003722   0.0     0   0.0   0.5   0.0   0.0     0     0   0.0     0   0.0     1   0.0   0.0     0     0
0.625   6.159  0.7170    0.0   0.0  0.019319  0.003597   0.0     0   0.0   0.5   0.0   0.0     0     0   0.0     0   0.0     1   0.0   0.0     0     0
0.568   5.911  0.7230    0.0   0.0  0.020779  0.003632   0.0     0   0.0   0.5   0.0   0.0     0     0   0.0     0   0.0     1   0.0   0.0     0     0
0.511   5.631  0.7710    0.0   0.0  0.021464  0.003873   0.0     0   0.0   0.5   0.0   0.0     0     0   0.0     0   0.0     1   0.0   0.0     0     0
0.459   5.345  0.7780    0.0   0.0  0.020963  0.003906   0.0     0   0.0   0.5   0.0   0.0     0     0   0.0     0   0.0     1   0.0   0.0     0     0
0.416   5.089  0.7540    0.0   0.0  0.023736  0.003800   0.0     0   0.0   0.5   0.0   0.0     0     0   0.0     0   0.0     1   0.0   0.0     0     0
0.384   4.877  0.8040    0.0   0.0  0.113791  0.013465   0.0     0   0.0   0.5   0.0   0.0     0     0   0.0     0   0.0     1   0.0   0.0     0     0
0.646   4.357  0.7550    0.0   0.0  0.015213  0.003778   0.0     0   0.0   0.5   0.0   0.0     0     0   0.0     0   0.0     1   0.0   0.0     0     0
0.595   4.228  0.7570    0.0   0.0  0.013520  0.003786   0.0     0   0.0   0.5   0.0   0.0     0     0   0.0     0   0.0     1   0.0   0.0     0     0
0.543   4.080  0.7440    0.0   0.0  0.012248  0.003721   0.0     0   0.0   0.5   0.0   0.0     0     0   0.0     0   0.0     1   0.0   0.0     0     0
0.506   3.963  0.7735    0.0   0.0  0.026503  0.003916   0.0     0   0.0   0.5   0.0   0.0     0     0   0.0     0   0.0     1   0.0   0.0     0     0
0.870  18.657  0.8260    0.0   0.0  0.027668  0.004999   0.0     0   0.0   0.5   0.0   0.0     0     0   0.0     0   0.0     1   0.0   0.0     0     0
0.825  18.098  0.7410    0.0   0.0  0.021438  0.004461   0.0     0   0.0   0.5   0.0   0.0     0     0   0.0     0   0.0     1   0.0   0.0     0     0
0.770  17.379  0.7660    0.0   0.0  0.022710  0.003854   0.0     0   0.0   0.5   0.0   0.0     0     0   0.0     0   0.0     1   0.0   0.0     0     0
0.720  16.674  0.7205    0.0   0.0  0.020707  0.003620   0.0     0   0.0   0.5   0.0   0.0     0     0   0.0     0   0.0     1   0.0   0.0     0     0
0.668  15.916  0.7030    0.0   0.0  0.019571  0.003529   0.0     0   0.0   0.5   0.0   0.0     0     0   0.0     0   0.0     1   0.0   0.0     0     0
0.615  15.091  0.6920    0.0   0.0  0.018646  0.003471   0.0     0   0.0   0.5   0.0   0.0     0     0   0.0     0   0.0     1   0.0   0.0     0     0
0.565  14.255  0.7130    0.0   0.0  0.019211  0.003577   0.0     0   0.0   0.5   0.0   0.0     0     0   0.0     0   0.0     1   0.0   0.0     0     0
0.517  13.421  0.7380    0.0   0.0  0.019885  0.003703   0.0     0   0.0   0.5   0.0   0.0     0     0   0.0     0   0.0     1   0.0   0.0     0     0
0.471  12.581  0.7475    0.0   0.0  0.021483  0.003757   0.0     0   0.0   0.5   0.0   0.0     0     0   0.0     0   0.0     1   0.0   0.0     0     0
0.437  11.905  0.7800    0.0   0.0  0.027456  0.003956   0.0     0   0.0   0.5   0.0   0.0     0     0   0.0     0   0.0     1   0.0   0.0     0     0
0.412  11.417  0.6055    0.0   0.0  0.081475  0.007246   0.0     0   0.0   0.5   0.0   0.0     0     0   0.0     0   0.0     1   0.0   0.0     0     0
0.856  15.909  0.8380    0.0   0.0  0.025761  0.005058   0.0     0   0.0   0.5   0.0   0.0     0     0   0.0     0   0.0     1   0.0   0.0     0     0
0.807  15.401  0.7405    0.0   0.0  0.019952  0.003716   0.0     0   0.0   0.5   0.0   0.0     0     0   0.0     0   0.0     1   0.0   0.0     0     0
0.754  14.808  0.7200    0.0   0.0  0.022004  0.003623   0.0     0   0.0   0.5   0.0   0.0     0     0   0.0     0   0.0     1   0.0   0.0     0     0
0.700  14.180  0.7160    0.0   0.0  0.019933  0.003594   0.0     0   0.0   0.5   0.0   0.0     0     0   0.0     0   0.0     1   0.0   0.0     0     0
0.649  13.540  0.7500    0.0   0.0  0.020879  0.003766   0.0     0   0.0   0.5   0.0   0.0     0     0   0.0     0   0.0     1   0.0   0.0     0     0
0.600  12.883  0.7655    0.0   0.0  0.020626  0.003842   0.0     0   0.0   0.5   0.0   0.0     0     0   0.0     0   0.0     1   0.0   0.0     0     0
0.545  12.108  0.7445    0.0   0.0  0.019400  0.003734   0.0     0   0.0   0.5   0.0   0.0     0     0   0.0     0   0.0     1   0.0   0.0     0     0
0.491  11.301  0.7690    0.0   0.0  0.016742  0.003850   0.0     0   0.0   0.5   0.0   0.0     0     0   0.0     0   0.0     1   0.0   0.0     0     0
0.456  10.738  0.7785    0.0   0.0  0.012816  0.003893   0.0     0   0.0   0.5   0.0   0.0     0     0   0.0     0   0.0     1   0.0   0.0     0     0
0.432  10.341  0.7290    0.0   0.0  0.032594  0.003775   0.0     0   0.0   0.5   0.0   0.0     0     0   0.0     0   0.0     1   0.0   0.0     0     0
0.821  11.894  0.7755    0.0   0.0  0.032441  0.003995   0.0     0   0.0   0.5   0.0   0.0     0     0   0.0     0   0.0     1   0.0   0.0     0     0
0.774  11.539  0.7195    0.0   0.0  0.021989  0.003620   0.0     0   0.0   0.5   0.0   0.0     0     0   0.0     0   0.0     1   0.0   0.0     0     0
0.724  11.130  0.6810    0.0   0.0  0.021438  0.003427   0.0     0   0.0   0.5   0.0   0.0     0     0   0.0     0   0.0     1   0.0   0.0     0     0
0.668  10.641  0.7315    0.0   0.0  0.021687  0.003678   0.0     0   0.0   0.5   0.0   0.0     0     0   0.0     0   0.0     1   0.0   0.0     0     0
0.617  10.166  0.7155    0.0   0.0  0.019919  0.003592   0.0     0   0.0   0.5   0.0   0.0     0     0   0.0     0   0.0     1   0.0   0.0     0     0
0.566   9.656  0.7310    0.0   0.0  0.019696  0.003668   0.0     0   0.0   0.5   0.0   0.0     0     0   0.0     0   0.0     1   0.0   0.0     0     0
0.514   9.093  0.7210    0.0   0.0  0.019427  0.003617   0.0     0   0.0   0.5   0.0   0.0     0     0   0.0     0   0.0     1   0.0   0.0     0     0
0.479   8.695  0.8070    0.0   0.0  0.054965  0.004983   0.0     0   0.0   0.5   0.0   0.0     0     0   0.0     0   0.0     1   0.0   0.0     0     0
0.780   8.814  0.7410    0.0   0.0  0.021296  0.003724   0.0     0   0.0   0.5   0.0   0.0     0     0   0.0     0   0.0     1   0.0   0.0     0     0
0.727   8.513  0.7100    0.0   0.0  0.018501  0.003560   0.0     0   0.0   0.5   0.0   0.0     0     0   0.0     0   0.0     1   0.0   0.0     0     0
0.672   8.179  0.7110    0.0   0.0  0.017285  0.003562   0.0     0   0.0   0.5   0.0   0.0     0     0   0.0     0   0.0     1   0.0   0.0     0     0
0.621   7.848  0.7100    0.0   0.0  0.016651  0.003556   0.0     0   0.0   0.5   0.0   0.0     0     0   0.0     0   0.0     1   0.0   0.0     0     0
0.573   7.505  0.7515    0.0   0.0  0.022967  0.003783   0.0     0   0.0   0.5   0.0   0.0     0     0   0.0     0   0.0     1   0.0   0.0     0     0
0.537   7.233  0.6920    0.0   0.0  0.058058  0.004781   0.0     0   0.0   0.5   0.0   0.0     0     0   0.0     0   0.0     1   0.0   0.0     0     0
0.880  20.481  0.8415    0.0   0.0  0.038535  0.005232   0.0     0   0.0   0.5   0.0   0.0     0     0   0.0     0   0.0     1   0.0   0.0     0     0
0.832  19.697  0.7850    0.0   0.0  0.028369  0.003989   0.0     0   0.0   0.5   0.0   0.0     0     0   0.0     0   0.0     1   0.0   0.0     0     0
0.780  18.814  0.7480    0.0   0.0  0.025629  0.003784   0.0     0   0.0   0.5   0.0   0.0     0     0   0.0     0   0.0     1   0.0   0.0     0     0
0.730  17.934  0.7035    0.0   0.0  0.025424  0.003564   0.0     0   0.0   0.5   0.0   0.0     0     0   0.0     0   0.0     1   0.0   0.0     0     0
0.676  16.950  0.7500    0.0   0.0  0.025698  0.003794   0.0     0   0.0   0.5   0.0   0.0     0     0   0.0     0   0.0     1   0.0   0.0     0     0
0.617  15.822  0.7145    0.0   0.0  0.021836  0.003595   0.0     0   0.0   0.5   0.0   0.0     0     0   0.0     0   0.0     1   0.0   0.0     0     0
0.566  14.811  0.7400    0.0   0.0  0.025355  0.003742   0.0     0   0.0   0.5   0.0   0.0     0     0   0.0     0   0.0     1   0.0   0.0     0     0
0.522  13.896  0.7590    0.0   0.0  0.026006  0.003841   0.0     0   0.0   0.5   0.0   0.0     0     0   0.0     0   0.0     1   0.0   0.0     0     0
0.483  13.069  0.7710    0.0   0.0  0.027863  0.003916   0.0     0   0.0   0.5   0.0   0.0     0     0   0.0     0   0.0     1   0.0   0.0     0     0
0.460  12.579  0.7275    0.0   0.0  0.052415  0.004511   0.0     0   0.0   0.5   0.0   0.0     0     0   0.0     0   0.0     1   0.0   0.0     0     0
0.851  15.700  0.8225    0.0   0.0  0.030499  0.004195   0.0     0   0.0   0.5   0.0   0.0     0     0   0.0     0   0.0     1   0.0   0.0     0     0
0.804  15.114  0.7330    0.0   0.0  0.020406  0.003680   0.0     0   0.0   0.5   0.0   0.0     0     0   0.0     0   0.0     1   0.0   0.0     0     0
0.753  14.467  0.7290    0.0   0.0  0.020295  0.003660   0.0     0   0.0   0.5   0.0   0.0     0     0   0.0     0   0.0     1   0.0   0.0     0     0
0.696  13.698  0.6920    0.0   0.0  0.022423  0.003487   0.0     0   0.0   0.5   0.0   0.0     0     0   0.0     0   0.0     1   0.0   0.0     0     0
0.641  12.925  0.7310    0.0   0.0  0.021673  0.003676   0.0     0   0.0   0.5   0.0   0.0     0     0   0.0     0   0.0     1   0.0   0.0     0     0
0.589  12.152  0.7500    0.0   0.0  0.020879  0.003766   0.0     0   0.0   0.5   0.0   0.0     0     0   0.0     0   0.0     1   0.0   0.0     0     0
0.538  11.373  0.7370    0.0   0.0  0.023201  0.003713   0.0     0   0.0   0.5   0.0   0.0     0     0   0.0     0   0.0     1   0.0   0.0     0     0
0.494  10.661  0.7825    0.0   0.0  0.031987  0.004022   0.0     0   0.0   0.5   0.0   0.0     0     0   0.0     0   0.0     1   0.0   0.0     0     0
0.814  11.096  0.7285    0.0   0.0  0.029085  0.003722   0.0     0   0.0   0.5   0.0   0.0     0     0   0.0     0   0.0     1   0.0   0.0     0     0
0.769  10.717  0.6920    0.0   0.0  0.028948  0.003544   0.0     0   0.0   0.5   0.0   0.0     0     0   0.0     0   0.0     1   0.0   0.0     0     0
0.713  10.215  0.7385    0.0   0.0  0.025995  0.003740   0.0     0   0.0   0.5   0.0   0.0     0     0   0.0     0   0.0     1   0.0   0.0     0     0
0.650   9.617  0.7280    0.0   0.0  0.022918  0.003667   0.0     0   0.0   0.5   0.0   0.0     0     0   0.0     0   0.0     1   0.0   0.0     0     0
0.591   9.017  0.7755    0.0   0.0  0.024413  0.003910   0.0     0   0.0   0.5   0.0   0.0     0     0   0.0     0   0.0     1   0.0   0.0     0     0
0.535   8.410  0.7460    0.0   0.0  0.024173  0.003763   0.0     0   0.0   0.5   0.0   0.0     0     0   0.0     0   0.0     1   0.0   0.0     0     0
0.736   6.731  0.7195    0.0   0.0  0.018117  0.003606   0.0     0   0.0   0.5   0.0   0.0     0     0   0.0     0   0.0     1   0.0   0.0     0     0
0.687   6.471  0.7130    0.0   0.0  0.021139  0.003584   0.0     0   0.0   0.5   0.0   0.0     0     0   0.0     0   0.0     1   0.0   0.0     0     0
0.635   6.182  0.7195    0.0   0.0  0.023982  0.003632   0.0     0   0.0   0.5   0.0   0.0     0     0   0.0     0   0.0     1   0.0   0.0     0     0
0.600   5.972  0.8080    0.0   0.0  0.124825  0.016002   0.0     0   0.0   0.5   0.0   0.0     0     0   0.0     0   0.0     1   0.0   0.0     0     0
0.831  17.948  0.7680    0.0   0.0  0.053820  0.004757   0.0     0   0.0   0.5   0.0   0.0     0     0   0.0     0   0.0     1   0.0   0.0     0     0
0.756  16.666  0.7040    0.0   0.0  0.032154  0.003648   0.0     0   0.0   0.5   0.0   0.0     0     0   0.0     0   0.0     1   0.0   0.0     0     0
0.683  15.384  0.7385    0.0   0.0  0.029485  0.003776   0.0     0   0.0   0.5   0.0   0.0     0     0   0.0     0   0.0     1   0.0   0.0     0     0
0.613  14.102  0.7560    0.0   0.0  0.029465  0.003860   0.0     0   0.0   0.5   0.0   0.0     0     0   0.0     0   0.0     1   0.0   0.0     0     0
0.546  12.820  0.7270    0.0   0.0  0.029025  0.003714   0.0     0   0.0   0.5   0.0   0.0     0     0   0.0     0   0.0     1   0.0   0.0     0     0
0.800  13.883  0.7205    0.0   0.0  0.032214  0.003728   0.0     0   0.0   0.5   0.0   0.0     0     0   0.0     0   0.0     1   0.0   0.0     0     0
0.719  12.815  0.7195    0.0   0.0  0.026680  0.003653   0.0     0   0.0   0.5   0.0   0.0     0     0   0.0     0   0.0     1   0.0   0.0     0     0
0.642  11.747  0.7035    0.0   0.0  0.026086  0.003569   0.0     0   0.0   0.5   0.0   0.0     0     0   0.0     0   0.0     1   0.0   0.0     0     0
0.569  10.679  0.7680    0.0   0.0  0.029204  0.003915   0.0     0   0.0   0.5   0.0   0.0     0     0   0.0     0   0.0     1   0.0   0.0     0     0
0.781  10.252  0.7350    0.0   0.0  0.031451  0.003786   0.0     0   0.0   0.5   0.0   0.0     0     0   0.0     0   0.0     1   0.0   0.0     0     0
0.691   9.398  0.7575    0.0   0.0  0.028089  0.003852   0.0     0   0.0   0.5   0.0   0.0     0     0   0.0     0   0.0     1   0.0   0.0     0     0
0.607   8.543  0.6925    0.0   0.0  0.026333  0.003518   0.0     0   0.0   0.5   0.0   0.0     0     0   0.0     0   0.0     1   0.0   0.0     0     0
0.529   7.689  0.7635    0.0   0.0  0.037083  0.004029   0.0     0   0.0   0.5   0.0   0.0     0     0   0.0     0   0.0     1   0.0   0.0     0     0
0.893  30.091  1.3045    0.0   0.0  0.123156  0.016952   0.0     0   0.0   0.0   0.4   0.0     0     0   0.0     0   0.0     0   0.5   0.0     0     0
0.844  28.583  0.8925    0.0   0.0  0.047855  0.004992   0.0     0   0.0   0.0   0.4   0.0     0     0   0.0     0   0.0     0   0.5   0.0     0     0
0.788  26.790  0.8015    0.0   0.0  0.031929  0.004125   0.0     0   0.0   0.0   0.4   0.0     0     0   0.0     0   0.0     0   0.5   0.0     0     0
0.725  24.815  0.7690    0.0   0.0  0.035921  0.004043   0.0     0   0.0   0.0   0.4   0.0     0     0   0.0     0   0.0     0   0.5   0.0     0     0
0.667  22.919  0.7570    0.0   0.0  0.030157  0.003884   0.0     0   0.0   0.0   0.4   0.0     0     0   0.0     0   0.0     0   0.5   0.0     0     0
0.620  21.419  0.7465    0.0   0.0  0.034870  0.003914   0.0     0   0.0   0.0   0.4   0.0     0     0   0.0     0   0.0     0   0.5   0.0     0     0
0.585  20.267  0.6780    0.0   0.0  0.065996  0.005495   0.0     0   0.0   0.0   0.4   0.0     0     0   0.0     0   0.0     0   0.5   0.0     0     0
0.880  23.944  0.9315    0.0   0.0  0.060094  0.005859   0.0     0   0.0   0.0   0.4   0.0     0     0   0.0     0   0.0     0   0.5   0.0     0     0
0.840  22.962  0.8220    0.0   0.0  0.044888  0.004558   0.0     0   0.0   0.0   0.4   0.0     0     0   0.0     0   0.0     0   0.5   0.0     0     0
0.785  21.587  0.7375    0.0   0.0  0.035903  0.003895   0.0     0   0.0   0.0   0.4   0.0     0     0   0.0     0   0.0     0   0.5   0.0     0     0
0.729  20.168  0.7815    0.0   0.0  0.034967  0.004082   0.0     0   0.0   0.0   0.4   0.0     0     0   0.0     0   0.0     0   0.5   0.0     0     0
0.675  18.784  0.7760    0.0   0.0  0.036248  0.004084   0.0     0   0.0   0.0   0.4   0.0     0     0   0.0     0   0.0     0   0.5   0.0     0     0
0.633  17.702  0.7060    0.0   0.0  0.039950  0.003861   0.0     0   0.0   0.0   0.4   0.0     0     0   0.0     0   0.0     0   0.5   0.0     0     0
0.595  16.706  0.5710    0.0   0.0  0.106878  0.011753   0.0     0   0.0   0.0   0.4   0.0     0     0   0.0     0   0.0     0   0.5   0.0     0     0
0.875  19.421  0.7515    0.0   0.0  0.050719  0.004533   0.0     0   0.0   0.0   0.4   0.0     0     0   0.0     0   0.0     0   0.5   0.0     0     0
0.827  18.469  0.8045    0.0   0.0  0.042341  0.004387   0.0     0   0.0   0.0   0.4   0.0     0     0   0.0     0   0.0     0   0.5   0.0     0     0
0.775  17.412  0.7325    0.0   0.0  0.035660  0.003866   0.0     0   0.0   0.0   0.4   0.0     0     0   0.0     0   0.0     0   0.5   0.0     0     0
0.722  16.332  0.8025    0.0   0.0  0.041444  0.004348   0.0     0   0.0   0.0   0.4   0.0     0     0   0.0     0   0.0     0   0.5   0.0     0     0
0.671  15.289  0.7430    0.0   0.0  0.043515  0.004153   0.0     0   0.0   0.0   0.4   0.0     0     0   0.0     0   0.0     0   0.5   0.0     0     0
0.627  14.360  0.6780    0.0   0.0  0.043740  0.003878   0.0     0   0.0   0.0   0.4   0.0     0     0   0.0     0   0.0     0   0.5   0.0     0     0
0.582  13.413  0.7580    0.0   0.0  0.067742  0.005923   0.0     0   0.0   0.0   0.4   0.0     0     0   0.0     0   0.0     0   0.5   0.0     0     0
0.552  12.776  0.6995    0.0   0.0  0.098793  0.010337   0.0     0   0.0   0.0   0.4   0.0     0     0   0.0     0   0.0     0   0.5   0.0     0     0
0.842  14.263  0.8615    0.0   0.0  0.065847  0.006077   0.0     0   0.0   0.0   0.4   0.0     0     0   0.0     0   0.0     0   0.5   0.0     0     0
0.791  13.512  0.7330    0.0   0.0  0.038578  0.003942   0.0     0   0.0   0.0   0.4   0.0     0     0   0.0     0   0.0     0   0.5   0.0     0     0
0.736  12.679  0.7040    0.0   0.0  0.037748  0.003785   0.0     0   0.0   0.0   0.4   0.0     0     0   0.0     0   0.0     0   0.5   0.0     0     0
0.683  11.870  0.6800    0.0   0.0  0.032434  0.003550   0.0     0   0.0   0.0   0.4   0.0     0     0   0.0     0   0.0     0   0.5   0.0     0     0
0.634  11.103  0.7330    0.0   0.0  0.034240  0.003837   0.0     0   0.0   0.0   0.4   0.0     0     0   0.0     0   0.0     0   0.5   0.0     0     0
0.591  10.414  0.7190    0.0   0.0  0.035003  0.003787   0.0     0   0.0   0.0   0.4   0.0     0     0   0.0     0   0.0     0   0.5   0.0     0     0
0.545   9.677  0.7445    0.0   0.0  0.042865  0.004135   0.0     0   0.0   0.0   0.4   0.0     0     0   0.0     0   0.0     0   0.5   0.0     0     0
0.507   9.072  0.8755    0.0   0.0  0.111416  0.013115   0.0     0   0.0   0.0   0.4   0.0     0     0   0.0     0   0.0     0   0.5   0.0     0     0
0.761   7.612  0.7080    0.0   0.0  0.018611  0.003554   0.0     0   0.0   0.0   0.4   0.0     0     0   0.0     0   0.0     0   0.5   0.0     0     0
0.704   7.132  0.6980    0.0   0.0  0.017026  0.003500   0.0     0   0.0   0.0   0.4   0.0     0     0   0.0     0   0.0     0   0.5   0.0     0     0
0.655   6.714  0.6980    0.0   0.0  0.015068  0.003495   0.0     0   0.0   0.0   0.4   0.0     0     0   0.0     0   0.0     0   0.5   0.0     0     0
0.611   6.333  0.7385    0.0   0.0  0.019413  0.003708   0.0     0   0.0   0.0   0.4   0.0     0     0   0.0     0   0.0     0   0.5   0.0     0     0
0.566   5.935  0.7185    0.0   0.0  0.029327  0.003686   0.0     0   0.0   0.0   0.4   0.0     0     0   0.0     0   0.0     0   0.5   0.0     0     0
0.535   5.652  0.9105    0.0   0.0  0.105877  0.012048   0.0     0   0.0   0.0   0.4   0.0     0     0   0.0     0   0.0     0   0.5   0.0     0     0
0.711  23.730  0.6465    0.0   0.0  0.061642  0.004968   0.0     0   0.0   0.0   0.4   0.0     0     0   0.0     0   0.0     0   0.5   0.0     0     0
0.657  22.087  0.6930    0.0   0.0  0.031007  0.003588   0.0     0   0.0   0.0   0.4   0.0     0     0   0.0     0   0.0     0   0.5   0.0     0     0
0.609  20.590  0.8210    0.0   0.0  0.038350  0.004346   0.0     0   0.0   0.0   0.4   0.0     0     0   0.0     0   0.0     0   0.5   0.0     0     0
0.568  19.317  0.7915    0.0   0.0  0.035415  0.004139   0.0     0   0.0   0.0   0.4   0.0     0     0   0.0     0   0.0     0   0.5   0.0     0     0
0.522  17.846  0.8415    0.0   0.0  0.042627  0.004565   0.0     0   0.0   0.0   0.4   0.0     0     0   0.0     0   0.0     0   0.5   0.0     0     0
0.476  16.370  0.8205    0.0   0.0  0.049679  0.004765   0.0     0   0.0   0.0   0.4   0.0     0     0   0.0     0   0.0     0   0.5   0.0     0     0
0.434  14.994  0.8495    0.0   0.0  0.080151  0.007662   0.0     0   0.0   0.0   0.4   0.0     0     0   0.0     0   0.0     0   0.5   0.0     0     0
0.726  19.475  0.9080    0.0   0.0  0.112833  0.013465   0.0     0   0.0   0.0   0.4   0.0     0     0   0.0     0   0.0     0   0.5   0.0     0     0
0.673  18.202  0.7130    0.0   0.0  0.043877  0.004036   0.0     0   0.0   0.0   0.4   0.0     0     0   0.0     0   0.0     0   0.5   0.0     0     0
0.617  16.825  0.7575    0.0   0.0  0.054886  0.004816   0.0     0   0.0   0.0   0.4   0.0     0     0   0.0     0   0.0     0   0.5   0.0     0     0
0.576  15.795  0.7225    0.0   0.0  0.050197  0.004385   0.0     0   0.0   0.0   0.4   0.0     0     0   0.0     0   0.0     0   0.5   0.0     0     0
0.526  14.525  0.8165    0.0   0.0  0.056728  0.005171   0.0     0   0.0   0.0   0.4   0.0     0     0   0.0     0   0.0     0   0.5   0.0     0     0
0.471  13.117  0.7480    0.0   0.0  0.051969  0.004592   0.0     0   0.0   0.0   0.4   0.0     0     0   0.0     0   0.0     0   0.5   0.0     0     0
0.432  12.103  0.8970    0.0   0.0  0.080165  0.007793   0.0     0   0.0   0.0   0.4   0.0     0     0   0.0     0   0.0     0   0.5   0.0     0     0
0.405  11.394  0.9780    0.0   0.0  0.106898  0.012371   0.0     0   0.0   0.0   0.4   0.0     0     0   0.0     0   0.0     0   0.5   0.0     0     0
0.377  10.663  1.1165    0.0   0.0  0.558324  0.311693   0.0     0   0.0   0.0   0.4   0.0     0     0   0.0     0   0.0     0   0.5   0.0     0     0
0.736  16.305  0.6705    0.0   0.0  0.098714  0.010277   0.0     0   0.0   0.0   0.4   0.0     0     0   0.0     0   0.0     0   0.5   0.0     0     0
0.697  15.541  0.6235    0.0   0.0  0.058206  0.004585   0.0     0   0.0   0.0   0.4   0.0     0     0   0.0     0   0.0     0   0.5   0.0     0     0
0.647  14.558  0.7365    0.0   0.0  0.055561  0.004782   0.0     0   0.0   0.0   0.4   0.0     0     0   0.0     0   0.0     0   0.5   0.0     0     0
0.593  13.467  0.7130    0.0   0.0  0.066562  0.005661   0.0     0   0.0   0.0   0.4   0.0     0     0   0.0     0   0.0     0   0.5   0.0     0     0
0.549  12.558  0.7165    0.0   0.0  0.066888  0.005705   0.0     0   0.0   0.0   0.4   0.0     0     0   0.0     0   0.0     0   0.5   0.0     0     0
0.505  11.649  0.7675    0.0   0.0  0.062479  0.005446   0.0     0   0.0   0.0   0.4   0.0     0     0   0.0     0   0.0     0   0.5   0.0     0     0
0.462  10.739  0.7880    0.0   0.0  0.051619  0.004734   0.0     0   0.0   0.0   0.4   0.0     0     0   0.0     0   0.0     0   0.5   0.0     0     0
0.430  10.058  0.7930    0.0   0.0  0.069291  0.006195   0.0     0   0.0   0.0   0.4   0.0     0     0   0.0     0   0.0     0   0.5   0.0     0     0
0.405   9.515  0.7835    0.0   0.0  0.117697  0.014357   0.0     0   0.0   0.0   0.4   0.0     0     0   0.0     0   0.0     0   0.5   0.0     0     0
0.724   7.481  0.5095    0.0   0.0  0.069416  0.005435   0.0     0   0.0   0.0   0.4   0.0     0     0   0.0     0   0.0     0   0.5   0.0     0     0
0.678   7.101  0.8385    0.0   0.0  0.073267  0.006775   0.0     0   0.0   0.0   0.4   0.0     0     0   0.0     0   0.0     0   0.5   0.0     0     0
0.622   6.619  0.7570    0.0   0.0  0.060871  0.005270   0.0     0   0.0   0.0   0.4   0.0     0     0   0.0     0   0.0     0   0.5   0.0     0     0
0.568   6.152  0.7370    0.0   0.0  0.049009  0.004379   0.0     0   0.0   0.0   0.4   0.0     0     0   0.0     0   0.0     0   0.5   0.0     0     0
0.524   5.748  0.7580    0.0   0.0  0.054922  0.004820   0.0     0   0.0   0.0   0.4   0.0     0     0   0.0     0   0.0     0   0.5   0.0     0     0
0.483   5.374  0.8035    0.0   0.0  0.051040  0.004765   0.0     0   0.0   0.0   0.4   0.0     0     0   0.0     0   0.0     0   0.5   0.0     0     0
0.442   4.977  0.6965    0.0   0.0  0.039412  0.003800   0.0     0   0.0   0.0   0.4   0.0     0     0   0.0     0   0.0     0   0.5   0.0     0     0
0.402   4.583  0.7605    0.0   0.0  0.038524  0.004068   0.0     0   0.0   0.0   0.4   0.0     0     0   0.0     0   0.0     0   0.5   0.0     0     0
0.363   4.193  0.7510    0.0   0.0  0.032864  0.003897   0.0     0   0.0   0.0   0.4   0.0     0     0   0.0     0   0.0     0   0.5   0.0     0     0
0.329   3.850  0.6685    0.0   0.0  0.059744  0.004869   0.0     0   0.0   0.0   0.4   0.0     0     0   0.0     0   0.0     0   0.5   0.0     0     0
0.420   1.681  0.8110    0.0   0.0  0.009766  0.004056   0.0     0   0.0   0.0   0.0   0.4     0     0   0.0     0   0.0     0   0.0   0.2     0     0
0.364   1.641  0.7935    0.0   0.0  0.014502  0.003972   0.0     0   0.0   0.0   0.0   0.4     0     0   0.0     0   0.0     0   0.0   0.2     0     0
0.324   1.606  0.8245    0.0   0.0  0.015838  0.004128   0.0     0   0.0   0.0   0.0   0.4     0     0   0.0     0   0.0     0   0.0   0.2     0     0
0.213   1.457  0.8805    0.0   0.0  0.015276  0.004407   0.0     0   0.0   0.0   0.0   0.4     0     0   0.0     0   0.0     0   0.0   0.2     0     0
0.134   1.256  0.8990    0.0   0.0  0.017269  0.004503   0.0     0   0.0   0.0   0.0   0.4     0     0   0.0     0   0.0     0   0.0   0.2     0     0
0.082   1.019  0.9355    0.0   0.0  0.014523  0.004681   0.0     0   0.0   0.0   0.0   0.4     0     0   0.0     0   0.0     0   0.0   0.2     0     0
0.063   0.887  0.9405    0.0   0.0  0.016317  0.004708   0.0     0   0.0   0.0   0.0   0.4     0     0   0.0     0   0.0     0   0.0   0.2     0     0
0.519   2.377  0.7305    0.0   0.0  0.026145  0.004431   0.0     0   0.0   0.0   0.0   0.4     0     0   0.0     0   0.0     0   0.0   0.2     0     0
0.448   2.320  0.7830    0.0   0.0  0.022544  0.003944   0.0     0   0.0   0.0   0.0   0.4     0     0   0.0     0   0.0     0   0.0   0.2     0     0
0.404   2.277  0.8090    0.0   0.0  0.017835  0.004055   0.0     0   0.0   0.0   0.0   0.4     0     0   0.0     0   0.0     0   0.0   0.2     0     0
0.344   2.206  0.8865    0.0   0.0  0.015380  0.004437   0.0     0   0.0   0.0   0.0   0.4     0     0   0.0     0   0.0     0   0.0   0.2     0     0
0.281   2.105  0.8515    0.0   0.0  0.010253  0.004258   0.0     0   0.0   0.0   0.0   0.4     0     0   0.0     0   0.0     0   0.0   0.2     0     0
0.229   1.993  0.8630    0.0   0.0  0.014181  0.004318   0.0     0   0.0   0.0   0.0   0.4     0     0   0.0     0   0.0     0   0.0   0.2     0     0
0.187   1.869  0.8865    0.0   0.0  0.012968  0.004434   0.0     0   0.0   0.0   0.0   0.4     0     0   0.0     0   0.0     0   0.0   0.2     0     0
0.152   1.736  0.9015    0.0   0.0  0.012394  0.004509   0.0     0   0.0   0.0   0.0   0.4     0     0   0.0     0   0.0     0   0.0   0.2     0     0
0.123   1.592  0.9200    0.0   0.0  0.011853  0.004601   0.0     0   0.0   0.0   0.0   0.4     0     0   0.0     0   0.0     0   0.0   0.2     0     0
0.078   1.272  0.9310    0.0   0.0  0.014453  0.004658   0.0     0   0.0   0.0   0.0   0.4     0     0   0.0     0   0.0     0   0.0   0.2     0     0
0.601   3.502  0.7235    0.0   0.0  0.013438  0.004344   0.0     0   0.0   0.0   0.0   0.4     0     0   0.0     0   0.0     0   0.0   0.2     0     0
0.548   3.449  0.7700    0.0   0.0  0.014302  0.004623   0.0     0   0.0   0.0   0.0   0.4     0     0   0.0     0   0.0     0   0.0   0.2     0     0
0.493   3.384  0.7580    0.0   0.0  0.013853  0.003794   0.0     0   0.0   0.0   0.0   0.4     0     0   0.0     0   0.0     0   0.0   0.2     0     0
0.440   3.310  0.7755    0.0   0.0  0.011345  0.003879   0.0     0   0.0   0.0   0.0   0.4     0     0   0.0     0   0.0     0   0.0   0.2     0     0
0.372   3.189  0.8150    0.0   0.0  0.010501  0.004076   0.0     0   0.0   0.0   0.0   0.4     0     0   0.0     0   0.0     0   0.0   0.2     0     0
0.313   3.055  0.8350    0.0   0.0  0.010758  0.004176   0.0     0   0.0   0.0   0.0   0.4     0     0   0.0     0   0.0     0   0.0   0.2     0     0
0.249   2.852  0.8435    0.0   0.0  0.010157  0.004218   0.0     0   0.0   0.0   0.0   0.4     0     0   0.0     0   0.0     0   0.0   0.2     0     0
0.185   2.576  0.8925    0.0   0.0  0.014665  0.004466   0.0     0   0.0   0.0   0.0   0.4     0     0   0.0     0   0.0     0   0.0   0.2     0     0
0.153   2.391  0.8800    0.0   0.0  0.016083  0.004406   0.0     0   0.0   0.0   0.0   0.4     0     0   0.0     0   0.0     0   0.0   0.2     0     0
0.127   2.193  0.9080    0.0   0.0  0.019154  0.004552   0.0     0   0.0   0.0   0.0   0.4     0     0   0.0     0   0.0     0   0.0   0.2     0     0
0.103   1.983  0.9090    0.0   0.0  0.013298  0.004547   0.0     0   0.0   0.0   0.0   0.4     0     0   0.0     0   0.0     0   0.0   0.2     0     0
0.083   1.759  0.9325    0.0   0.0  0.015323  0.004667   0.0     0   0.0   0.0   0.0   0.4     0     0   0.0     0   0.0     0   0.0   0.2     0     0
0.066   1.523  0.9055    0.0   0.0  0.027836  0.004587   0.0     0   0.0   0.0   0.0   0.4     0     0   0.0     0   0.0     0   0.0   0.2     0     0
0.747   7.319  0.7225    0.0   0.0  0.012535  0.003615   0.0     0   0.0   0.0   0.0   0.4     0     0   0.0     0   0.0     0   0.0   0.2     0     0
0.703   7.144  0.7160    0.0   0.0  0.009225  0.003581   0.0     0   0.0   0.0   0.0   0.4     0     0   0.0     0   0.0     0   0.0   0.2     0     0
0.659   6.955  0.7135    0.0   0.0  0.009193  0.003568   0.0     0   0.0   0.0   0.0   0.4     0     0   0.0     0   0.0     0   0.0   0.2     0     0
0.616   6.757  0.7325    0.0   0.0  0.010070  0.003663   0.0     0   0.0   0.0   0.0   0.4     0     0   0.0     0   0.0     0   0.0   0.2     0     0
0.536   6.341  0.7555    0.0   0.0  0.009734  0.003778   0.0     0   0.0   0.0   0.0   0.4     0     0   0.0     0   0.0     0   0.0   0.2     0     0
0.426   5.648  0.7725    0.0   0.0  0.008065  0.003863   0.0     0   0.0   0.0   0.0   0.4     0     0   0.0     0   0.0     0   0.0   0.2     0     0
0.353   5.090  0.8135    0.0   0.0  0.008493  0.004068   0.0     0   0.0   0.0   0.0   0.4     0     0   0.0     0   0.0     0   0.0   0.2     0     0
0.263   4.252  0.8550    0.0   0.0  0.012508  0.004277   0.0     0   0.0   0.0   0.0   0.4     0     0   0.0     0   0.0     0   0.0   0.2     0     0
0.174   3.198  0.8655    0.0   0.0  0.020736  0.004346   0.0     0   0.0   0.0   0.0   0.4     0     0   0.0     0   0.0     0   0.0   0.2     0     0
0.804  10.125  0.7410    0.0   0.0  0.012176  0.003707   0.0     0   0.0   0.0   0.0   0.4     0     0   0.0     0   0.0     0   0.0   0.2     0     0
0.759   9.881  0.7160    0.0   0.0  0.012422  0.003582   0.0     0   0.0   0.0   0.0   0.4     0     0   0.0     0   0.0     0   0.0   0.2     0     0
0.690   9.471  0.7325    0.0   0.0  0.013387  0.003666   0.0     0   0.0   0.0   0.0   0.4     0     0   0.0     0   0.0     0   0.0   0.2     0     0
0.607   8.912  0.7320    0.0   0.0  0.010708  0.003661   0.0     0   0.0   0.0   0.0   0.4     0     0   0.0     0   0.0     0   0.0   0.2     0     0
0.529   8.314  0.7395    0.0   0.0  0.010818  0.003699   0.0     0   0.0   0.0   0.0   0.4     0     0   0.0     0   0.0     0   0.0   0.2     0     0
0.421   7.332  0.7810    0.0   0.0  0.011425  0.003906   0.0     0   0.0   0.0   0.0   0.4     0     0   0.0     0   0.0     0   0.0   0.2     0     0
0.350   6.558  0.7935    0.0   0.0  0.013039  0.003970   0.0     0   0.0   0.0   0.0   0.4     0     0   0.0     0   0.0     0   0.0   0.2     0     0
0.262   5.416  0.8515    0.0   0.0  0.013219  0.004260   0.0     0   0.0   0.0   0.0   0.4     0     0   0.0     0   0.0     0   0.0   0.2     0     0
0.174   4.018  0.8995    0.0   0.0  0.019830  0.004512   0.0     0   0.0   0.0   0.0   0.4     0     0   0.0     0   0.0     0   0.0   0.2     0     0
0.820  13.904  0.7340    0.0   0.0  0.019859  0.004419   0.0     0   0.0   0.0   0.0   0.4     0     0   0.0     0   0.0     0   0.0   0.2     0     0
0.787  13.641  0.7075    0.0   0.0  0.015597  0.003544   0.0     0   0.0   0.0   0.0   0.4     0     0   0.0     0   0.0     0   0.0   0.2     0     0
0.749  13.318  0.7190    0.0   0.0  0.011814  0.003597   0.0     0   0.0   0.0   0.0   0.4     0     0   0.0     0   0.0     0   0.0   0.2     0     0
0.675  12.643  0.7200    0.0   0.0  0.011177  0.003601   0.0     0   0.0   0.0   0.0   0.4     0     0   0.0     0   0.0     0   0.0   0.2     0     0
0.596  11.844  0.7085    0.0   0.0  0.012292  0.003545   0.0     0   0.0   0.0   0.0   0.4     0     0   0.0     0   0.0     0   0.0   0.2     0     0
0.521  10.978  0.7490    0.0   0.0  0.012307  0.003747   0.0     0   0.0   0.0   0.0   0.4     0     0   0.0     0   0.0     0   0.0   0.2     0     0
0.415   9.576  0.7775    0.0   0.0  0.011374  0.003889   0.0     0   0.0   0.0   0.0   0.4     0     0   0.0     0   0.0     0   0.0   0.2     0     0
0.519   2.501  0.7875    0.0   0.0  0.008222  0.003938   0.0     0   0.0   0.0   0.0   0.4     0     0   0.0     0   0.0     0   0.0   0.2     0     0
0.485   2.435  0.8040    0.0   0.0  0.013211  0.004023   0.0     0   0.0   0.0   0.0   0.4     0     0   0.0     0   0.0     0   0.0   0.2     0     0
0.421   2.291  0.7970    0.0   0.0  0.010957  0.003986   0.0     0   0.0   0.0   0.0   0.4     0     0   0.0     0   0.0     0   0.0   0.2     0     0
0.326   2.028  0.8255    0.0   0.0  0.009940  0.004128   0.0     0   0.0   0.0   0.0   0.4     0     0   0.0     0   0.0     0   0.0   0.2     0     0
0.243   1.727  0.8425    0.0   0.0  0.010855  0.004213   0.0     0   0.0   0.0   0.0   0.4     0     0   0.0     0   0.0     0   0.0   0.2     0     0
0.173   1.395  0.9070    0.0   0.0  0.014904  0.004539   0.0     0   0.0   0.0   0.0   0.4     0     0   0.0     0   0.0     0   0.0   0.2     0     0
0.720   6.037  0.7235    0.0   0.0  0.020128  0.003638   0.0     0   0.0   0.0   0.0   0.4     0     0   0.0     0   0.0     0   0.0   0.2     0     0
0.651   5.775  0.7330    0.0   0.0  0.031900  0.003797   0.0     0   0.0   0.0   0.0   0.4     0     0   0.0     0   0.0     0   0.0   0.2     0     0
0.614   5.621  0.7410    0.0   0.0  0.027864  0.003780   0.0     0   0.0   0.0   0.0   0.4     0     0   0.0     0   0.0     0   0.0   0.2     0     0
0.544   5.303  0.7440    0.0   0.0  0.019977  0.003739   0.0     0   0.0   0.0   0.0   0.4     0     0   0.0     0   0.0     0   0.0   0.2     0     0
0.432   4.693  0.7735    0.0   0.0  0.022271  0.003896   0.0     0   0.0   0.0   0.0   0.4     0     0   0.0     0   0.0     0   0.0   0.2     0     0
0.358   4.208  0.7915    0.0   0.0  0.015204  0.003963   0.0     0   0.0   0.0   0.0   0.4     0     0   0.0     0   0.0     0   0.0   0.2     0     0
0.267   3.488  0.8680    0.0   0.0  0.015059  0.004344   0.0     0   0.0   0.0   0.0   0.4     0     0   0.0     0   0.0     0   0.0   0.2     0     0
0.176   2.598  0.9095    0.0   0.0  0.020919  0.004565   0.0     0   0.0   0.0   0.0   0.4     0     0   0.0     0   0.0     0   0.0   0.2     0     0
0.791   9.224  0.7070    0.0   0.0  0.014914  0.003541   0.0     0   0.0   0.0   0.0   0.4     0     0   0.0     0   0.0     0   0.0   0.2     0     0
0.747   8.979  0.7255    0.0   0.0  0.019481  0.003645   0.0     0   0.0   0.0   0.0   0.4     0     0   0.0     0   0.0     0   0.0   0.2     0     0
0.690   8.633  0.7160    0.0   0.0  0.011115  0.003581   0.0     0   0.0   0.0   0.0   0.4     0     0   0.0     0   0.0     0   0.0   0.2     0     0
0.609   8.098  0.7055    0.0   0.0  0.012893  0.003530   0.0     0   0.0   0.0   0.0   0.4     0     0   0.0     0   0.0     0   0.0   0.2     0     0
0.533   7.521  0.7610    0.0   0.0  0.011132  0.003806   0.0     0   0.0   0.0   0.0   0.4     0     0   0.0     0   0.0     0   0.0   0.2     0     0
0.424   6.571  0.7780    0.0   0.0  0.013498  0.003893   0.0     0   0.0   0.0   0.0   0.4     0     0   0.0     0   0.0     0   0.0   0.2     0     0
0.353   5.836  0.8175    0.0   0.0  0.014940  0.004092   0.0     0   0.0   0.0   0.0   0.4     0     0   0.0     0   0.0     0   0.0   0.2     0     0
0.264   4.773  0.8485    0.0   0.0  0.017097  0.004250   0.0     0   0.0   0.0   0.0   0.4     0     0   0.0     0   0.0     0   0.0   0.2     0     0
0.176   3.500  0.8760    0.0   0.0  0.023522  0.004411   0.0     0   0.0   0.0   0.0   0.4     0     0   0.0     0   0.0     0   0.0   0.2     0     0
0.818  12.404  0.7170    0.0   0.0  0.019948  0.003605   0.0     0   0.0   0.0   0.0   0.4     0     0   0.0     0   0.0     0   0.0   0.2     0     0
0.762  11.955  0.6990    0.0   0.0  0.012127  0.003497   0.0     0   0.0   0.0   0.0   0.4     0     0   0.0     0   0.0     0   0.0   0.2     0     0
0.678  11.236  0.7140    0.0   0.0  0.012387  0.003572   0.0     0   0.0   0.0   0.0   0.4     0     0   0.0     0   0.0     0   0.0   0.2     0     0
0.599  10.475  0.7235    0.0   0.0  0.010584  0.003619   0.0     0   0.0   0.0   0.0   0.4     0     0   0.0     0   0.0     0   0.0   0.2     0     0
0.523   9.656  0.7455    0.0   0.0  0.013625  0.003731   0.0     0   0.0   0.0   0.0   0.4     0     0   0.0     0   0.0     0   0.0   0.2     0     0
0.417   8.349  0.7965    0.0   0.0  0.012365  0.003984   0.0     0   0.0   0.0   0.0   0.4     0     0   0.0     0   0.0     0   0.0   0.2     0     0
0.347   7.355  0.8010    0.0   0.0  0.015387  0.004010   0.0     0   0.0   0.0   0.0   0.4     0     0   0.0     0   0.0     0   0.0   0.2     0     0
0.259   5.941  0.8445    0.0   0.0  0.017016  0.004230   0.0     0   0.0   0.0   0.0   0.4     0     0   0.0     0   0.0     0   0.0   0.2     0     0
0.172   4.290  0.9005    0.0   0.0  0.024180  0.004536   0.0     0   0.0   0.0   0.0   0.4     0     0   0.0     0   0.0     0   0.0   0.2     0     0
0.865  17.103  0.6905    0.0   0.0  0.042436  0.004507   0.0     0   0.0   0.0   0.0   0.4     0     0   0.0     0   0.0     0   0.0   0.2     0     0
0.807  16.460  0.7065    0.0   0.0  0.023099  0.003569   0.0     0   0.0   0.0   0.0   0.4     0     0   0.0     0   0.0     0   0.0   0.2     0     0
0.742  15.706  0.7170    0.0   0.0  0.021342  0.003611   0.0     0   0.0   0.0   0.0   0.4     0     0   0.0     0   0.0     0   0.0   0.2     0     0
0.670  14.778  0.7080    0.0   0.0  0.016962  0.003550   0.0     0   0.0   0.0   0.0   0.4     0     0   0.0     0   0.0     0   0.0   0.2     0     0
0.592  13.694  0.7315    0.0   0.0  0.014739  0.003663   0.0     0   0.0   0.0   0.0   0.4     0     0   0.0     0   0.0     0   0.0   0.2     0     0
0.517  12.547  0.7330    0.0   0.0  0.015463  0.003671   0.0     0   0.0   0.0   0.0   0.4     0     0   0.0     0   0.0     0   0.0   0.2     0     0
0.413  10.743  0.7675    0.0   0.0  0.017653  0.003848   0.0     0   0.0   0.0   0.0   0.4     0     0   0.0     0   0.0     0   0.0   0.2     0     0
0.343   9.391  0.8155    0.0   0.0  0.017978  0.004088   0.0     0   0.0   0.0   0.0   0.4     0     0   0.0     0   0.0     0   0.0   0.2     0     0
0.257   7.502  0.8650    0.0   0.0  0.023226  0.004354   0.0     0   0.0   0.0   0.0   0.4     0     0   0.0     0   0.0     0   0.0   0.2     0     0
0.171   5.350  0.8880    0.0   0.0  0.027298  0.004496   0.0     0   0.0   0.0   0.0   0.4     0     0   0.0     0   0.0     0   0.0   0.2     0     0
0.860  19.106  0.8440    0.0   0.0  0.038502  0.005265   0.0     0   0.0   0.0   0.0   0.4     0     0   0.0     0   0.0     0   0.0   0.2     0     0
0.806  18.359  0.7695    0.0   0.0  0.025159  0.003895   0.0     0   0.0   0.0   0.0   0.4     0     0   0.0     0   0.0     0   0.0   0.2     0     0
0.740  17.398  0.7215    0.0   0.0  0.027131  0.003677   0.0     0   0.0   0.0   0.0   0.4     0     0   0.0     0   0.0     0   0.0   0.2     0     0